0.000	0.000	0.000	0.000E+0	0.000E+0	0.000E+0
0.002	0.000	0.000	0.000E+0	0.000E+0	0.000E+0
0.202	1.130	0.000	1.114E+0	1.114E+0	0.000E+0
0.404	1.130	0.000	1.114E+0	1.114E+0	0.000E+0
0.603	1.130	0.000	1.130E+0	1.130E+0	0.000E+0
0.804	1.130	0.000	1.130E+0	1.130E+0	0.000E+0
1.005	1.130	0.000	1.130E+0	1.130E+0	0.000E+0
1.206	1.130	0.000	1.130E+0	1.130E+0	0.000E+0
1.407	1.130	0.000	1.130E+0	1.130E+0	0.000E+0
1.606	0.810	0.000	1.130E+0	1.130E+0	0.000E+0
1.806	0.810	0.000	1.130E+0	1.130E+0	0.000E+0
2.008	0.810	0.000	8.100E-1	8.100E-1	0.000E+0
2.210	0.810	0.000	8.100E-1	8.100E-1	0.000E+0
2.410	0.810	0.000	8.100E-1	8.100E-1	0.000E+0
2.609	1.030	0.000	8.100E-1	8.100E-1	0.000E+0
2.810	1.030	0.000	1.030E+0	1.030E+0	0.000E+0
3.010	1.030	0.000	1.030E+0	1.030E+0	0.000E+0
3.209	1.030	0.000	1.030E+0	1.030E+0	0.000E+0
3.410	1.030	0.000	1.030E+0	1.030E+0	0.000E+0
3.610	1.230	0.000	1.030E+0	1.030E+0	0.000E+0
3.811	1.230	0.000	1.230E+0	1.230E+0	0.000E+0
4.010	1.230	0.000	1.230E+0	1.230E+0	0.000E+0
4.212	1.230	0.000	1.230E+0	1.230E+0	0.000E+0
4.413	1.230	0.000	1.230E+0	1.230E+0	0.000E+0
4.613	1.130	0.000	1.230E+0	1.230E+0	0.000E+0
4.814	1.130	0.000	1.130E+0	1.130E+0	0.000E+0
5.014	1.130	0.000	1.130E+0	1.130E+0	0.000E+0
5.215	1.130	0.000	1.130E+0	1.130E+0	0.000E+0
5.416	1.130	0.000	1.130E+0	1.130E+0	0.000E+0
5.616	1.180	0.000	1.130E+0	0.000E+0	0.000E+0
5.815	1.180	0.000	1.130E+0	0.000E+0	0.000E+0
6.016	1.180	0.000	1.076E+0	1.076E+0	0.000E+0
6.216	1.180	0.000	1.076E+0	1.076E+0	0.000E+0
6.418	1.180	0.000	1.180E+0	1.180E+0	0.000E+0
6.618	1.180	0.000	1.180E+0	1.180E+0	0.000E+0
6.819	1.180	0.000	1.180E+0	1.180E+0	0.000E+0
7.018	1.180	0.000	1.180E+0	1.180E+0	0.000E+0
7.219	1.180	0.000	1.180E+0	1.180E+0	0.000E+0
7.420	1.100	0.000	1.180E+0	1.180E+0	0.000E+0
7.621	1.100	0.000	1.100E+0	1.100E+0	0.000E+0
7.822	1.100	0.000	1.100E+0	1.100E+0	0.000E+0
8.021	1.100	0.000	1.100E+0	1.100E+0	0.000E+0
8.221	1.130	0.000	1.100E+0	1.100E+0	0.000E+0
8.421	1.130	0.000	1.100E+0	1.100E+0	1.000E+3
8.622	1.130	0.000	1.130E+0	1.130E+0	1.000E+3
8.823	1.130	0.000	1.130E+0	1.130E+0	1.000E+3
9.022	1.130	0.000	1.130E+0	1.130E+0	1.000E+3
9.224	1.070	0.000	1.130E+0	1.130E+0	1.000E+3
9.423	1.070	0.000	1.130E+0	1.130E+0	1.000E+3
9.625	1.070	0.000	1.070E+0	1.070E+0	1.000E+3
9.825	1.070	0.000	1.070E+0	1.070E+0	1.000E+3
10.026	1.070	0.000	1.070E+0	1.070E+0	1.000E+3
10.226	1.090	0.000	1.070E+0	1.070E+0	1.000E+3
10.427	1.090	0.000	1.070E+0	1.070E+0	1.000E+3
10.627	1.090	0.000	1.090E+0	1.090E+0	1.000E+3
10.827	1.090	0.000	1.090E+0	1.090E+0	1.000E+3
11.026	1.090	0.000	1.090E+0	1.090E+0	1.000E+3
11.226	2.530	0.690	1.090E+0	3.542E-2	1.000E+3
11.426	2.530	0.690	1.090E+0	3.542E-2	1.000E+3
11.628	2.530	0.690	1.090E+0	3.542E-2	1.000E+3
11.827	2.530	0.690	1.463E+0	1.463E+0	1.000E+3
12.029	2.530	0.690	2.530E+0	2.530E+0	1.000E+3
12.230	2.530	0.690	2.530E+0	2.530E+0	1.000E+3
12.431	2.530	0.690	2.530E+0	2.530E+0	1.000E+3
12.630	2.530	0.690	2.530E+0	2.530E+0	1.000E+3
12.831	2.530	0.690	2.530E+0	2.530E+0	1.000E+3
13.030	81.890	75.110	2.530E+0	2.530E+0	1.000E+3
13.231	81.890	75.110	2.530E+0	2.530E+0	1.000E+3
13.431	81.890	75.110	8.189E+1	8.189E+1	1.000E+3
13.631	81.890	75.110	8.189E+1	8.189E+1	1.000E+3
13.833	34.470	30.410	8.189E+1	8.189E+1	1.000E+3
14.035	34.470	30.410	8.189E+1	8.189E+1	1.000E+3
14.235	34.470	30.410	3.447E+1	3.447E+1	1.000E+3
14.435	34.470	30.410	3.447E+1	3.447E+1	1.000E+3
14.636	34.470	30.410	3.447E+1	3.447E+1	1.000E+3
14.838	34.470	30.410	3.447E+1	3.447E+1	1.000E+3
15.037	34.470	30.410	3.447E+1	3.447E+1	1.000E+3
15.237	25.190	21.550	3.447E+1	3.447E+1	1.000E+3
15.438	25.190	21.550	3.447E+1	3.447E+1	1.000E+3
15.638	25.190	21.550	2.519E+1	2.519E+1	1.000E+3
15.838	25.190	21.550	2.519E+1	2.519E+1	1.000E+3
16.039	25.120	21.290	2.519E+1	2.519E+1	1.000E+3
16.239	25.120	21.290	2.519E+1	2.519E+1	1.000E+3
16.440	25.120	21.290	2.512E+1	2.512E+1	1.000E+3
16.639	25.120	21.290	2.512E+1	2.512E+1	1.000E+3
16.840	25.120	21.290	2.512E+1	2.512E+1	1.000E+3
17.040	25.120	21.290	2.512E+1	2.512E+1	1.000E+3
17.239	25.250	21.180	2.512E+1	3.302E+1	1.000E+3
17.440	25.250	21.180	2.512E+1	3.302E+1	1.000E+3
17.640	25.250	21.180	2.512E+1	3.302E+1	1.000E+3
17.841	25.250	21.180	3.830E+1	3.830E+1	1.000E+3
18.041	25.250	21.180	2.525E+1	2.525E+1	1.000E+3
18.241	25.250	21.180	2.525E+1	2.525E+1	1.000E+3
18.441	25.250	21.180	2.525E+1	2.525E+1	1.000E+3
18.642	25.250	21.180	2.525E+1	2.525E+1	1.000E+3
18.842	25.250	21.180	2.525E+1	2.525E+1	1.000E+3
19.042	15.310	11.350	2.525E+1	2.525E+1	1.000E+3
19.244	15.310	11.350	2.525E+1	2.525E+1	1.000E+3
19.444	15.310	11.350	1.531E+1	1.531E+1	1.000E+3
19.643	15.310	11.350	1.531E+1	1.531E+1	1.000E+3
19.843	15.310	11.350	1.531E+1	1.531E+1	1.000E+3
20.045	9.280	6.140	1.531E+1	1.531E+1	1.000E+3
20.245	9.280	6.140	1.531E+1	1.531E+1	1.000E+3
20.445	9.280	6.140	9.280E+0	9.280E+0	1.000E+3
20.645	9.280	6.140	9.280E+0	9.280E+0	1.000E+3
20.847	9.280	6.140	9.280E+0	9.280E+0	1.000E+3
21.047	10.190	6.490	9.280E+0	9.280E+0	1.000E+3
21.249	10.190	6.490	1.019E+1	1.019E+1	1.000E+3
21.449	10.190	6.490	1.019E+1	1.019E+1	1.000E+3
21.648	10.190	6.490	1.019E+1	1.019E+1	1.000E+3
21.849	10.190	6.490	1.019E+1	1.019E+1	1.000E+3
22.049	9.160	5.930	1.019E+1	1.019E+1	1.000E+3
22.249	9.160	5.930	9.160E+0	9.160E+0	1.000E+3
22.448	9.160	5.930	9.160E+0	9.160E+0	1.000E+3
22.648	9.160	5.930	9.160E+0	9.160E+0	1.000E+3
22.849	9.160	5.930	9.160E+0	9.160E+0	1.000E+3
23.048	10.110	5.760	9.160E+0	7.148E+0	1.000E+3
23.249	10.110	5.760	9.160E+0	7.148E+0	1.000E+3
23.449	10.110	5.760	1.065E+1	1.065E+1	1.000E+3
23.649	10.110	5.760	1.065E+1	1.065E+1	1.000E+3
23.850	10.110	5.760	1.011E+1	1.011E+1	1.000E+3
24.050	10.110	5.760	1.011E+1	1.011E+1	1.000E+3
24.249	10.110	5.760	1.011E+1	1.011E+1	1.000E+3
24.450	10.110	5.760	1.011E+1	1.011E+1	1.000E+3
24.650	10.110	5.760	1.011E+1	1.011E+1	1.000E+3
24.850	9.280	5.800	1.011E+1	1.011E+1	1.000E+3
25.051	9.280	5.800	9.280E+0	9.280E+0	1.000E+3
25.251	9.280	5.800	9.280E+0	9.280E+0	1.000E+3
25.451	9.280	5.800	9.280E+0	9.280E+0	1.000E+3
25.651	9.280	5.800	9.280E+0	9.280E+0	1.000E+3
25.852	9.390	5.820	9.280E+0	9.280E+0	1.000E+3
26.053	9.390	5.820	9.390E+0	9.390E+0	1.000E+3
26.254	9.390	5.820	9.390E+0	9.390E+0	1.000E+3
26.455	9.390	5.820	9.390E+0	9.390E+0	1.000E+3
26.655	9.510	5.910	9.390E+0	9.390E+0	1.000E+3
26.856	9.510	5.910	9.390E+0	9.390E+0	1.000E+3
27.056	9.510	5.910	9.510E+0	9.510E+0	1.000E+3
27.256	9.510	5.910	9.510E+0	9.510E+0	1.000E+3
27.455	9.510	5.910	9.510E+0	9.510E+0	1.000E+3
27.656	9.790	5.900	9.510E+0	9.510E+0	1.000E+3
27.856	9.790	5.900	9.510E+0	9.510E+0	1.000E+3
28.057	9.790	5.900	9.790E+0	9.790E+0	1.000E+3
28.258	9.790	5.900	9.790E+0	9.790E+0	1.000E+3
28.458	9.790	5.900	9.790E+0	9.790E+0	1.000E+3
28.658	9.200	5.860	9.790E+0	5.871E+0	1.000E+3
28.858	9.200	5.860	9.790E+0	5.871E+0	1.000E+3
29.058	9.200	5.860	9.790E+0	5.871E+0	1.000E+3
29.258	9.200	5.860	9.309E+0	9.309E+0	1.000E+3
29.459	9.200	5.860	9.200E+0	9.200E+0	1.000E+3
29.658	9.200	5.860	9.200E+0	9.200E+0	1.000E+3
29.859	9.200	5.860	9.200E+0	9.200E+0	1.000E+3
30.058	9.200	5.860	9.200E+0	9.200E+0	1.000E+3
30.258	9.200	5.860	9.200E+0	9.200E+0	1.000E+3
30.458	9.330	5.880	9.200E+0	9.200E+0	1.000E+3
30.658	9.330	5.880	9.200E+0	9.200E+0	1.000E+3
30.859	9.330	5.880	9.330E+0	9.330E+0	1.000E+3
31.058	9.330	5.880	9.330E+0	9.330E+0	1.000E+3
31.259	9.330	5.880	9.330E+0	9.330E+0	1.000E+3
31.459	9.230	5.920	9.330E+0	9.330E+0	1.000E+3
31.660	9.230	5.920	9.330E+0	9.330E+0	1.000E+3
31.862	9.230	5.920	9.230E+0	9.230E+0	1.000E+3
32.061	9.230	5.920	9.230E+0	9.230E+0	1.000E+3
32.261	9.230	5.920	9.230E+0	9.230E+0	1.000E+3
32.461	9.080	5.910	9.230E+0	9.230E+0	1.000E+3
32.661	9.080	5.910	9.230E+0	9.230E+0	1.000E+3
32.861	9.080	5.910	9.080E+0	9.080E+0	1.000E+3
33.062	9.080	5.910	9.080E+0	9.080E+0	1.000E+3
33.263	9.080	5.910	9.080E+0	9.080E+0	1.000E+3
33.464	9.590	5.900	9.080E+0	9.080E+0	1.000E+3
33.663	9.590	5.900	9.080E+0	9.080E+0	1.000E+3
33.865	9.590	5.900	9.590E+0	9.590E+0	1.000E+3
34.065	9.590	5.900	9.590E+0	9.590E+0	1.000E+3
34.265	9.590	5.900	9.590E+0	9.590E+0	1.000E+3
34.466	10.060	5.910	9.590E+0	5.915E+0	1.000E+3
34.668	10.060	5.910	9.590E+0	5.915E+0	1.000E+3
34.868	10.060	5.910	9.590E+0	5.915E+0	1.000E+3
35.069	10.060	5.910	9.516E+0	9.516E+0	1.000E+3
35.268	10.060	5.910	1.006E+1	1.006E+1	1.000E+3
35.468	10.060	5.910	1.006E+1	1.006E+1	1.000E+3
35.670	10.060	5.910	1.006E+1	1.006E+1	1.000E+3
35.869	10.060	5.910	1.006E+1	1.006E+1	1.000E+3
36.070	10.060	5.910	1.006E+1	1.006E+1	1.000E+3
36.270	10.060	5.910	1.006E+1	1.006E+1	1.000E+3
36.470	8.970	5.880	1.006E+1	1.006E+1	1.000E+3
36.672	8.970	5.880	1.006E+1	1.006E+1	1.000E+3
36.871	8.970	5.880	8.970E+0	8.970E+0	1.000E+3
37.072	8.970	5.880	8.970E+0	8.970E+0	1.000E+3
37.272	9.090	5.840	8.970E+0	8.970E+0	1.000E+3
37.473	9.090	5.840	8.970E+0	8.970E+0	1.000E+3
37.672	9.090	5.840	9.090E+0	9.090E+0	1.000E+3
37.872	9.090	5.840	9.090E+0	9.090E+0	1.000E+3
38.074	9.090	5.840	9.090E+0	9.090E+0	1.000E+3
38.273	12.260	7.890	9.090E+0	9.090E+0	1.000E+3
38.474	12.260	7.890	9.090E+0	9.090E+0	1.000E+3
38.674	12.260	7.890	1.226E+1	1.226E+1	1.000E+3
38.874	12.260	7.890	1.226E+1	1.226E+1	1.000E+3
39.075	12.260	7.890	1.226E+1	1.226E+1	1.000E+3
39.274	12.520	8.360	1.226E+1	1.226E+1	1.000E+3
39.475	12.520	8.360	1.226E+1	1.226E+1	1.000E+3
39.676	12.520	8.360	1.252E+1	1.252E+1	1.000E+3
39.875	12.520	8.360	1.252E+1	1.252E+1	1.000E+3
40.075	12.520	8.360	1.252E+1	1.252E+1	1.000E+3
40.275	11.620	8.420	1.252E+1	7.304E+0	1.000E+3
40.477	11.620	8.420	1.252E+1	7.304E+0	1.000E+3
40.676	11.620	8.420	1.252E+1	7.304E+0	1.000E+3
40.877	11.620	8.420	1.073E+1	1.073E+1	1.000E+3
41.077	11.620	8.420	1.162E+1	1.162E+1	1.000E+3
41.277	11.620	8.420	1.162E+1	1.162E+1	1.000E+3
41.478	11.620	8.420	1.162E+1	1.162E+1	1.000E+3
41.678	11.620	8.420	1.162E+1	1.162E+1	1.000E+3
41.878	11.620	8.420	1.162E+1	1.162E+1	1.000E+3
42.080	11.620	8.420	1.162E+1	1.162E+1	1.000E+3
42.280	12.290	8.510	1.162E+1	1.162E+1	1.000E+3
42.480	12.290	8.510	1.229E+1	1.229E+1	1.000E+3
42.680	12.290	8.510	1.229E+1	1.229E+1	1.000E+3
42.880	12.290	8.510	1.229E+1	1.229E+1	1.000E+3
43.080	12.290	8.510	1.229E+1	1.229E+1	1.000E+3
43.280	12.090	8.520	1.229E+1	1.229E+1	1.000E+3
43.480	12.090	8.520	1.229E+1	1.229E+1	1.000E+3
43.682	12.090	8.520	1.209E+1	1.209E+1	1.000E+3
43.881	12.090	8.520	1.209E+1	1.209E+1	1.000E+3
44.083	12.060	8.490	1.209E+1	1.209E+1	1.000E+3
44.283	12.060	8.490	1.206E+1	1.206E+1	1.000E+3
44.484	12.060	8.490	1.206E+1	1.206E+1	1.000E+3
44.683	12.060	8.490	1.206E+1	1.206E+1	1.000E+3
44.883	12.060	8.490	1.206E+1	1.206E+1	1.000E+3
45.085	11.190	8.470	1.206E+1	1.206E+1	1.000E+3
45.286	11.190	8.470	1.119E+1	1.119E+1	1.000E+3
45.485	11.190	8.470	1.119E+1	1.119E+1	1.000E+3
45.685	11.190	8.470	1.119E+1	1.119E+1	1.000E+3
45.885	11.190	8.470	1.119E+1	1.119E+1	1.000E+3
46.086	11.910	8.510	1.119E+1	8.518E+0	1.000E+3
46.285	11.910	8.510	1.119E+1	8.518E+0	1.000E+3
46.486	11.910	8.510	1.216E+1	1.216E+1	1.000E+3
46.686	11.910	8.510	1.216E+1	1.216E+1	1.000E+3
46.886	11.910	8.510	1.191E+1	1.191E+1	1.000E+3
47.086	11.910	8.510	1.191E+1	1.191E+1	1.000E+3
47.286	11.910	8.510	1.191E+1	1.191E+1	1.000E+3
47.486	11.910	8.510	1.191E+1	1.191E+1	1.000E+3
47.686	11.910	8.510	1.191E+1	1.191E+1	1.000E+3
47.887	12.870	8.510	1.191E+1	1.191E+1	1.000E+3
48.086	12.870	8.510	1.191E+1	1.191E+1	1.000E+3
48.287	12.870	8.510	1.287E+1	1.287E+1	1.000E+3
48.486	12.870	8.510	1.287E+1	1.287E+1	1.000E+3
48.686	11.970	8.720	1.287E+1	1.287E+1	1.000E+3
48.886	11.970	8.720	1.287E+1	1.287E+1	1.000E+3
49.086	11.970	8.720	1.197E+1	1.197E+1	1.000E+3
49.287	11.970	8.720	1.197E+1	1.197E+1	1.000E+3
49.488	11.970	8.720	1.197E+1	1.197E+1	1.000E+3
49.687	13.470	10.520	1.197E+1	1.197E+1	1.000E+3
49.888	13.470	10.520	1.197E+1	1.197E+1	1.000E+3
50.088	13.470	10.520	1.347E+1	1.347E+1	1.000E+3
50.288	13.470	10.520	1.347E+1	1.347E+1	1.000E+3
50.487	13.470	10.520	1.347E+1	1.347E+1	1.000E+3
50.689	13.500	10.350	1.347E+1	1.347E+1	1.000E+3
50.889	13.500	10.350	1.347E+1	1.347E+1	1.000E+3
51.089	13.500	10.350	1.350E+1	1.350E+1	1.000E+3
51.289	13.500	10.350	1.350E+1	1.350E+1	1.000E+3
51.490	13.500	10.350	1.350E+1	1.350E+1	1.000E+3
51.690	14.280	10.500	1.350E+1	9.736E+0	1.000E+3
51.890	14.280	10.500	1.350E+1	9.736E+0	1.000E+3
52.092	14.280	10.500	1.350E+1	9.736E+0	1.000E+3
52.293	14.280	10.500	1.338E+1	1.338E+1	1.000E+3
52.492	14.280	10.500	1.338E+1	1.338E+1	1.000E+3
52.693	14.280	10.500	1.428E+1	1.428E+1	1.000E+3
52.892	14.280	10.500	1.428E+1	1.428E+1	1.000E+3
53.092	14.280	10.500	1.428E+1	1.428E+1	1.000E+3
53.294	14.280	10.500	1.428E+1	1.428E+1	1.000E+3
53.494	14.280	10.500	1.428E+1	1.428E+1	1.000E+3
53.694	14.170	10.460	1.428E+1	1.428E+1	1.000E+3
53.893	14.170	10.460	1.428E+1	1.428E+1	1.000E+3
54.095	14.170	10.460	1.417E+1	1.417E+1	1.000E+3
54.294	14.170	10.460	1.417E+1	1.417E+1	1.000E+3
54.495	14.170	10.460	1.417E+1	1.417E+1	1.000E+3
54.695	14.870	10.480	1.417E+1	1.417E+1	1.000E+3
54.897	14.870	10.480	1.417E+1	1.417E+1	1.000E+3
55.096	14.870	10.480	1.487E+1	1.487E+1	1.000E+3
55.297	14.870	10.480	1.487E+1	1.487E+1	1.000E+3
55.498	13.920	10.460	1.487E+1	1.487E+1	1.000E+3
55.697	13.920	10.460	1.487E+1	1.487E+1	1.000E+3
55.898	13.920	10.460	1.392E+1	1.392E+1	1.000E+3
56.097	13.920	10.460	1.392E+1	1.392E+1	1.000E+3
56.298	13.920	10.460	1.392E+1	1.392E+1	1.000E+3
56.497	14.130	10.450	1.392E+1	1.392E+1	1.000E+3
56.697	14.130	10.450	1.392E+1	1.392E+1	1.000E+3
56.897	14.130	10.450	1.413E+1	1.413E+1	1.000E+3
57.098	14.130	10.450	1.413E+1	1.413E+1	1.000E+3
57.299	14.130	10.450	1.413E+1	1.413E+1	1.000E+3
57.498	14.330	10.410	1.413E+1	1.048E+1	1.000E+3
57.700	14.330	10.410	1.413E+1	1.048E+1	1.000E+3
57.900	14.330	10.410	1.413E+1	1.048E+1	1.000E+3
58.099	14.330	10.410	1.414E+1	1.414E+1	1.000E+3
58.300	14.330	10.410	1.433E+1	1.433E+1	1.000E+3
58.500	14.330	10.410	1.433E+1	1.433E+1	1.000E+3
58.701	14.330	10.410	1.433E+1	1.433E+1	1.000E+3
58.901	14.330	10.410	1.433E+1	1.433E+1	1.000E+3
59.101	14.330	10.410	1.433E+1	1.433E+1	1.000E+3
59.301	14.330	10.410	1.433E+1	1.433E+1	1.000E+3
59.501	14.130	10.460	1.433E+1	1.433E+1	1.000E+3
59.702	14.130	10.460	1.413E+1	1.413E+1	1.000E+3
59.902	14.130	10.460	1.413E+1	1.413E+1	1.000E+3
60.102	14.130	10.460	1.413E+1	1.413E+1	1.000E+3
60.303	14.130	10.460	1.413E+1	1.413E+1	1.000E+3
60.505	14.430	10.470	1.413E+1	1.413E+1	1.000E+3
60.705	14.430	10.470	1.413E+1	1.413E+1	1.000E+3
60.905	14.430	10.470	1.443E+1	1.443E+1	1.000E+3
61.106	15.220	11.070	1.443E+1	1.443E+1	1.000E+3
61.305	15.220	11.070	1.443E+1	1.443E+1	1.000E+3
61.507	15.220	11.070	1.522E+1	1.522E+1	1.000E+3
61.707	15.220	11.070	1.522E+1	1.522E+1	1.000E+3
61.908	15.220	11.070	1.522E+1	1.522E+1	1.000E+3
62.108	18.710	14.290	1.522E+1	1.522E+1	1.000E+3
62.307	18.710	14.290	1.522E+1	1.522E+1	1.000E+3
62.507	18.710	14.290	1.871E+1	1.871E+1	1.000E+3
62.707	18.710	14.290	1.871E+1	1.871E+1	1.000E+3
62.907	18.710	14.290	1.871E+1	1.871E+1	1.000E+3
63.109	18.710	14.290	1.871E+1	1.871E+1	1.000E+3
63.309	18.380	14.120	1.871E+1	1.212E+1	1.000E+3
63.511	18.380	14.120	1.871E+1	1.212E+1	1.000E+3
63.712	18.380	14.120	1.593E+1	1.593E+1	1.000E+3
63.911	18.380	14.120	1.593E+1	1.593E+1	1.000E+3
64.111	18.380	14.120	1.838E+1	1.838E+1	1.000E+3
64.312	18.380	14.120	1.838E+1	1.838E+1	1.000E+3
64.511	18.380	14.120	1.838E+1	1.838E+1	1.000E+3
64.713	18.380	14.120	1.838E+1	1.838E+1	1.000E+3
64.913	18.380	14.120	1.838E+1	1.838E+1	1.000E+3
65.112	18.490	14.190	1.838E+1	1.838E+1	1.000E+3
65.313	18.490	14.190	1.838E+1	1.838E+1	1.000E+3
65.513	18.490	14.190	1.849E+1	1.849E+1	1.000E+3
65.713	18.490	14.190	1.849E+1	1.849E+1	1.000E+3
65.913	18.490	14.190	1.849E+1	1.849E+1	1.000E+3
66.113	18.670	14.360	1.849E+1	1.849E+1	1.000E+3
66.314	18.670	14.360	1.849E+1	1.849E+1	1.000E+3
66.516	18.670	14.360	1.867E+1	1.867E+1	1.000E+3
66.717	18.670	14.360	1.867E+1	1.867E+1	1.000E+3
66.918	18.670	14.360	1.867E+1	1.867E+1	1.000E+3
67.118	17.650	14.270	1.867E+1	1.867E+1	1.000E+3
67.318	17.650	14.270	1.867E+1	1.867E+1	1.000E+3
67.518	17.650	14.270	1.765E+1	1.765E+1	1.000E+3
67.719	17.650	14.270	1.765E+1	1.765E+1	1.000E+3
67.921	17.650	14.270	1.765E+1	1.765E+1	1.000E+3
68.120	17.320	14.350	1.765E+1	1.765E+1	1.000E+3
68.320	17.320	14.350	1.765E+1	1.765E+1	1.000E+3
68.520	17.320	14.350	1.732E+1	1.732E+1	1.000E+3
68.721	17.320	14.350	1.732E+1	1.732E+1	1.000E+3
68.922	17.320	14.350	1.732E+1	1.732E+1	1.000E+3
69.121	17.500	14.310	1.732E+1	1.432E+1	1.000E+3
69.322	17.500	14.310	1.732E+1	1.432E+1	1.000E+3
69.523	17.500	14.310	1.732E+1	1.432E+1	1.000E+3
69.722	17.500	14.310	1.810E+1	1.810E+1	1.000E+3
69.922	17.500	14.310	1.750E+1	1.750E+1	1.000E+3
70.122	17.500	14.310	1.750E+1	1.750E+1	1.000E+3
70.322	17.500	14.310	1.750E+1	1.750E+1	1.000E+3
70.524	17.500	14.310	1.750E+1	1.750E+1	1.000E+3
70.724	17.500	14.310	1.750E+1	1.750E+1	1.000E+3
70.924	17.500	14.310	1.750E+1	1.750E+1	1.000E+3
71.123	18.450	14.270	1.750E+1	1.750E+1	1.000E+3
71.324	18.450	14.270	1.845E+1	1.845E+1	1.000E+3
71.525	18.450	14.270	1.845E+1	1.845E+1	1.000E+3
71.725	18.450	14.270	1.845E+1	1.845E+1	1.000E+3
71.925	18.450	14.270	1.845E+1	1.845E+1	1.000E+3
72.124	17.340	14.200	1.845E+1	1.845E+1	1.000E+3
72.325	17.340	14.200	1.845E+1	1.845E+1	1.000E+3
72.525	17.340	14.200	1.734E+1	1.734E+1	1.000E+3
72.725	17.340	14.200	1.734E+1	1.734E+1	1.000E+3
72.926	17.950	14.340	1.734E+1	1.734E+1	1.000E+3
73.125	17.950	14.340	1.795E+1	1.795E+1	1.000E+3
73.325	17.950	14.340	1.795E+1	1.795E+1	1.000E+3
73.526	17.950	14.340	1.795E+1	1.795E+1	1.000E+3
73.727	19.460	15.000	1.795E+1	1.795E+1	1.000E+3
73.926	19.460	15.000	1.795E+1	1.795E+1	1.000E+3
74.127	19.460	15.000	1.946E+1	1.946E+1	1.000E+3
74.327	19.460	15.000	1.946E+1	1.946E+1	1.000E+3
74.528	19.460	15.000	1.946E+1	1.946E+1	1.000E+3
74.727	19.460	15.000	1.946E+1	1.946E+1	1.000E+3
74.927	24.430	20.290	1.946E+1	1.567E+1	1.000E+3
75.129	24.430	20.290	1.946E+1	1.567E+1	1.000E+3
75.328	24.430	20.290	1.945E+1	1.945E+1	1.000E+3
75.528	24.430	20.290	1.945E+1	1.945E+1	1.000E+3
75.728	24.430	20.290	2.443E+1	2.443E+1	1.000E+3
75.929	24.430	20.290	2.443E+1	2.443E+1	1.000E+3
76.129	24.430	20.290	2.443E+1	2.443E+1	1.000E+3
76.331	24.430	20.290	2.443E+1	2.443E+1	1.000E+3
76.530	24.430	20.290	2.443E+1	2.443E+1	1.000E+3
76.731	25.140	20.660	2.443E+1	2.443E+1	1.000E+3
76.932	25.140	20.660	2.443E+1	2.443E+1	1.000E+3
77.133	25.140	20.660	2.514E+1	2.514E+1	1.000E+3
77.333	25.140	20.660	2.514E+1	2.514E+1	1.000E+3
77.532	25.140	20.660	2.514E+1	2.514E+1	1.000E+3
77.734	25.100	20.660	2.514E+1	2.514E+1	1.000E+3
77.933	25.100	20.660	2.514E+1	2.514E+1	1.000E+3
78.134	25.100	20.660	2.510E+1	2.510E+1	1.000E+3
78.334	25.100	20.660	2.510E+1	2.510E+1	1.000E+3
78.533	25.100	20.660	2.510E+1	2.510E+1	1.000E+3
78.734	23.750	20.750	2.510E+1	2.510E+1	1.000E+3
78.933	23.750	20.750	2.510E+1	2.510E+1	1.000E+3
79.133	23.750	20.750	2.375E+1	2.375E+1	1.000E+3
79.336	23.750	20.750	2.375E+1	2.375E+1	1.000E+3
79.536	23.750	20.750	2.375E+1	2.375E+1	1.000E+3
79.736	24.750	20.560	2.375E+1	2.375E+1	1.000E+3
79.937	24.750	20.560	2.375E+1	2.375E+1	1.000E+3
80.136	24.750	20.560	2.475E+1	2.475E+1	1.000E+3
80.336	24.750	20.560	2.475E+1	2.475E+1	1.000E+3
80.538	24.750	20.560	2.475E+1	2.475E+1	1.000E+3
80.737	24.540	20.670	2.475E+1	2.071E+1	1.000E+3
80.939	24.540	20.670	2.475E+1	2.071E+1	1.000E+3
81.139	24.540	20.670	2.475E+1	2.071E+1	1.000E+3
81.340	24.540	20.670	2.483E+1	2.483E+1	1.000E+3
81.539	24.540	20.670	2.454E+1	2.454E+1	1.000E+3
81.739	24.540	20.670	2.454E+1	2.454E+1	1.000E+3
81.941	24.540	20.670	2.454E+1	2.454E+1	1.000E+3
82.141	24.540	20.670	2.454E+1	2.454E+1	1.000E+3
82.341	24.540	20.670	2.454E+1	2.454E+1	1.000E+3
82.542	24.940	20.760	2.454E+1	2.454E+1	1.000E+3
82.743	24.940	20.760	2.454E+1	2.454E+1	1.000E+3
82.943	24.940	20.760	2.494E+1	2.494E+1	1.000E+3
83.142	24.940	20.760	2.494E+1	2.494E+1	1.000E+3
83.342	24.940	20.760	2.494E+1	2.494E+1	1.000E+3
83.543	24.940	20.760	2.494E+1	2.494E+1	1.000E+3
83.744	25.320	20.740	2.494E+1	2.494E+1	1.000E+3
83.943	25.320	20.740	2.494E+1	2.494E+1	1.000E+3
84.144	25.320	20.740	2.532E+1	2.532E+1	1.000E+3
84.345	25.320	20.740	2.532E+1	2.532E+1	1.000E+3
84.545	25.070	20.620	2.532E+1	2.532E+1	1.000E+3
84.745	25.070	20.620	2.507E+1	2.507E+1	1.000E+3
84.945	25.070	20.620	2.507E+1	2.507E+1	1.000E+3
85.145	25.070	20.620	2.507E+1	2.507E+1	1.000E+3
85.346	25.070	20.620	2.507E+1	2.507E+1	1.000E+3
85.546	25.210	20.700	2.507E+1	2.507E+1	1.000E+3
85.747	25.210	20.700	2.507E+1	2.507E+1	1.000E+3
85.948	25.210	20.700	2.521E+1	2.521E+1	1.000E+3
86.148	25.210	20.700	2.521E+1	2.521E+1	1.000E+3
86.349	25.210	20.700	2.521E+1	2.521E+1	1.000E+3
86.548	28.160	23.520	2.521E+1	2.133E+1	1.000E+3
86.749	28.160	23.520	2.521E+1	2.133E+1	1.000E+3
86.949	28.160	23.520	2.521E+1	2.133E+1	1.000E+3
87.148	28.160	23.520	2.544E+1	2.544E+1	1.000E+3
87.349	28.160	23.520	2.544E+1	2.544E+1	1.000E+3
87.549	28.160	23.520	2.816E+1	2.816E+1	1.000E+3
87.749	28.160	23.520	2.816E+1	2.816E+1	1.000E+3
87.950	28.160	23.520	2.816E+1	2.816E+1	1.000E+3
88.150	28.160	23.520	2.816E+1	2.816E+1	1.000E+3
88.350	28.160	23.520	2.816E+1	2.816E+1	1.000E+3
88.550	34.420	29.650	2.816E+1	2.816E+1	1.000E+3
88.751	34.420	29.650	2.816E+1	2.816E+1	1.000E+3
88.952	34.420	29.650	3.442E+1	3.442E+1	1.000E+3
89.153	34.420	29.650	3.442E+1	3.442E+1	1.000E+3
89.355	34.440	29.900	3.442E+1	3.442E+1	1.000E+3
89.554	34.440	29.900	3.444E+1	3.444E+1	1.000E+3
89.754	34.440	29.900	3.444E+1	3.444E+1	1.000E+3
89.955	34.440	29.900	3.444E+1	3.444E+1	1.000E+3
90.154	34.440	29.900	3.444E+1	3.444E+1	1.000E+3
90.356	34.400	29.850	3.444E+1	3.444E+1	1.000E+3
90.555	34.400	29.850	3.444E+1	3.444E+1	1.000E+3
90.755	34.400	29.850	3.440E+1	3.440E+1	1.000E+3
90.956	34.400	29.850	3.440E+1	3.440E+1	1.000E+3
91.155	34.400	29.850	3.440E+1	3.440E+1	1.000E+3
91.356	34.640	30.120	3.440E+1	3.440E+1	1.000E+3
91.556	34.640	30.120	3.440E+1	3.440E+1	1.000E+3
91.755	34.640	30.120	3.464E+1	3.464E+1	1.000E+3
91.956	34.640	30.120	3.464E+1	3.464E+1	1.000E+3
92.155	34.640	30.120	3.464E+1	3.464E+1	1.000E+3
92.356	35.240	30.070	3.464E+1	2.999E+1	1.000E+3
92.556	35.240	30.070	3.464E+1	2.999E+1	1.000E+3
92.756	35.240	30.070	3.464E+1	2.999E+1	1.000E+3
92.956	35.240	30.070	3.451E+1	3.451E+1	1.000E+3
93.158	35.240	30.070	3.524E+1	3.524E+1	1.000E+3
93.357	35.240	30.070	3.524E+1	3.524E+1	1.000E+3
93.558	35.240	30.070	3.524E+1	3.524E+1	1.000E+3
93.758	35.240	30.070	3.524E+1	3.524E+1	1.000E+3
93.958	35.240	30.070	3.524E+1	3.524E+1	1.000E+3
94.158	35.240	30.070	3.524E+1	3.524E+1	1.000E+3
94.357	35.130	30.210	3.524E+1	3.524E+1	1.000E+3
94.558	35.130	30.210	3.513E+1	3.513E+1	1.000E+3
94.758	35.130	30.210	3.513E+1	3.513E+1	1.000E+3
94.958	35.130	30.210	3.513E+1	3.513E+1	1.000E+3
95.160	35.130	30.210	3.513E+1	3.513E+1	1.000E+3
95.360	34.610	30.100	3.513E+1	3.513E+1	1.000E+3
95.561	34.610	30.100	3.513E+1	3.513E+1	1.000E+3
95.760	34.610	30.100	3.461E+1	3.461E+1	1.000E+3
95.961	34.610	30.100	3.461E+1	3.461E+1	1.000E+3
96.160	34.140	30.060	3.461E+1	3.461E+1	1.000E+3
96.360	34.140	30.060	3.414E+1	3.414E+1	1.000E+3
96.562	34.140	30.060	3.414E+1	3.414E+1	1.000E+3
96.761	34.140	30.060	3.414E+1	3.414E+1	1.000E+3
96.963	34.140	30.060	3.414E+1	3.414E+1	1.000E+3
97.163	34.080	30.120	3.414E+1	3.414E+1	1.000E+3
97.364	34.080	30.120	3.408E+1	3.408E+1	1.000E+3
97.563	34.080	30.120	3.408E+1	3.408E+1	1.000E+3
97.764	34.080	30.120	3.408E+1	3.408E+1	1.000E+3
97.964	34.080	30.120	3.408E+1	3.408E+1	1.000E+3
98.163	34.080	30.120	3.408E+1	3.408E+1	1.000E+3
98.363	34.510	30.020	3.408E+1	3.016E+1	1.000E+3
98.564	34.510	30.020	3.408E+1	3.016E+1	1.000E+3
98.763	34.510	30.020	3.463E+1	3.463E+1	1.000E+3
98.964	34.510	30.020	3.451E+1	3.451E+1	1.000E+3
99.163	34.510	30.020	3.451E+1	3.451E+1	1.000E+3
99.364	34.510	30.020	3.451E+1	3.451E+1	1.000E+3
99.566	34.510	30.020	3.451E+1	3.451E+1	1.000E+3
99.766	34.510	30.020	3.451E+1	3.451E+1	1.000E+3
99.966	34.510	30.020	3.451E+1	3.451E+1	1.000E+3
100.167	47.140	41.660	3.451E+1	3.451E+1	1.000E+3
100.367	47.140	41.660	4.714E+1	4.714E+1	1.000E+3
100.568	47.140	41.660	4.714E+1	4.714E+1	1.000E+3
100.769	47.140	41.660	4.714E+1	4.714E+1	1.000E+3
100.969	47.140	41.660	4.714E+1	4.714E+1	1.000E+3
101.169	46.960	42.160	4.714E+1	4.714E+1	1.000E+3
101.369	46.960	42.160	4.714E+1	4.714E+1	1.000E+3
101.571	46.960	42.160	4.696E+1	4.696E+1	1.000E+3
101.771	46.960	42.160	4.696E+1	4.696E+1	1.000E+3
101.972	46.810	42.530	4.696E+1	4.696E+1	1.000E+3
102.173	46.810	42.530	4.696E+1	4.696E+1	1.000E+3
102.374	46.810	42.530	4.681E+1	4.681E+1	1.000E+3
102.573	46.810	42.530	4.681E+1	4.681E+1	1.000E+3
102.774	46.810	42.530	4.681E+1	4.681E+1	1.000E+3
102.975	48.160	42.680	4.681E+1	4.681E+1	1.000E+3
103.176	48.160	42.680	4.681E+1	4.681E+1	1.000E+3
103.377	48.160	42.680	4.816E+1	4.816E+1	1.000E+3
103.577	48.160	42.680	4.816E+1	4.816E+1	1.000E+3
103.777	48.160	42.680	4.816E+1	4.816E+1	1.000E+3
103.977	48.490	42.920	4.816E+1	4.250E+1	1.000E+3
104.177	48.490	42.920	4.816E+1	4.250E+1	1.000E+3
104.377	48.490	42.920	4.816E+1	4.250E+1	1.000E+3
104.577	48.490	42.920	4.754E+1	4.754E+1	1.000E+3
104.778	48.490	42.920	4.849E+1	4.849E+1	1.000E+3
104.977	48.490	42.920	4.849E+1	4.849E+1	1.000E+3
105.177	48.490	42.920	4.849E+1	4.849E+1	1.000E+3
105.378	48.490	42.920	4.849E+1	4.849E+1	1.000E+3
105.578	48.490	42.920	4.849E+1	4.849E+1	1.000E+3
105.778	48.490	42.920	4.849E+1	4.849E+1	1.000E+3
105.979	47.490	42.940	4.849E+1	4.849E+1	1.000E+3
106.178	47.490	42.940	4.749E+1	4.749E+1	1.000E+3
106.378	47.490	42.940	4.749E+1	4.749E+1	1.000E+3
106.578	47.490	42.940	4.749E+1	4.749E+1	1.000E+3
106.779	47.490	42.940	4.749E+1	4.749E+1	1.000E+3
106.980	47.900	42.760	4.749E+1	4.749E+1	1.000E+3
107.179	47.900	42.760	4.749E+1	4.749E+1	1.000E+3
107.379	47.900	42.760	4.790E+1	4.790E+1	1.000E+3
107.579	47.900	42.760	4.790E+1	4.790E+1	1.000E+3
107.780	47.700	43.000	4.790E+1	4.790E+1	1.000E+3
107.980	47.700	43.000	4.770E+1	4.770E+1	1.000E+3
108.180	47.700	43.000	4.770E+1	4.770E+1	1.000E+3
108.380	47.700	43.000	4.770E+1	4.770E+1	1.000E+3
108.579	47.700	43.000	4.770E+1	4.770E+1	1.000E+3
108.779	47.860	42.860	4.770E+1	4.770E+1	1.000E+3
108.979	47.860	42.860	4.770E+1	4.770E+1	1.000E+3
109.179	47.860	42.860	4.786E+1	4.786E+1	1.000E+3
109.380	47.860	42.860	4.786E+1	4.786E+1	1.000E+3
109.581	47.860	42.860	4.786E+1	4.786E+1	1.000E+3
109.780	47.860	42.860	4.786E+1	4.786E+1	1.000E+3
109.981	47.540	42.700	4.786E+1	4.294E+1	1.000E+3
110.182	47.540	42.700	4.786E+1	4.294E+1	1.000E+3
110.381	47.540	42.700	4.795E+1	4.795E+1	1.000E+3
110.582	47.540	42.700	4.795E+1	4.795E+1	1.000E+3
110.784	47.540	42.700	4.754E+1	4.754E+1	1.000E+3
110.983	47.540	42.700	4.754E+1	4.754E+1	1.000E+3
111.184	47.540	42.700	4.754E+1	4.754E+1	1.000E+3
111.383	47.540	42.700	4.754E+1	4.754E+1	1.000E+3
111.583	47.540	42.700	4.754E+1	4.754E+1	1.000E+3
111.785	62.960	57.160	4.754E+1	4.754E+1	1.000E+3
111.985	62.960	57.160	4.754E+1	4.754E+1	1.000E+3
112.185	62.960	57.160	6.296E+1	6.296E+1	1.000E+3
112.387	62.960	57.160	6.296E+1	6.296E+1	1.000E+3
112.587	62.960	57.160	6.296E+1	6.296E+1	1.000E+3
112.787	63.640	57.370	6.296E+1	6.296E+1	1.000E+3
112.987	63.640	57.370	6.296E+1	6.296E+1	1.000E+3
113.188	63.640	57.370	6.364E+1	6.364E+1	1.000E+3
113.388	63.640	57.370	6.364E+1	6.364E+1	1.000E+3
113.589	63.640	57.370	6.364E+1	6.364E+1	1.000E+3
113.789	65.140	58.970	6.364E+1	6.364E+1	1.000E+3
113.989	65.140	58.970	6.364E+1	6.364E+1	1.000E+3
114.190	65.140	58.970	6.514E+1	6.514E+1	1.000E+3
114.391	65.140	58.970	6.514E+1	6.514E+1	1.000E+3
114.591	65.140	58.970	6.514E+1	6.514E+1	1.000E+3
114.791	64.140	58.610	6.514E+1	6.514E+1	1.000E+3
114.993	64.140	58.610	6.514E+1	6.514E+1	1.000E+3
115.192	64.140	58.610	6.414E+1	6.414E+1	1.000E+3
115.393	64.140	58.610	6.414E+1	6.414E+1	1.000E+3
115.594	64.140	58.610	6.414E+1	6.414E+1	1.000E+3
115.795	65.750	59.170	6.414E+1	5.841E+1	1.000E+3
115.995	65.750	59.170	6.414E+1	5.841E+1	1.000E+3
116.195	65.750	59.170	6.427E+1	6.427E+1	1.000E+3
116.395	65.750	59.170	6.427E+1	6.427E+1	1.000E+3
116.595	65.750	59.170	6.575E+1	6.575E+1	1.000E+3
116.795	65.750	59.170	6.575E+1	6.575E+1	1.000E+3
116.997	65.750	59.170	6.575E+1	6.575E+1	1.000E+3
117.196	65.750	59.170	6.575E+1	6.575E+1	1.000E+3
117.396	65.750	59.170	6.575E+1	6.575E+1	1.000E+3
117.597	65.750	59.170	6.575E+1	6.575E+1	1.000E+3
117.797	64.910	58.800	6.575E+1	6.575E+1	1.000E+3
117.997	64.910	58.800	6.491E+1	6.491E+1	1.000E+3
118.196	64.910	58.800	6.491E+1	6.491E+1	1.000E+3
118.397	64.910	58.800	6.491E+1	6.491E+1	1.000E+3
118.598	64.910	58.800	6.491E+1	6.491E+1	1.000E+3
118.798	65.140	58.920	6.491E+1	6.491E+1	1.000E+3
118.998	65.140	58.920	6.491E+1	6.491E+1	1.000E+3
119.198	65.140	58.920	6.514E+1	6.514E+1	1.000E+3
119.401	65.140	58.920	6.514E+1	6.514E+1	1.000E+3
119.600	64.820	59.220	6.514E+1	6.514E+1	1.000E+3
119.800	64.820	59.220	6.482E+1	6.482E+1	1.000E+3
120.000	64.820	59.220	6.482E+1	6.482E+1	1.000E+3
120.202	64.820	59.220	6.482E+1	6.482E+1	1.000E+3
120.403	64.820	59.220	6.482E+1	6.482E+1	1.000E+3
120.603	64.790	59.000	6.482E+1	6.482E+1	1.000E+3
120.803	64.790	59.000	6.479E+1	6.479E+1	1.000E+3
121.003	64.790	59.000	6.479E+1	6.479E+1	1.000E+3
121.203	64.790	59.000	6.479E+1	6.479E+1	1.000E+3
121.403	64.790	59.000	6.479E+1	6.479E+1	1.000E+3
121.603	64.130	58.840	6.479E+1	5.915E+1	1.000E+3
121.803	64.130	58.840	6.479E+1	5.915E+1	1.000E+3
122.003	64.130	58.840	6.492E+1	6.492E+1	1.000E+3
122.204	64.130	58.840	6.492E+1	6.492E+1	1.000E+3
122.404	64.130	58.840	6.413E+1	6.413E+1	1.000E+3
122.605	64.130	58.840	6.413E+1	6.413E+1	1.000E+3
122.805	64.130	58.840	6.413E+1	6.413E+1	1.000E+3
123.005	64.130	58.840	6.413E+1	6.413E+1	1.000E+3
123.206	64.130	58.840	6.413E+1	6.413E+1	1.000E+3
123.406	64.130	58.840	6.413E+1	6.413E+1	1.000E+3
123.606	70.920	64.910	6.413E+1	6.413E+1	1.000E+3
123.806	70.920	64.910	7.092E+1	7.092E+1	1.000E+3
124.007	70.920	64.910	7.092E+1	7.092E+1	1.000E+3
124.207	81.940	75.120	7.092E+1	7.092E+1	1.000E+3
124.408	81.940	75.120	7.092E+1	7.092E+1	1.000E+3
124.608	81.940	75.120	8.194E+1	8.194E+1	1.000E+3
124.807	81.940	75.120	8.194E+1	8.194E+1	1.000E+3
125.007	81.940	75.120	8.194E+1	8.194E+1	1.000E+3
125.208	82.550	76.260	8.194E+1	8.194E+1	1.000E+3
125.408	82.550	76.260	8.194E+1	8.194E+1	1.000E+3
125.608	82.550	76.260	8.255E+1	8.255E+1	1.000E+3
125.809	82.550	76.260	8.255E+1	8.255E+1	1.000E+3
126.008	82.550	76.260	8.255E+1	8.255E+1	1.000E+3
126.208	83.550	76.880	8.255E+1	8.255E+1	1.000E+3
126.409	83.550	76.880	8.255E+1	8.255E+1	1.000E+3
126.609	83.550	76.880	8.355E+1	8.355E+1	1.000E+3
126.809	83.550	76.880	8.355E+1	8.355E+1	1.000E+3
127.011	83.550	76.880	8.355E+1	8.355E+1	1.000E+3
127.210	83.550	76.880	8.355E+1	8.355E+1	1.000E+3
127.410	83.550	76.880	8.355E+1	7.429E+1	1.000E+3
127.611	83.550	76.880	8.355E+1	7.429E+1	1.000E+3
127.812	84.000	77.250	8.065E+1	8.065E+1	1.000E+3
128.012	84.000	77.250	8.065E+1	8.065E+1	1.000E+3
128.213	84.000	77.250	8.400E+1	8.400E+1	1.000E+3
128.413	84.000	77.250	8.400E+1	8.400E+1	1.000E+3
128.615	84.000	77.250	8.400E+1	8.400E+1	1.000E+3
128.814	84.000	77.250	8.400E+1	8.400E+1	1.000E+3
129.014	84.000	77.250	8.400E+1	8.400E+1	1.000E+3
129.215	84.880	78.030	8.400E+1	8.400E+1	1.000E+3
129.415	84.880	78.030	8.400E+1	8.400E+1	1.000E+3
129.615	84.880	78.030	8.488E+1	8.488E+1	1.000E+3
129.814	84.880	78.030	8.488E+1	8.488E+1	1.000E+3
130.014	84.880	78.030	8.488E+1	8.488E+1	1.000E+3
130.214	84.580	77.700	8.488E+1	8.488E+1	1.000E+3
130.415	84.580	77.700	8.458E+1	8.458E+1	1.000E+3
130.615	84.580	77.700	8.458E+1	8.458E+1	1.000E+3
130.815	84.580	77.700	8.458E+1	8.458E+1	1.000E+3
131.016	84.580	77.700	8.458E+1	8.458E+1	1.000E+3
131.215	84.840	78.140	8.458E+1	8.458E+1	1.000E+3
131.416	84.840	78.140	8.484E+1	8.484E+1	1.000E+3
131.616	84.840	78.140	8.484E+1	8.484E+1	1.000E+3
131.817	84.840	78.140	8.484E+1	8.484E+1	1.000E+3
132.018	84.840	78.140	8.484E+1	8.484E+1	1.000E+3
132.219	84.810	77.860	8.484E+1	8.484E+1	1.000E+3
132.419	84.810	77.860	8.481E+1	8.481E+1	1.000E+3
132.620	84.810	77.860	8.481E+1	8.481E+1	1.000E+3
132.819	84.810	77.860	8.481E+1	8.481E+1	1.000E+3
133.020	84.810	77.860	8.481E+1	8.481E+1	1.000E+3
133.219	84.810	77.860	8.481E+1	8.481E+1	1.000E+3
133.421	84.820	77.990	8.481E+1	7.814E+1	1.000E+3
133.620	84.820	77.990	8.481E+1	7.814E+1	1.000E+3
133.821	84.820	77.990	8.476E+1	8.476E+1	1.000E+3
134.021	84.820	77.990	8.482E+1	8.482E+1	1.000E+3
134.221	84.820	77.990	8.482E+1	8.482E+1	1.000E+3
134.423	84.820	77.990	8.482E+1	8.482E+1	1.000E+3
134.623	84.820	77.990	8.482E+1	8.482E+1	1.000E+3
134.824	84.820	77.990	8.482E+1	8.482E+1	1.000E+3
135.024	99.400	92.150	8.482E+1	8.482E+1	1.000E+3
135.226	99.400	92.150	8.482E+1	8.482E+1	1.000E+3
135.427	99.400	92.150	9.940E+1	9.940E+1	1.000E+3
135.626	99.400	92.150	9.940E+1	9.940E+1	1.000E+3
135.826	99.400	92.150	9.940E+1	9.940E+1	1.000E+3
136.028	99.670	92.230	9.940E+1	9.940E+1	1.000E+3
136.229	99.670	92.230	9.940E+1	9.940E+1	1.000E+3
136.430	99.670	92.230	9.967E+1	9.967E+1	1.000E+3
136.631	99.670	92.230	9.967E+1	9.967E+1	1.000E+3
136.830	99.670	92.230	9.967E+1	9.967E+1	1.000E+3
137.031	100.450	92.890	9.967E+1	9.967E+1	1.000E+3
137.232	100.450	92.890	9.967E+1	9.967E+1	1.000E+3
137.432	100.450	92.890	1.004E+2	1.004E+2	1.000E+3
137.631	100.450	92.890	1.004E+2	1.004E+2	1.000E+3
137.832	100.450	92.890	1.004E+2	1.004E+2	1.000E+3
138.032	100.940	93.370	1.004E+2	1.004E+2	1.000E+3
138.233	100.940	93.370	1.004E+2	1.004E+2	1.000E+3
138.432	100.940	93.370	1.009E+2	1.009E+2	1.000E+3
138.633	100.940	93.370	1.009E+2	1.009E+2	1.000E+3
138.833	100.940	93.370	1.009E+2	1.009E+2	1.000E+3
139.033	101.240	93.910	1.009E+2	9.312E+1	1.000E+3
139.235	101.240	93.910	1.009E+2	9.312E+1	1.000E+3
139.434	101.240	93.910	1.009E+2	9.312E+1	1.000E+3
139.634	101.240	93.910	1.003E+2	1.003E+2	1.000E+3
139.835	101.240	93.910	1.003E+2	1.003E+2	1.000E+3
140.034	101.240	93.910	1.003E+2	1.003E+2	1.000E+3
140.235	101.240	93.910	1.012E+2	1.012E+2	1.000E+3
140.434	101.240	93.910	1.012E+2	1.012E+2	1.000E+3
140.635	101.240	93.910	1.012E+2	1.012E+2	1.000E+3
140.834	101.390	94.030	1.012E+2	1.012E+2	1.000E+3
141.035	101.390	94.030	1.012E+2	1.012E+2	1.000E+3
141.236	101.390	94.030	1.014E+2	1.014E+2	1.000E+3
141.435	101.390	94.030	1.014E+2	1.014E+2	1.000E+3
141.637	101.390	94.030	1.014E+2	1.014E+2	1.000E+3
141.837	101.240	94.080	1.014E+2	1.014E+2	1.000E+3
142.037	101.240	94.080	1.014E+2	1.014E+2	1.000E+3
142.237	101.240	94.080	1.014E+2	1.014E+2	1.000E+3
142.438	101.240	94.080	1.012E+2	1.012E+2	1.000E+3
142.637	101.240	94.080	1.012E+2	1.012E+2	1.000E+3
142.838	101.240	94.080	1.012E+2	1.012E+2	1.000E+3
143.038	101.460	93.590	1.012E+2	1.012E+2	1.000E+3
143.237	101.460	93.590	1.012E+2	1.012E+2	1.000E+3
143.437	101.460	93.590	1.015E+2	1.015E+2	1.000E+3
143.637	101.460	93.590	1.015E+2	1.015E+2	1.000E+3
143.837	101.460	93.590	1.015E+2	1.015E+2	1.000E+3
144.038	101.030	93.810	1.015E+2	1.015E+2	1.000E+3
144.238	101.030	93.810	1.015E+2	1.015E+2	1.000E+3
144.438	101.030	93.810	1.015E+2	1.015E+2	1.000E+3
144.638	101.030	93.810	1.010E+2	1.010E+2	1.000E+3
144.838	101.030	93.810	1.010E+2	1.010E+2	1.000E+3
145.037	101.030	93.810	1.010E+2	1.010E+2	1.000E+3
145.239	101.380	93.700	1.010E+2	1.010E+2	1.000E+3
145.439	101.380	93.700	1.010E+2	1.010E+2	1.000E+3
145.640	101.380	93.700	1.010E+2	1.010E+2	1.000E+3
145.839	101.280	93.920	1.014E+2	1.014E+2	1.000E+3
146.040	101.280	93.920	1.014E+2	1.014E+2	1.000E+3
146.240	101.280	93.920	1.014E+2	1.014E+2	1.000E+3
146.441	101.280	93.920	1.013E+2	1.013E+2	1.000E+3
146.641	101.280	93.920	1.013E+2	1.013E+2	1.000E+3
146.842	101.280	93.920	1.013E+2	1.013E+2	1.000E+3
147.042	101.370	93.520	1.013E+2	1.013E+2	1.000E+3
147.242	101.370	93.520	1.013E+2	1.013E+2	1.000E+3
147.442	101.370	93.520	1.013E+2	1.013E+2	1.000E+3
147.642	101.370	93.520	1.014E+2	1.014E+2	1.000E+3
147.842	101.370	93.520	1.014E+2	1.014E+2	1.000E+3
148.044	101.370	93.520	1.014E+2	1.014E+2	1.000E+3
148.246	101.360	94.080	1.014E+2	1.014E+2	1.000E+3
148.446	101.360	94.080	1.014E+2	1.014E+2	1.000E+3
148.645	101.360	94.080	1.014E+2	1.014E+2	1.000E+3
148.846	101.110	93.980	1.014E+2	1.014E+2	1.000E+3
149.046	101.110	93.980	1.014E+2	1.014E+2	1.000E+3
149.248	101.110	93.980	1.014E+2	1.014E+2	1.000E+3
149.448	101.110	93.980	1.011E+2	1.011E+2	1.000E+3
149.648	101.110	93.980	1.011E+2	1.011E+2	1.000E+3
149.849	101.110	93.980	1.011E+2	1.011E+2	1.000E+3
150.050	101.290	93.640	1.011E+2	1.011E+2	1.000E+3
150.250	101.290	93.640	1.011E+2	1.011E+2	1.000E+3
150.451	101.290	93.640	1.013E+2	1.013E+2	1.000E+3
150.650	101.290	93.640	1.013E+2	1.013E+2	1.000E+3
150.850	101.290	93.640	1.013E+2	1.013E+2	1.000E+3
151.051	101.550	93.880	1.013E+2	1.013E+2	1.000E+3
151.252	101.550	93.880	1.013E+2	1.013E+2	1.000E+3
151.451	101.550	93.880	1.013E+2	1.013E+2	1.000E+3
151.653	101.550	93.880	1.016E+2	1.016E+2	1.000E+3
151.852	101.550	93.880	1.016E+2	1.016E+2	1.000E+3
152.054	101.550	93.880	1.016E+2	1.016E+2	1.000E+3
152.254	101.130	93.590	1.016E+2	1.016E+2	1.000E+3
152.454	101.130	93.590	1.016E+2	1.016E+2	1.000E+3
152.655	101.270	93.820	1.011E+2	1.011E+2	1.000E+3
152.856	101.270	93.820	1.011E+2	1.011E+2	1.000E+3
153.057	101.270	93.820	1.011E+2	1.011E+2	1.000E+3
153.257	101.270	93.820	1.011E+2	1.011E+2	1.000E+3
153.457	101.270	93.820	1.011E+2	1.011E+2	1.000E+3
153.656	101.270	93.820	1.013E+2	1.013E+2	1.000E+3
153.857	101.270	93.820	1.013E+2	1.013E+2	1.000E+3
154.057	100.930	93.140	1.013E+2	1.013E+2	1.000E+3
154.258	100.930	93.140	1.013E+2	1.013E+2	1.000E+3
154.459	100.930	93.140	1.013E+2	1.013E+2	1.000E+3
154.659	92.340	85.130	1.009E+2	1.009E+2	1.000E+3
154.859	92.340	85.130	9.234E+1	9.234E+1	1.000E+3
155.059	92.340	85.130	9.234E+1	9.234E+1	1.000E+3
155.258	92.340	85.130	9.234E+1	9.234E+1	1.000E+3
155.458	92.340	85.130	9.234E+1	9.234E+1	1.000E+3
155.658	92.340	85.130	9.234E+1	9.234E+1	1.000E+3
155.859	91.190	84.150	9.234E+1	9.234E+1	1.000E+3
156.059	91.190	84.150	9.234E+1	9.234E+1	1.000E+3
156.260	91.190	84.150	9.119E+1	9.119E+1	1.000E+3
156.461	91.190	84.150	9.119E+1	9.119E+1	1.000E+3
156.661	91.190	84.150	9.119E+1	9.119E+1	1.000E+3
156.861	90.830	83.870	9.119E+1	9.119E+1	1.000E+3
157.061	90.830	83.870	9.119E+1	9.119E+1	1.000E+3
157.262	90.830	83.870	9.083E+1	9.083E+1	1.000E+3
157.464	90.830	83.870	9.083E+1	9.083E+1	1.000E+3
157.663	90.830	83.870	9.083E+1	9.083E+1	1.000E+3
157.864	90.470	83.620	9.083E+1	9.083E+1	1.000E+3
158.063	90.470	83.620	9.083E+1	9.083E+1	1.000E+3
158.263	90.470	83.620	9.047E+1	9.047E+1	1.000E+3
158.464	90.470	83.620	9.047E+1	9.047E+1	1.000E+3
158.665	90.470	83.620	9.047E+1	9.047E+1	1.000E+3
158.865	90.770	83.720	9.047E+1	9.047E+1	1.000E+3
159.065	90.770	83.720	9.077E+1	9.077E+1	1.000E+3
159.266	90.770	83.720	9.077E+1	9.077E+1	1.000E+3
159.467	90.770	83.720	9.077E+1	9.077E+1	1.000E+3
159.666	90.770	83.720	9.077E+1	9.077E+1	1.000E+3
159.867	90.430	83.310	9.077E+1	8.393E+1	1.000E+3
160.066	90.430	83.310	9.077E+1	8.393E+1	1.000E+3
160.267	90.430	83.310	9.077E+1	8.393E+1	1.000E+3
160.466	90.430	83.310	9.071E+1	9.071E+1	1.000E+3
160.666	90.430	83.310	9.071E+1	9.071E+1	1.000E+3
160.867	90.430	83.310	9.071E+1	9.071E+1	1.000E+3
161.067	90.430	83.310	9.043E+1	9.043E+1	1.000E+3
161.268	90.430	83.310	9.043E+1	9.043E+1	1.000E+3
161.468	90.290	83.530	9.043E+1	9.043E+1	1.000E+3
161.668	90.290	83.530	9.043E+1	9.043E+1	1.000E+3
161.869	90.290	83.530	9.043E+1	9.043E+1	1.000E+3
162.069	90.290	83.530	9.029E+1	9.029E+1	1.000E+3
162.269	90.290	83.530	9.029E+1	9.029E+1	1.000E+3
162.469	90.290	83.810	9.029E+1	9.029E+1	1.000E+3
162.670	90.290	83.810	9.029E+1	9.029E+1	1.000E+3
162.871	90.290	83.810	9.029E+1	9.029E+1	1.000E+3
163.070	90.290	83.810	9.029E+1	9.029E+1	1.000E+3
163.271	90.290	83.810	9.029E+1	9.029E+1	1.000E+3
163.473	90.290	83.810	9.029E+1	9.029E+1	1.000E+3
163.674	90.290	83.810	9.029E+1	9.029E+1	1.000E+3
163.874	90.590	83.380	9.029E+1	9.029E+1	1.000E+3
164.073	90.590	83.380	9.029E+1	9.029E+1	1.000E+3
164.274	90.590	83.380	9.059E+1	9.059E+1	1.000E+3
164.475	90.590	83.380	9.059E+1	9.059E+1	1.000E+3
164.674	90.590	83.380	9.059E+1	9.059E+1	1.000E+3
164.875	90.440	83.750	9.059E+1	9.059E+1	1.000E+3
165.075	90.440	83.750	9.059E+1	9.059E+1	1.000E+3
165.274	90.440	83.750	9.044E+1	9.044E+1	1.000E+3
165.474	90.440	83.750	9.044E+1	9.044E+1	1.000E+3
165.675	90.440	83.750	9.044E+1	9.044E+1	1.000E+3
165.875	80.550	73.830	9.044E+1	9.044E+1	1.000E+3
166.075	80.550	73.830	9.044E+1	9.044E+1	1.000E+3
166.274	80.550	73.830	8.055E+1	8.055E+1	1.000E+3
166.474	80.550	73.830	8.055E+1	8.055E+1	1.000E+3
166.675	80.550	73.830	8.055E+1	8.055E+1	1.000E+3
166.875	75.470	69.300	8.055E+1	8.055E+1	1.000E+3
167.075	75.470	69.300	8.055E+1	8.055E+1	1.000E+3
167.275	75.470	69.300	7.547E+1	7.547E+1	1.000E+3
167.476	75.470	69.300	7.547E+1	7.547E+1	1.000E+3
167.677	75.470	69.300	7.547E+1	7.547E+1	1.000E+3
167.877	74.550	68.480	7.547E+1	7.593E+1	1.000E+3
168.077	74.550	68.480	7.547E+1	7.593E+1	1.000E+3
168.278	74.550	68.480	8.229E+1	8.229E+1	1.000E+3
168.478	74.550	68.480	8.229E+1	8.229E+1	1.000E+3
168.678	74.550	68.480	7.455E+1	7.455E+1	1.000E+3
168.878	74.550	68.480	7.455E+1	7.455E+1	1.000E+3
169.080	74.550	68.480	7.455E+1	7.455E+1	1.000E+3
169.280	74.550	68.480	7.455E+1	7.455E+1	1.000E+3
169.480	74.550	68.480	7.455E+1	7.455E+1	1.000E+3
169.680	73.200	67.480	7.455E+1	7.455E+1	1.000E+3
169.881	73.200	67.480	7.455E+1	7.455E+1	1.000E+3
170.081	73.200	67.480	7.320E+1	7.320E+1	1.000E+3
170.282	73.200	67.480	7.320E+1	7.320E+1	1.000E+3
170.481	73.200	67.480	7.320E+1	7.320E+1	1.000E+3
170.681	73.200	67.480	7.320E+1	7.320E+1	1.000E+3
170.883	74.450	67.450	7.320E+1	7.320E+1	1.000E+3
171.082	74.450	67.450	7.320E+1	7.320E+1	1.000E+3
171.282	74.450	67.450	7.445E+1	7.445E+1	1.000E+3
171.483	73.620	67.460	7.445E+1	7.445E+1	1.000E+3
171.683	73.620	67.460	7.445E+1	7.445E+1	1.000E+3
171.884	73.620	67.460	7.362E+1	7.362E+1	1.000E+3
172.084	73.620	67.460	7.362E+1	7.362E+1	1.000E+3
172.285	73.620	67.460	7.362E+1	7.362E+1	1.000E+3
172.486	74.000	67.510	7.362E+1	7.362E+1	1.000E+3
172.686	74.000	67.510	7.362E+1	7.362E+1	1.000E+3
172.887	74.000	67.510	7.400E+1	7.400E+1	1.000E+3
173.088	74.000	67.510	7.400E+1	7.400E+1	1.000E+3
173.290	74.000	67.510	7.400E+1	7.400E+1	1.000E+3
173.489	74.000	67.510	7.400E+1	7.400E+1	1.000E+3
173.691	73.980	67.200	7.400E+1	6.759E+1	1.000E+3
173.891	73.980	67.200	7.400E+1	6.759E+1	1.000E+3
174.092	73.980	67.200	7.400E+1	6.759E+1	1.000E+3
174.292	73.980	67.200	7.384E+1	7.384E+1	1.000E+3
174.493	73.980	67.200	7.384E+1	7.384E+1	1.000E+3
174.692	73.980	67.200	7.398E+1	7.398E+1	1.000E+3
174.892	73.980	67.200	7.398E+1	7.398E+1	1.000E+3
175.093	73.980	67.200	7.398E+1	7.398E+1	1.000E+3
175.293	72.990	67.370	7.398E+1	7.398E+1	1.000E+3
175.493	72.990	67.370	7.398E+1	7.398E+1	1.000E+3
175.695	72.990	67.370	7.398E+1	7.398E+1	1.000E+3
175.895	72.990	67.370	7.299E+1	7.299E+1	1.000E+3
176.096	72.990	67.370	7.299E+1	7.299E+1	1.000E+3
176.295	73.310	67.130	7.299E+1	7.299E+1	1.000E+3
176.496	73.310	67.130	7.299E+1	7.299E+1	1.000E+3
176.696	73.310	67.130	7.331E+1	7.331E+1	1.000E+3
176.896	73.310	67.130	7.331E+1	7.331E+1	1.000E+3
177.095	73.310	67.130	7.331E+1	7.331E+1	1.000E+3
177.296	73.310	67.130	7.331E+1	7.331E+1	1.000E+3
177.497	73.310	67.130	7.331E+1	7.331E+1	1.000E+3
177.696	73.560	67.200	7.331E+1	7.331E+1	1.000E+3
177.896	73.560	67.200	7.331E+1	7.331E+1	1.000E+3
178.096	73.560	67.200	7.356E+1	7.356E+1	1.000E+3
178.297	73.560	67.200	7.356E+1	7.356E+1	1.000E+3
178.497	63.130	57.370	7.356E+1	7.356E+1	1.000E+3
178.697	63.130	57.370	6.313E+1	6.313E+1	1.000E+3
178.897	63.130	57.370	6.313E+1	6.313E+1	1.000E+3
179.098	63.130	57.370	6.313E+1	6.313E+1	1.000E+3
179.297	63.130	57.370	6.313E+1	6.313E+1	1.000E+3
179.499	57.400	52.430	6.313E+1	6.313E+1	1.000E+3
179.698	57.400	52.430	5.740E+1	5.740E+1	1.000E+3
179.898	57.400	52.430	5.740E+1	5.740E+1	1.000E+3
180.099	57.400	52.430	5.740E+1	5.740E+1	1.000E+3
180.300	57.400	52.430	5.740E+1	5.740E+1	1.000E+3
180.501	57.640	52.210	5.740E+1	5.740E+1	1.000E+3
180.701	57.640	52.210	5.740E+1	5.740E+1	1.000E+3
180.902	57.640	52.210	5.764E+1	5.764E+1	1.000E+3
181.101	57.640	52.210	5.764E+1	5.764E+1	1.000E+3
181.303	57.640	52.210	5.764E+1	5.764E+1	1.000E+3
181.502	56.760	51.770	5.764E+1	5.635E+1	1.000E+3
181.702	56.760	51.770	5.764E+1	5.635E+1	1.000E+3
181.904	56.760	51.770	6.176E+1	6.176E+1	1.000E+3
182.104	56.760	51.770	6.176E+1	6.176E+1	1.000E+3
182.306	56.760	51.770	5.676E+1	5.676E+1	1.000E+3
182.506	56.760	51.770	5.676E+1	5.676E+1	1.000E+3
182.706	56.760	51.770	5.676E+1	5.676E+1	1.000E+3
182.906	56.760	51.770	5.676E+1	5.676E+1	1.000E+3
183.106	56.760	51.770	5.676E+1	5.676E+1	1.000E+3
183.306	57.040	51.440	5.676E+1	5.676E+1	1.000E+3
183.508	57.040	51.440	5.676E+1	5.676E+1	1.000E+3
183.708	57.040	51.440	5.704E+1	5.704E+1	1.000E+3
183.909	57.040	51.440	5.704E+1	5.704E+1	1.000E+3
184.109	57.040	51.440	5.704E+1	5.704E+1	1.000E+3
184.310	57.040	51.440	5.704E+1	5.704E+1	1.000E+3
184.510	56.270	51.200	5.704E+1	5.704E+1	1.000E+3
184.710	56.270	51.200	5.704E+1	5.704E+1	1.000E+3
184.911	56.270	51.200	5.627E+1	5.627E+1	1.000E+3
185.111	56.860	51.280	5.627E+1	5.627E+1	1.000E+3
185.310	56.860	51.280	5.627E+1	5.627E+1	1.000E+3
185.510	56.860	51.280	5.686E+1	5.686E+1	1.000E+3
185.711	56.860	51.280	5.686E+1	5.686E+1	1.000E+3
185.912	56.860	51.280	5.686E+1	5.686E+1	1.000E+3
186.112	56.800	51.250	5.686E+1	5.686E+1	1.000E+3
186.312	56.800	51.250	5.686E+1	5.686E+1	1.000E+3
186.513	56.800	51.250	5.680E+1	5.680E+1	1.000E+3
186.713	56.800	51.250	5.680E+1	5.680E+1	1.000E+3
186.913	56.800	51.250	5.680E+1	5.680E+1	1.000E+3
187.113	56.800	51.250	5.680E+1	5.680E+1	1.000E+3
187.312	56.770	51.360	5.680E+1	5.140E+1	1.000E+3
187.513	56.770	51.360	5.680E+1	5.140E+1	1.000E+3
187.713	56.770	51.360	5.665E+1	5.665E+1	1.000E+3
187.912	56.770	51.360	5.665E+1	5.665E+1	1.000E+3
188.113	56.770	51.360	5.677E+1	5.677E+1	1.000E+3
188.317	56.770	51.360	5.677E+1	5.677E+1	1.000E+3
188.517	56.770	51.360	5.677E+1	5.677E+1	1.000E+3
188.716	56.770	51.360	5.677E+1	5.677E+1	1.000E+3
188.916	56.770	51.360	5.677E+1	5.677E+1	1.000E+3
189.116	56.500	51.190	5.677E+1	5.677E+1	1.000E+3
189.317	56.500	51.190	5.677E+1	5.677E+1	1.000E+3
189.516	56.500	51.190	5.650E+1	5.650E+1	1.000E+3
189.717	56.500	51.190	5.650E+1	5.650E+1	1.000E+3
189.917	56.500	51.190	5.650E+1	5.650E+1	1.000E+3
190.117	56.320	51.390	5.650E+1	5.650E+1	1.000E+3
190.317	56.320	51.390	5.650E+1	5.650E+1	1.000E+3
190.518	56.320	51.390	5.632E+1	5.632E+1	1.000E+3
190.718	56.320	51.390	5.632E+1	5.632E+1	1.000E+3
190.918	46.960	42.240	5.632E+1	5.632E+1	1.000E+3
191.118	46.960	42.240	5.632E+1	5.632E+1	1.000E+3
191.318	46.960	42.240	4.696E+1	4.696E+1	1.000E+3
191.518	46.960	42.240	4.696E+1	4.696E+1	1.000E+3
191.717	46.960	42.240	4.696E+1	4.696E+1	1.000E+3
191.919	42.330	37.930	4.696E+1	4.696E+1	1.000E+3
192.118	42.330	37.930	4.696E+1	4.696E+1	1.000E+3
192.318	42.330	37.930	4.233E+1	4.233E+1	1.000E+3
192.519	42.330	37.930	4.233E+1	4.233E+1	1.000E+3
192.718	42.330	37.930	4.233E+1	4.233E+1	1.000E+3
192.918	42.330	37.930	4.233E+1	4.427E+1	1.000E+3
193.118	42.330	37.930	4.233E+1	4.427E+1	1.000E+3
193.328	42.330	37.930	4.233E+1	4.427E+1	1.000E+3
193.528	42.890	37.900	4.935E+1	4.935E+1	1.000E+3
193.728	42.890	37.900	4.935E+1	4.935E+1	1.000E+3
193.928	42.890	37.900	4.289E+1	4.289E+1	1.000E+3
194.130	42.890	37.900	4.289E+1	4.289E+1	1.000E+3
194.330	42.890	37.900	4.289E+1	4.289E+1	1.000E+3
194.531	42.890	37.900	4.289E+1	4.289E+1	1.000E+3
194.730	42.890	37.900	4.289E+1	4.289E+1	1.000E+3
194.930	41.600	37.330	4.289E+1	4.289E+1	1.000E+3
195.131	41.600	37.330	4.160E+1	4.160E+1	1.000E+3
195.332	41.600	37.330	4.160E+1	4.160E+1	1.000E+3
195.532	41.600	37.330	4.160E+1	4.160E+1	1.000E+3
195.731	41.600	37.330	4.160E+1	4.160E+1	1.000E+3
195.933	42.210	37.060	4.160E+1	4.160E+1	1.000E+3
196.132	42.210	37.060	4.221E+1	4.221E+1	1.000E+3
196.332	42.210	37.060	4.221E+1	4.221E+1	1.000E+3
196.532	42.210	37.060	4.221E+1	4.221E+1	1.000E+3
196.733	42.050	37.030	4.221E+1	4.221E+1	1.000E+3
196.933	42.050	37.030	4.221E+1	4.221E+1	1.000E+3
197.134	42.050	37.030	4.205E+1	4.205E+1	1.000E+3
197.334	42.050	37.030	4.205E+1	4.205E+1	1.000E+3
197.533	42.050	37.030	4.205E+1	4.205E+1	1.000E+3
197.734	41.800	37.220	4.205E+1	4.205E+1	1.000E+3
197.934	41.800	37.220	4.205E+1	4.205E+1	1.000E+3
198.135	41.800	37.220	4.180E+1	4.180E+1	1.000E+3
198.335	41.800	37.220	4.180E+1	4.180E+1	1.000E+3
198.537	41.800	37.220	4.180E+1	4.180E+1	1.000E+3
198.738	41.840	37.120	4.180E+1	3.722E+1	1.000E+3
198.939	41.840	37.120	4.180E+1	3.722E+1	1.000E+3
199.138	41.840	37.120	4.180E+1	3.722E+1	1.000E+3
199.338	41.840	37.120	4.202E+1	4.202E+1	1.000E+3
199.538	41.840	37.120	4.202E+1	4.202E+1	1.000E+3
199.739	41.840	37.120	4.184E+1	4.184E+1	1.000E+3
199.939	41.840	37.120	4.184E+1	4.184E+1	1.000E+3
200.138	41.840	37.120	4.184E+1	4.184E+1	1.000E+3
200.338	41.840	37.120	4.184E+1	4.184E+1	1.000E+3
200.539	41.840	37.120	4.184E+1	4.184E+1	1.000E+3
200.739	42.840	37.090	4.184E+1	4.184E+1	1.000E+3
200.939	42.840	37.090	4.184E+1	4.184E+1	1.000E+3
201.140	42.840	37.090	4.284E+1	4.284E+1	1.000E+3
201.340	42.840	37.090	4.284E+1	4.284E+1	1.000E+3
201.541	41.780	37.160	4.284E+1	4.284E+1	1.000E+3
201.741	41.780	37.160	4.284E+1	4.284E+1	1.000E+3
201.941	41.780	37.160	4.178E+1	4.178E+1	1.000E+3
202.141	41.780	37.160	4.178E+1	4.178E+1	1.000E+3
202.343	41.780	37.160	4.178E+1	4.178E+1	1.000E+3
202.543	32.640	28.770	4.178E+1	4.178E+1	1.000E+3
202.743	32.640	28.770	4.178E+1	4.178E+1	1.000E+3
202.942	32.640	28.770	3.264E+1	3.264E+1	1.000E+3
203.142	32.640	28.770	3.264E+1	3.264E+1	1.000E+3
203.342	32.640	28.770	3.264E+1	3.264E+1	1.000E+3
203.543	30.260	26.260	3.264E+1	3.264E+1	1.000E+3
203.743	30.260	26.260	3.264E+1	3.264E+1	1.000E+3
203.943	30.260	26.260	3.026E+1	3.026E+1	1.000E+3
204.142	30.260	26.260	3.026E+1	3.026E+1	1.000E+3
204.343	30.260	26.260	3.026E+1	3.026E+1	1.000E+3
204.543	31.160	26.070	3.026E+1	3.118E+1	1.000E+3
204.742	31.160	26.070	3.026E+1	3.118E+1	1.000E+3
204.944	31.160	26.070	3.026E+1	3.118E+1	1.000E+3
205.143	31.160	26.070	3.577E+1	3.577E+1	1.000E+3
205.343	31.160	26.070	3.116E+1	3.116E+1	1.000E+3
205.544	31.160	26.070	3.116E+1	3.116E+1	1.000E+3
205.743	31.160	26.070	3.116E+1	3.116E+1	1.000E+3
205.943	31.160	26.070	3.116E+1	3.116E+1	1.000E+3
206.144	30.040	25.780	3.116E+1	3.116E+1	1.000E+3
206.344	30.040	25.780	3.116E+1	3.116E+1	1.000E+3
206.544	30.040	25.780	3.004E+1	3.004E+1	1.000E+3
206.745	30.040	25.780	3.004E+1	3.004E+1	1.000E+3
206.945	30.040	25.780	3.004E+1	3.004E+1	1.000E+3
207.146	30.040	25.780	3.004E+1	3.004E+1	1.000E+3
207.346	30.030	25.710	3.004E+1	3.004E+1	1.000E+3
207.547	30.030	25.710	3.003E+1	3.003E+1	1.000E+3
207.747	30.030	25.710	3.003E+1	3.003E+1	1.000E+3
207.947	30.030	25.710	3.003E+1	3.003E+1	1.000E+3
208.146	30.030	25.710	3.003E+1	3.003E+1	1.000E+3
208.347	29.710	25.840	3.003E+1	3.003E+1	1.000E+3
208.547	29.710	25.840	3.003E+1	3.003E+1	1.000E+3
208.746	29.710	25.840	2.971E+1	2.971E+1	1.000E+3
208.947	29.710	25.840	2.971E+1	2.971E+1	1.000E+3
209.147	29.710	25.840	2.971E+1	2.971E+1	1.000E+3
209.346	30.480	25.840	2.971E+1	2.971E+1	1.000E+3
209.546	30.480	25.840	2.971E+1	2.971E+1	1.000E+3
209.748	30.480	25.840	3.048E+1	3.048E+1	1.000E+3
209.947	30.480	25.840	3.048E+1	3.048E+1	1.000E+3
210.148	30.480	25.840	3.048E+1	3.048E+1	1.000E+3
210.347	30.480	25.840	3.048E+1	3.048E+1	1.000E+3
210.547	30.660	25.730	3.048E+1	2.583E+1	1.000E+3
210.749	30.660	25.730	3.048E+1	2.583E+1	1.000E+3
210.950	30.660	25.730	3.001E+1	3.001E+1	1.000E+3
211.150	30.660	25.730	3.001E+1	3.001E+1	1.000E+3
211.351	30.660	25.730	3.066E+1	3.066E+1	1.000E+3
211.550	30.660	25.730	3.066E+1	3.066E+1	1.000E+3
211.750	30.660	25.730	3.066E+1	3.066E+1	1.000E+3
211.952	30.660	25.730	3.066E+1	3.066E+1	1.000E+3
212.152	30.660	25.730	3.066E+1	3.066E+1	1.000E+3
212.353	29.740	25.750	3.066E+1	3.066E+1	1.000E+3
212.552	29.740	25.750	3.066E+1	3.066E+1	1.000E+3
212.752	29.740	25.750	2.974E+1	2.974E+1	1.000E+3
212.953	29.740	25.750	2.974E+1	2.974E+1	1.000E+3
213.153	29.370	25.790	2.974E+1	2.974E+1	1.000E+3
213.354	29.370	25.790	2.937E+1	2.937E+1	1.000E+3
213.553	29.370	25.790	2.937E+1	2.937E+1	1.000E+3
213.754	29.370	25.790	2.937E+1	2.937E+1	1.000E+3
213.954	29.370	25.790	2.937E+1	2.937E+1	1.000E+3
214.155	25.120	21.170	2.937E+1	2.937E+1	1.000E+3
214.354	25.120	21.170	2.937E+1	2.937E+1	1.000E+3
214.555	25.120	21.170	2.512E+1	2.512E+1	1.000E+3
214.754	25.120	21.170	2.512E+1	2.512E+1	1.000E+3
214.955	25.120	21.170	2.512E+1	2.512E+1	1.000E+3
215.155	22.360	18.020	2.512E+1	2.512E+1	1.000E+3
215.356	22.360	18.020	2.512E+1	2.512E+1	1.000E+3
215.557	22.360	18.020	2.236E+1	2.236E+1	1.000E+3
215.756	22.360	18.020	2.236E+1	2.236E+1	1.000E+3
215.956	22.360	18.020	2.236E+1	2.236E+1	1.000E+3
216.157	22.220	17.750	2.236E+1	2.173E+1	1.000E+3
216.358	22.220	17.750	2.236E+1	2.173E+1	1.000E+3
216.559	22.220	17.750	2.236E+1	2.173E+1	1.000E+3
216.759	22.220	17.750	2.583E+1	2.583E+1	1.000E+3
216.958	22.220	17.750	2.222E+1	2.222E+1	1.000E+3
217.160	22.220	17.750	2.222E+1	2.222E+1	1.000E+3
217.360	22.220	17.750	2.222E+1	2.222E+1	1.000E+3
217.561	22.220	17.750	2.222E+1	2.222E+1	1.000E+3
217.760	22.220	17.750	2.222E+1	2.222E+1	1.000E+3
217.961	22.220	17.750	2.222E+1	2.222E+1	1.000E+3
218.161	21.270	17.580	2.222E+1	2.222E+1	1.000E+3
218.360	21.270	17.580	2.127E+1	2.127E+1	1.000E+3
218.560	21.270	17.580	2.127E+1	2.127E+1	1.000E+3
218.761	20.620	17.440	2.127E+1	2.127E+1	1.000E+3
218.960	20.620	17.440	2.127E+1	2.127E+1	1.000E+3
219.160	20.620	17.440	2.062E+1	2.062E+1	1.000E+3
219.361	20.620	17.440	2.062E+1	2.062E+1	1.000E+3
219.562	20.620	17.440	2.062E+1	2.062E+1	1.000E+3
219.762	20.620	17.440	2.062E+1	2.062E+1	1.000E+3
219.963	20.910	17.540	2.062E+1	2.062E+1	1.000E+3
220.163	20.910	17.540	2.091E+1	2.091E+1	1.000E+3
220.363	20.910	17.540	2.091E+1	2.091E+1	1.000E+3
220.564	20.910	17.540	2.091E+1	2.091E+1	1.000E+3
220.764	20.910	17.540	2.091E+1	2.091E+1	1.000E+3
220.965	21.280	17.480	2.091E+1	2.091E+1	1.000E+3
221.166	21.280	17.480	2.128E+1	2.128E+1	1.000E+3
221.366	21.280	17.480	2.128E+1	2.128E+1	1.000E+3
221.568	21.280	17.480	2.128E+1	2.128E+1	1.000E+3
221.768	21.280	17.480	2.128E+1	2.128E+1	1.000E+3
221.967	21.520	17.530	2.128E+1	1.754E+1	1.000E+3
222.167	21.520	17.530	2.128E+1	1.754E+1	1.000E+3
222.369	21.520	17.530	2.145E+1	2.145E+1	1.000E+3
222.569	21.520	17.530	2.145E+1	2.145E+1	1.000E+3
222.769	21.520	17.530	2.152E+1	2.152E+1	1.000E+3
222.971	21.520	17.530	2.152E+1	2.152E+1	1.000E+3
223.172	21.520	17.530	2.152E+1	2.152E+1	1.000E+3
223.371	21.520	17.530	2.152E+1	2.152E+1	1.000E+3
223.572	21.520	17.530	2.152E+1	2.152E+1	1.000E+3
223.771	20.770	17.430	2.152E+1	2.152E+1	1.000E+3
223.971	20.770	17.430	2.152E+1	2.152E+1	1.000E+3
224.171	20.770	17.430	2.077E+1	2.077E+1	1.000E+3
224.372	20.770	17.430	2.077E+1	2.077E+1	1.000E+3
224.572	21.760	17.490	2.077E+1	2.077E+1	1.000E+3
224.771	21.760	17.490	2.077E+1	2.077E+1	1.000E+3
224.973	21.760	17.490	2.176E+1	2.176E+1	1.000E+3
225.174	21.760	17.490	2.176E+1	2.176E+1	1.000E+3
225.374	21.760	17.490	2.176E+1	2.176E+1	1.000E+3
225.574	18.630	14.480	2.176E+1	2.176E+1	1.000E+3
225.774	18.630	14.480	2.176E+1	2.176E+1	1.000E+3
225.974	18.630	14.480	1.863E+1	1.863E+1	1.000E+3
226.174	18.630	14.480	1.863E+1	1.863E+1	1.000E+3
226.374	18.630	14.480	1.863E+1	1.863E+1	1.000E+3
226.575	16.750	12.380	1.863E+1	1.863E+1	1.000E+3
226.774	16.750	12.380	1.863E+1	1.863E+1	1.000E+3
226.974	16.750	12.380	1.675E+1	1.675E+1	1.000E+3
227.174	16.750	12.380	1.675E+1	1.675E+1	1.000E+3
227.374	16.750	12.380	1.675E+1	1.675E+1	1.000E+3
227.575	16.750	12.380	1.675E+1	1.675E+1	1.000E+3
227.774	15.410	12.230	1.675E+1	1.484E+1	1.000E+3
227.975	15.410	12.230	1.675E+1	1.484E+1	1.000E+3
228.175	15.410	12.230	1.870E+1	1.870E+1	1.000E+3
228.376	15.410	12.230	1.870E+1	1.870E+1	1.000E+3
228.578	15.410	12.230	1.541E+1	1.541E+1	1.000E+3
228.779	15.410	12.230	1.541E+1	1.541E+1	1.000E+3
228.978	15.410	12.230	1.541E+1	1.541E+1	1.000E+3
229.179	15.410	12.230	1.541E+1	1.541E+1	1.000E+3
229.379	15.410	12.230	1.541E+1	1.541E+1	1.000E+3
229.579	15.690	12.100	1.541E+1	1.541E+1	1.000E+3
229.780	15.690	12.100	1.541E+1	1.541E+1	1.000E+3
229.979	15.690	12.100	1.569E+1	1.569E+1	1.000E+3
230.179	15.690	12.100	1.569E+1	1.569E+1	1.000E+3
230.380	15.690	12.100	1.569E+1	1.569E+1	1.000E+3
230.579	16.900	12.150	1.569E+1	1.569E+1	1.000E+3
230.780	16.900	12.150	1.569E+1	1.569E+1	1.000E+3
230.981	16.900	12.150	1.690E+1	1.690E+1	1.000E+3
231.182	16.900	12.150	1.690E+1	1.690E+1	1.000E+3
231.382	16.900	12.150	1.690E+1	1.690E+1	1.000E+3
231.581	15.930	12.130	1.690E+1	1.690E+1	1.000E+3
231.782	15.930	12.130	1.593E+1	1.593E+1	1.000E+3
231.984	15.930	12.130	1.593E+1	1.593E+1	1.000E+3
232.184	15.930	12.130	1.593E+1	1.593E+1	1.000E+3
232.385	15.930	12.130	1.593E+1	1.593E+1	1.000E+3
232.584	15.790	12.130	1.593E+1	1.593E+1	1.000E+3
232.785	15.790	12.130	1.579E+1	1.579E+1	1.000E+3
232.984	15.790	12.130	1.579E+1	1.579E+1	1.000E+3
233.184	15.790	12.130	1.579E+1	1.579E+1	1.000E+3
233.385	15.790	12.130	1.579E+1	1.579E+1	1.000E+3
233.585	16.420	12.110	1.579E+1	1.214E+1	1.000E+3
233.784	16.420	12.110	1.579E+1	1.214E+1	1.000E+3
233.984	16.420	12.110	1.588E+1	1.588E+1	1.000E+3
234.185	16.420	12.110	1.588E+1	1.588E+1	1.000E+3
234.385	16.420	12.110	1.642E+1	1.642E+1	1.000E+3
234.586	16.420	12.110	1.642E+1	1.642E+1	1.000E+3
234.785	16.420	12.110	1.642E+1	1.642E+1	1.000E+3
234.986	16.420	12.110	1.642E+1	1.642E+1	1.000E+3
235.185	16.420	12.110	1.642E+1	1.642E+1	1.000E+3
235.386	15.900	12.110	1.642E+1	1.642E+1	1.000E+3
235.585	15.900	12.110	1.642E+1	1.642E+1	1.000E+3
235.787	15.900	12.110	1.590E+1	1.590E+1	1.000E+3
235.986	15.900	12.110	1.590E+1	1.590E+1	1.000E+3
236.186	15.900	12.110	1.590E+1	1.590E+1	1.000E+3
236.386	14.580	10.300	1.590E+1	1.590E+1	1.000E+3
236.587	14.580	10.300	1.590E+1	1.590E+1	1.000E+3
236.788	14.580	10.300	1.458E+1	1.458E+1	1.000E+3
236.988	14.580	10.300	1.458E+1	1.458E+1	1.000E+3
237.187	14.580	10.300	1.458E+1	1.458E+1	1.000E+3
237.387	14.580	10.300	1.458E+1	1.458E+1	1.000E+3
237.587	12.410	9.000	1.458E+1	1.458E+1	1.000E+3
237.788	12.410	9.000	1.241E+1	1.241E+1	1.000E+3
237.987	12.410	9.000	1.241E+1	1.241E+1	1.000E+3
238.187	13.610	9.020	1.241E+1	1.241E+1	1.000E+3
238.387	13.610	9.020	1.241E+1	1.241E+1	1.000E+3
238.587	13.610	9.020	1.361E+1	1.361E+1	1.000E+3
238.787	13.610	9.020	1.361E+1	1.361E+1	1.000E+3
238.988	13.610	9.020	1.361E+1	1.361E+1	1.000E+3
239.188	12.710	8.980	1.361E+1	9.904E+0	1.000E+3
239.389	12.710	8.980	1.361E+1	9.904E+0	1.000E+3
239.589	12.710	8.980	1.361E+1	9.904E+0	1.000E+3
239.788	12.710	8.980	1.362E+1	1.362E+1	1.000E+3
239.988	12.710	8.980	1.362E+1	1.362E+1	1.000E+3
240.188	12.710	8.980	1.271E+1	1.271E+1	1.000E+3
240.388	12.710	8.980	1.271E+1	1.271E+1	1.000E+3
240.588	12.710	8.980	1.271E+1	1.271E+1	1.000E+3
240.788	12.710	8.980	1.271E+1	1.271E+1	1.000E+3
240.988	12.710	8.980	1.271E+1	1.271E+1	1.000E+3
241.188	12.350	8.980	1.271E+1	1.271E+1	1.000E+3
241.388	12.350	8.980	1.271E+1	1.271E+1	1.000E+3
241.590	12.350	8.980	1.235E+1	1.235E+1	1.000E+3
241.790	12.350	8.980	1.235E+1	1.235E+1	1.000E+3
241.990	12.760	9.000	1.235E+1	1.235E+1	1.000E+3
242.190	12.760	9.000	1.276E+1	1.276E+1	1.000E+3
242.391	12.760	9.000	1.276E+1	1.276E+1	1.000E+3
242.592	12.760	9.000	1.276E+1	1.276E+1	1.000E+3
242.792	12.760	9.000	1.276E+1	1.276E+1	1.000E+3
242.994	12.080	9.010	1.276E+1	1.276E+1	1.000E+3
243.194	12.080	9.010	1.208E+1	1.208E+1	1.000E+3
243.396	12.080	9.010	1.208E+1	1.208E+1	1.000E+3
243.595	12.080	9.010	1.208E+1	1.208E+1	1.000E+3
243.797	12.080	9.010	1.208E+1	1.208E+1	1.000E+3
243.997	12.810	8.990	1.208E+1	1.208E+1	1.000E+3
244.196	12.810	8.990	1.208E+1	1.208E+1	1.000E+3
244.397	12.810	8.990	1.281E+1	1.281E+1	1.000E+3
244.597	12.810	8.990	1.281E+1	1.281E+1	1.000E+3
244.796	12.810	8.990	1.281E+1	1.281E+1	1.000E+3
244.997	12.220	8.990	1.281E+1	9.017E+0	1.000E+3
245.196	12.220	8.990	1.281E+1	9.017E+0	1.000E+3
