0.000	0.000	0.075	0.000E+0	1.700E+1
0.002	0.000	0.075	3.000E-1	1.700E+1
0.202	0.000	0.075	3.000E-1	1.700E+1
0.404	0.000	0.075	3.000E-1	1.700E+1
0.603	0.000	0.075	3.000E-1	1.700E+1
0.804	0.000	0.075	3.000E-1	1.700E+1
1.005	0.000	0.075	3.000E-1	1.700E+1
1.206	0.000	0.075	3.000E-1	1.700E+1
1.407	0.000	0.075	3.000E-1	1.700E+1
1.606	0.000	0.075	3.000E-1	1.700E+1
1.806	0.000	0.075	3.000E-1	1.700E+1
2.008	0.000	0.075	3.000E-1	1.700E+1
2.210	0.000	0.075	3.000E-1	1.700E+1
2.410	0.000	0.075	3.000E-1	1.700E+1
2.609	0.000	0.075	3.000E-1	1.700E+1
2.810	0.000	0.075	3.000E-1	1.700E+1
3.010	0.000	0.075	3.000E-1	1.700E+1
3.209	0.000	0.075	3.000E-1	1.700E+1
3.410	0.000	0.075	3.000E-1	1.700E+1
3.610	0.000	0.075	3.000E-1	1.700E+1
3.811	0.000	0.075	3.000E-1	1.700E+1
4.010	0.000	0.075	3.000E-1	1.700E+1
4.212	0.000	0.075	3.000E-1	1.700E+1
4.413	0.000	0.075	3.000E-1	1.700E+1
4.613	0.000	0.075	3.000E-1	1.700E+1
4.814	0.000	0.075	3.000E-1	1.700E+1
5.014	0.000	0.075	3.000E-1	1.700E+1
5.215	0.000	0.075	3.000E-1	1.700E+1
5.416	0.000	0.075	3.000E-1	1.700E+1
5.616	0.000	0.075	3.000E-1	1.700E+1
5.815	0.000	0.075	3.000E-1	1.700E+1
6.016	0.000	0.075	3.000E-1	1.700E+1
6.216	0.000	0.075	3.000E-1	1.700E+1
6.418	0.000	0.075	3.000E-1	1.700E+1
6.618	0.000	0.075	3.000E-1	1.700E+1
6.819	0.000	0.075	3.000E-1	1.700E+1
7.018	0.000	0.075	3.000E-1	1.700E+1
7.219	0.000	0.075	3.000E-1	1.700E+1
7.420	0.000	0.075	3.000E-1	1.700E+1
7.621	0.000	0.075	3.000E-1	1.700E+1
7.822	0.000	0.075	3.000E-1	1.700E+1
8.021	0.000	0.075	3.000E-1	1.700E+1
8.221	0.000	0.075	3.000E-1	1.700E+1
8.421	0.000	0.075	3.000E-1	1.700E+1
8.622	0.000	0.075	3.000E-1	1.700E+1
8.823	0.000	0.075	3.000E-1	1.700E+1
9.022	0.000	0.075	3.000E-1	1.700E+1
9.224	0.000	0.075	3.000E-1	1.700E+1
9.423	0.000	0.075	3.000E-1	1.700E+1
9.625	0.000	0.075	3.000E-1	1.700E+1
9.825	0.000	0.075	3.000E-1	1.700E+1
10.026	0.000	0.075	3.000E-1	1.700E+1
10.226	0.000	0.075	3.000E-1	1.700E+1
10.427	0.000	0.075	3.000E-1	1.700E+1
10.627	0.000	0.075	3.000E-1	1.700E+1
10.827	0.000	0.075	3.000E-1	1.700E+1
11.026	0.000	0.075	3.000E-1	1.700E+1
11.226	0.000	0.075	3.000E-1	1.700E+1
11.426	0.000	0.075	3.000E-1	1.700E+1
11.628	0.000	0.075	3.000E-1	1.700E+1
11.827	0.000	0.075	3.000E-1	1.700E+1
12.029	0.000	0.075	3.000E-1	1.700E+1
12.230	0.000	0.075	3.000E-1	1.700E+1
12.431	0.000	0.075	3.000E-1	1.700E+1
12.630	0.000	0.075	3.000E-1	1.700E+1
12.831	0.000	0.075	3.000E-1	1.700E+1
13.030	0.000	0.075	3.000E-1	1.700E+1
13.231	0.000	0.075	3.000E-1	1.700E+1
13.431	0.000	0.075	3.000E-1	1.700E+1
13.631	0.000	0.075	3.000E-1	1.700E+1
13.833	0.000	0.075	3.000E-1	1.700E+1
14.035	0.000	0.075	3.000E-1	1.700E+1
14.235	0.000	0.075	3.000E-1	1.700E+1
14.435	0.000	0.075	3.000E-1	1.700E+1
14.636	0.000	0.075	3.000E-1	1.700E+1
14.838	0.000	0.075	3.000E-1	1.700E+1
15.037	0.000	0.075	3.000E-1	1.700E+1
15.237	0.000	0.075	3.000E-1	1.700E+1
15.438	0.000	0.075	3.000E-1	1.700E+1
15.638	0.000	0.075	3.000E-1	1.700E+1
15.838	0.000	0.075	3.000E-1	1.700E+1
16.039	0.000	0.075	3.000E-1	1.700E+1
16.239	0.000	0.075	3.000E-1	1.700E+1
16.440	0.000	0.075	3.000E-1	1.700E+1
16.639	0.000	0.075	3.000E-1	1.700E+1
16.840	0.000	0.075	3.000E-1	1.700E+1
17.040	0.000	0.075	3.000E-1	1.700E+1
17.239	0.000	0.075	3.000E-1	1.700E+1
17.440	0.000	0.075	3.000E-1	1.700E+1
17.640	0.000	0.075	3.000E-1	1.700E+1
17.841	0.000	0.075	3.000E-1	1.700E+1
18.041	0.000	0.075	3.000E-1	1.700E+1
18.241	0.000	0.075	3.000E-1	1.700E+1
18.441	0.000	0.075	3.000E-1	1.700E+1
18.642	0.000	0.075	3.000E-1	1.700E+1
18.842	0.000	0.075	3.000E-1	1.700E+1
19.042	0.000	0.075	3.000E-1	1.700E+1
19.244	0.000	0.075	3.000E-1	1.700E+1
19.444	0.000	0.075	3.000E-1	1.700E+1
19.643	0.000	0.075	3.000E-1	1.700E+1
19.843	0.000	0.075	3.000E-1	1.700E+1
20.045	0.000	0.075	3.000E-1	1.700E+1
20.245	0.000	0.075	3.000E-1	1.700E+1
20.445	0.000	0.075	3.000E-1	1.700E+1
20.645	0.000	0.075	3.000E-1	1.700E+1
20.847	0.000	0.075	3.000E-1	1.700E+1
21.047	0.000	0.075	3.000E-1	1.700E+1
21.249	0.000	0.075	3.000E-1	1.700E+1
21.449	0.000	0.075	3.000E-1	1.700E+1
21.648	0.000	0.075	3.000E-1	1.700E+1
21.849	0.000	0.075	3.000E-1	1.700E+1
22.049	0.000	0.075	3.000E-1	1.700E+1
22.249	0.000	0.075	3.000E-1	1.700E+1
22.448	0.000	0.075	3.000E-1	1.700E+1
22.648	0.000	0.075	3.000E-1	1.700E+1
22.849	0.000	0.075	3.000E-1	1.700E+1
23.048	0.000	0.075	3.000E-1	1.700E+1
23.249	0.000	0.075	3.000E-1	1.700E+1
23.449	0.000	0.075	3.000E-1	1.700E+1
23.649	0.000	0.075	3.000E-1	1.700E+1
23.850	0.000	0.075	3.000E-1	1.700E+1
24.050	0.000	0.075	3.000E-1	1.700E+1
24.249	0.000	0.075	3.000E-1	1.700E+1
24.450	0.000	0.075	3.000E-1	1.700E+1
24.650	0.000	0.075	3.000E-1	1.700E+1
24.850	0.000	0.075	3.000E-1	1.700E+1
25.051	0.000	0.075	3.000E-1	1.700E+1
25.251	0.000	0.075	3.000E-1	1.700E+1
25.451	0.000	0.075	3.000E-1	1.700E+1
25.651	0.000	0.075	3.000E-1	1.700E+1
25.852	0.000	0.075	3.000E-1	1.700E+1
26.053	0.000	0.075	3.000E-1	1.700E+1
26.254	0.000	0.075	3.000E-1	1.700E+1
26.455	0.000	0.075	3.000E-1	1.700E+1
26.655	0.000	0.075	3.000E-1	1.700E+1
26.856	0.000	0.075	3.000E-1	1.700E+1
27.056	0.000	0.075	3.000E-1	1.700E+1
27.256	0.000	0.075	3.000E-1	1.700E+1
27.455	0.000	0.075	3.000E-1	1.700E+1
27.656	0.000	0.075	3.000E-1	1.700E+1
27.856	0.000	0.075	3.000E-1	1.700E+1
28.057	0.000	0.075	3.000E-1	1.700E+1
28.258	0.000	0.075	3.000E-1	1.700E+1
28.458	0.000	0.075	3.000E-1	1.700E+1
28.658	0.000	0.075	3.000E-1	1.700E+1
28.858	0.000	0.075	3.000E-1	1.700E+1
29.058	0.000	0.075	3.000E-1	1.700E+1
29.258	0.000	0.075	3.000E-1	1.700E+1
29.459	0.000	0.075	3.000E-1	1.700E+1
29.658	0.000	0.075	3.000E-1	1.700E+1
29.859	0.000	0.075	3.000E-1	1.700E+1
30.058	0.000	0.075	3.000E-1	1.700E+1
30.258	0.000	0.075	3.000E-1	1.700E+1
30.458	0.000	0.075	3.000E-1	1.700E+1
30.658	0.000	0.075	3.000E-1	1.700E+1
30.859	0.000	0.075	3.000E-1	1.700E+1
31.058	0.000	0.075	3.000E-1	1.700E+1
31.259	0.000	0.075	3.000E-1	1.700E+1
31.459	0.000	0.075	3.000E-1	1.700E+1
31.660	0.000	0.075	3.000E-1	1.700E+1
31.862	0.000	0.075	3.000E-1	1.700E+1
32.061	0.000	0.075	3.000E-1	1.700E+1
32.261	0.000	0.075	3.000E-1	1.700E+1
32.461	0.000	0.075	3.000E-1	1.700E+1
32.661	0.000	0.075	3.000E-1	1.700E+1
32.861	0.000	0.075	3.000E-1	1.700E+1
33.062	0.000	0.075	3.000E-1	1.700E+1
33.263	0.000	0.075	3.000E-1	1.700E+1
33.464	0.000	0.075	3.000E-1	1.700E+1
33.663	0.000	0.075	3.000E-1	1.700E+1
33.865	0.000	0.075	3.000E-1	1.700E+1
34.065	0.000	0.075	3.000E-1	1.700E+1
34.265	0.000	0.075	3.000E-1	1.700E+1
34.466	0.000	0.075	3.000E-1	1.700E+1
34.668	0.000	0.075	3.000E-1	1.700E+1
34.868	0.000	0.075	3.000E-1	1.700E+1
35.069	0.000	0.075	3.000E-1	1.700E+1
35.268	0.000	0.075	3.000E-1	1.700E+1
35.468	0.000	0.075	3.000E-1	1.700E+1
35.670	0.000	0.075	3.000E-1	1.700E+1
35.869	0.000	0.075	3.000E-1	1.700E+1
36.070	0.000	0.075	3.000E-1	1.700E+1
36.270	0.000	0.075	3.000E-1	1.700E+1
36.470	0.000	0.075	3.000E-1	1.700E+1
36.672	0.000	0.075	3.000E-1	1.700E+1
36.871	0.000	0.075	3.000E-1	1.700E+1
37.072	0.000	0.075	3.000E-1	1.700E+1
37.272	0.035	0.075	3.660E+0	1.700E+1
37.473	0.035	0.075	3.660E+0	1.700E+1
37.672	0.075	0.075	3.660E+0	1.700E+1
37.872	0.075	0.075	4.940E+0	1.700E+1
38.074	0.075	0.075	4.940E+0	1.700E+1
38.273	0.075	0.075	4.940E+0	1.700E+1
38.474	0.075	0.075	4.940E+0	1.700E+1
38.674	0.075	0.075	4.940E+0	1.700E+1
38.874	0.075	0.075	4.940E+0	1.700E+1
39.075	0.075	0.075	4.940E+0	1.700E+1
39.274	0.075	0.075	4.940E+0	1.700E+1
39.475	0.075	0.075	4.940E+0	1.700E+1
39.676	0.075	0.075	4.940E+0	1.700E+1
39.875	0.075	0.075	4.940E+0	1.700E+1
40.075	0.075	0.075	4.940E+0	1.700E+1
40.275	0.075	0.075	4.940E+0	1.700E+1
40.477	0.075	0.075	4.940E+0	1.700E+1
40.676	0.075	0.075	4.940E+0	1.700E+1
40.877	0.075	0.075	4.940E+0	1.700E+1
41.077	0.075	0.075	4.940E+0	1.700E+1
41.277	0.075	0.075	4.940E+0	1.700E+1
41.478	0.075	0.075	4.940E+0	1.700E+1
41.678	0.075	0.075	4.940E+0	1.700E+1
41.878	0.075	0.075	4.940E+0	1.700E+1
42.080	0.075	0.075	4.940E+0	1.700E+1
42.280	0.075	0.075	4.940E+0	1.700E+1
42.480	0.075	0.075	4.940E+0	1.700E+1
42.680	0.075	0.075	4.940E+0	1.700E+1
42.880	0.075	0.075	4.940E+0	1.700E+1
43.080	0.075	0.075	4.940E+0	1.700E+1
43.280	0.075	0.075	4.940E+0	1.700E+1
43.480	0.075	0.075	4.940E+0	1.700E+1
43.682	0.075	0.075	4.940E+0	1.700E+1
43.881	0.075	0.075	4.940E+0	1.700E+1
44.083	0.075	0.075	4.940E+0	1.700E+1
44.283	0.075	0.075	4.940E+0	1.700E+1
44.484	0.075	0.075	4.940E+0	1.700E+1
44.683	0.075	0.075	4.940E+0	1.700E+1
44.883	0.075	0.075	4.940E+0	1.700E+1
45.085	0.075	0.075	4.940E+0	1.700E+1
45.286	0.075	0.075	4.940E+0	1.700E+1
45.485	0.075	0.075	4.940E+0	1.700E+1
45.685	0.075	0.075	4.940E+0	1.700E+1
45.885	0.075	0.075	4.940E+0	1.700E+1
46.086	0.075	0.075	4.940E+0	1.700E+1
46.285	0.075	0.075	4.940E+0	1.700E+1
46.486	0.075	0.075	4.940E+0	1.700E+1
46.686	0.075	0.075	4.940E+0	1.700E+1
46.886	0.075	0.100	4.940E+0	1.700E+1
47.086	0.075	0.100	4.940E+0	1.700E+1
47.286	0.075	0.100	4.940E+0	1.700E+1
47.486	0.075	0.100	4.940E+0	1.700E+1
47.686	0.075	0.100	4.940E+0	1.700E+1
47.887	0.075	0.100	4.940E+0	1.700E+1
48.086	0.075	0.100	4.940E+0	1.700E+1
48.287	0.075	0.100	4.940E+0	1.700E+1
48.486	0.075	0.100	4.940E+0	1.700E+1
48.686	0.075	0.100	7.160E+0	1.700E+1
48.886	0.100	0.100	6.480E+0	1.700E+1
49.086	0.100	0.100	6.480E+0	1.700E+1
49.287	0.100	0.100	6.480E+0	1.700E+1
49.488	0.100	0.100	6.480E+0	1.700E+1
49.687	0.100	0.100	6.480E+0	1.700E+1
49.888	0.100	0.100	6.480E+0	1.700E+1
50.088	0.100	0.100	6.480E+0	1.700E+1
50.288	0.100	0.100	6.480E+0	1.700E+1
50.487	0.100	0.100	6.480E+0	1.700E+1
50.689	0.100	0.100	6.480E+0	1.700E+1
50.889	0.100	0.100	6.480E+0	1.700E+1
51.089	0.100	0.100	6.480E+0	1.700E+1
51.289	0.100	0.100	6.480E+0	1.700E+1
51.490	0.100	0.100	6.470E+0	1.700E+1
51.690	0.100	0.100	6.470E+0	1.700E+1
51.890	0.100	0.100	6.480E+0	1.700E+1
52.092	0.100	0.100	6.480E+0	1.700E+1
52.293	0.100	0.100	6.480E+0	1.700E+1
52.492	0.100	0.100	6.480E+0	1.700E+1
52.693	0.100	0.100	6.480E+0	1.700E+1
52.892	0.100	0.100	6.480E+0	1.700E+1
53.092	0.100	0.100	6.480E+0	1.700E+1
53.294	0.100	0.100	6.480E+0	1.700E+1
53.494	0.100	0.100	6.480E+0	1.700E+1
53.694	0.100	0.100	6.480E+0	1.700E+1
53.893	0.100	0.100	6.480E+0	1.700E+1
54.095	0.100	0.100	6.480E+0	1.700E+1
54.294	0.100	0.100	6.480E+0	1.700E+1
54.495	0.100	0.100	6.480E+0	1.700E+1
54.695	0.100	0.100	6.480E+0	1.700E+1
54.897	0.100	0.100	6.480E+0	1.700E+1
55.096	0.100	0.100	6.480E+0	1.700E+1
55.297	0.100	0.100	6.480E+0	1.700E+1
55.498	0.100	0.100	6.480E+0	1.700E+1
55.697	0.100	0.100	6.480E+0	1.700E+1
55.898	0.100	0.100	6.480E+0	1.700E+1
56.097	0.100	0.100	6.480E+0	1.700E+1
56.298	0.100	0.100	6.480E+0	1.700E+1
56.497	0.100	0.100	6.480E+0	1.700E+1
56.697	0.100	0.100	6.480E+0	1.700E+1
56.897	0.100	0.100	6.480E+0	1.700E+1
57.098	0.100	0.100	6.480E+0	1.700E+1
57.299	0.100	0.100	6.480E+0	1.700E+1
57.498	0.100	0.100	6.480E+0	1.700E+1
57.700	0.100	0.100	6.480E+0	1.700E+1
57.900	0.100	0.100	6.480E+0	1.700E+1
58.099	0.100	0.100	6.480E+0	1.700E+1
58.300	0.100	0.100	6.480E+0	1.700E+1
58.500	0.100	0.100	6.480E+0	1.700E+1
58.701	0.100	0.100	6.480E+0	1.700E+1
58.901	0.100	0.125	6.480E+0	1.700E+1
59.101	0.100	0.125	6.480E+0	1.700E+1
59.301	0.100	0.125	6.480E+0	1.700E+1
59.501	0.100	0.125	6.480E+0	1.700E+1
59.702	0.100	0.125	6.480E+0	1.700E+1
59.902	0.100	0.125	6.480E+0	1.700E+1
60.102	0.100	0.125	6.480E+0	1.700E+1
60.303	0.100	0.125	6.480E+0	1.700E+1
60.505	0.100	0.125	6.480E+0	1.700E+1
60.705	0.100	0.125	6.480E+0	1.700E+1
60.905	0.100	0.125	8.910E+0	1.700E+1
61.106	0.125	0.125	8.910E+0	1.700E+1
61.305	0.125	0.125	8.020E+0	1.700E+1
61.507	0.125	0.125	8.020E+0	1.700E+1
61.707	0.125	0.125	8.020E+0	1.700E+1
61.908	0.125	0.125	8.020E+0	1.700E+1
62.108	0.125	0.125	8.020E+0	1.700E+1
62.307	0.125	0.125	8.020E+0	1.700E+1
62.507	0.125	0.125	8.020E+0	1.700E+1
62.707	0.125	0.125	8.020E+0	1.700E+1
62.907	0.125	0.125	8.020E+0	1.700E+1
63.109	0.125	0.125	8.020E+0	1.700E+1
63.309	0.125	0.125	8.020E+0	1.700E+1
63.511	0.125	0.125	8.020E+0	1.700E+1
63.712	0.125	0.125	8.020E+0	1.700E+1
63.911	0.125	0.125	8.020E+0	1.700E+1
64.111	0.125	0.125	8.020E+0	1.700E+1
64.312	0.125	0.125	8.020E+0	1.700E+1
64.511	0.125	0.125	8.020E+0	1.700E+1
64.713	0.125	0.125	8.020E+0	1.700E+1
64.913	0.125	0.125	8.020E+0	1.700E+1
65.112	0.125	0.125	8.020E+0	1.700E+1
65.313	0.125	0.125	8.020E+0	1.700E+1
65.513	0.125	0.125	8.020E+0	1.700E+1
65.713	0.125	0.125	8.020E+0	1.700E+1
65.913	0.125	0.125	8.020E+0	1.700E+1
66.113	0.125	0.125	8.020E+0	1.700E+1
66.314	0.125	0.125	8.020E+0	1.700E+1
66.516	0.125	0.125	8.020E+0	1.700E+1
66.717	0.125	0.125	8.020E+0	1.700E+1
66.918	0.125	0.125	8.020E+0	1.700E+1
67.118	0.125	0.125	8.020E+0	1.700E+1
67.318	0.125	0.125	8.020E+0	1.700E+1
67.518	0.125	0.125	8.020E+0	1.700E+1
67.719	0.125	0.125	8.020E+0	1.700E+1
67.921	0.125	0.125	8.020E+0	1.700E+1
68.120	0.125	0.125	8.020E+0	1.700E+1
68.320	0.125	0.125	8.020E+0	1.700E+1
68.520	0.125	0.125	8.020E+0	1.700E+1
68.721	0.125	0.125	8.020E+0	1.700E+1
68.922	0.125	0.125	8.020E+0	1.700E+1
69.121	0.125	0.125	8.020E+0	1.700E+1
69.322	0.125	0.125	8.020E+0	1.700E+1
69.523	0.125	0.125	8.020E+0	1.700E+1
69.722	0.125	0.125	8.020E+0	1.700E+1
69.922	0.125	0.125	8.020E+0	1.700E+1
70.122	0.125	0.125	8.020E+0	1.700E+1
70.322	0.125	0.125	8.020E+0	1.700E+1
70.524	0.125	0.125	8.020E+0	1.700E+1
70.724	0.125	0.125	8.020E+0	1.700E+1
70.924	0.125	0.125	8.020E+0	1.700E+1
71.123	0.125	0.125	8.020E+0	1.700E+1
71.324	0.125	0.150	8.020E+0	1.700E+1
71.525	0.125	0.150	8.020E+0	1.700E+1
71.725	0.125	0.150	8.020E+0	1.700E+1
71.925	0.125	0.150	8.010E+0	1.700E+1
72.124	0.125	0.150	8.020E+0	1.700E+1
72.325	0.125	0.150	8.020E+0	1.700E+1
72.525	0.125	0.150	8.020E+0	1.700E+1
72.725	0.125	0.150	8.020E+0	1.700E+1
72.926	0.125	0.150	8.020E+0	1.700E+1
73.125	0.125	0.150	8.020E+0	1.700E+1
73.325	0.125	0.150	8.020E+0	1.700E+1
73.526	0.125	0.150	8.020E+0	1.700E+1
73.727	0.149	0.150	8.020E+0	1.700E+1
73.926	0.150	0.150	9.540E+0	1.700E+1
74.127	0.150	0.150	9.560E+0	1.700E+1
74.327	0.150	0.150	9.560E+0	1.700E+1
74.528	0.150	0.150	9.560E+0	1.700E+1
74.727	0.150	0.150	9.560E+0	1.700E+1
74.927	0.150	0.150	9.560E+0	1.700E+1
75.129	0.150	0.150	9.560E+0	1.700E+1
75.328	0.150	0.150	9.560E+0	1.700E+1
75.528	0.150	0.150	9.560E+0	1.700E+1
75.728	0.150	0.150	9.560E+0	1.700E+1
75.929	0.150	0.150	9.560E+0	1.700E+1
76.129	0.150	0.150	9.560E+0	1.700E+1
76.331	0.150	0.150	9.560E+0	1.700E+1
76.530	0.150	0.150	9.560E+0	1.700E+1
76.731	0.150	0.150	9.560E+0	1.700E+1
76.932	0.150	0.150	9.560E+0	1.700E+1
77.133	0.150	0.150	9.560E+0	1.700E+1
77.333	0.150	0.150	9.560E+0	1.700E+1
77.532	0.150	0.150	9.560E+0	1.700E+1
77.734	0.150	0.150	9.560E+0	1.700E+1
77.933	0.150	0.150	9.560E+0	1.700E+1
78.134	0.150	0.150	9.560E+0	1.700E+1
78.334	0.150	0.150	9.560E+0	1.700E+1
78.533	0.150	0.150	9.560E+0	1.700E+1
78.734	0.150	0.150	9.560E+0	1.700E+1
78.933	0.150	0.150	9.560E+0	1.700E+1
79.133	0.150	0.150	9.560E+0	1.700E+1
79.336	0.150	0.150	9.560E+0	1.700E+1
79.536	0.150	0.150	9.560E+0	1.700E+1
79.736	0.150	0.150	9.560E+0	1.700E+1
79.937	0.150	0.150	9.560E+0	1.700E+1
80.136	0.150	0.150	9.560E+0	1.700E+1
80.336	0.150	0.150	9.560E+0	1.700E+1
80.538	0.150	0.150	9.560E+0	1.700E+1
80.737	0.150	0.150	9.560E+0	1.700E+1
80.939	0.150	0.150	9.560E+0	1.700E+1
81.139	0.150	0.150	9.560E+0	1.700E+1
81.340	0.150	0.150	9.560E+0	1.700E+1
81.539	0.150	0.150	9.560E+0	1.700E+1
81.739	0.150	0.150	9.560E+0	1.700E+1
81.941	0.150	0.150	9.560E+0	1.700E+1
82.141	0.150	0.150	9.560E+0	1.700E+1
82.341	0.150	0.150	9.560E+0	1.700E+1
82.542	0.150	0.150	9.560E+0	1.700E+1
82.743	0.150	0.150	9.560E+0	1.700E+1
82.943	0.150	0.150	9.560E+0	1.700E+1
83.142	0.150	0.150	9.560E+0	1.700E+1
83.342	0.150	0.150	9.560E+0	1.700E+1
83.543	0.150	0.150	9.560E+0	1.700E+1
83.744	0.150	0.150	9.560E+0	1.700E+1
83.943	0.150	0.150	9.560E+0	1.700E+1
84.144	0.150	0.175	9.560E+0	1.700E+1
84.345	0.150	0.175	9.560E+0	1.700E+1
84.545	0.150	0.175	9.560E+0	1.700E+1
84.745	0.150	0.175	9.560E+0	1.700E+1
84.945	0.150	0.175	9.560E+0	1.700E+1
85.145	0.150	0.175	9.560E+0	1.700E+1
85.346	0.150	0.175	9.560E+0	1.700E+1
85.546	0.150	0.175	9.560E+0	1.700E+1
85.747	0.150	0.175	9.560E+0	1.700E+1
85.948	0.150	0.175	9.570E+0	1.700E+1
86.148	0.175	0.175	9.570E+0	1.700E+1
86.349	0.175	0.175	1.113E+1	1.700E+1
86.548	0.175	0.175	1.110E+1	1.700E+1
86.749	0.175	0.175	1.110E+1	1.700E+1
86.949	0.175	0.175	1.110E+1	1.700E+1
87.148	0.175	0.175	1.110E+1	1.700E+1
87.349	0.175	0.175	1.110E+1	1.700E+1
87.549	0.175	0.175	1.110E+1	1.700E+1
87.749	0.175	0.175	1.110E+1	1.700E+1
87.950	0.175	0.175	1.110E+1	1.700E+1
88.150	0.175	0.175	1.110E+1	1.700E+1
88.350	0.175	0.175	1.110E+1	1.700E+1
88.550	0.175	0.175	1.110E+1	1.700E+1
88.751	0.175	0.175	1.110E+1	1.700E+1
88.952	0.175	0.175	1.110E+1	1.700E+1
89.153	0.175	0.175	1.111E+1	1.700E+1
89.355	0.175	0.175	1.111E+1	1.700E+1
89.554	0.175	0.175	1.110E+1	1.700E+1
89.754	0.175	0.175	1.110E+1	1.700E+1
89.955	0.175	0.175	1.110E+1	1.700E+1
90.154	0.175	0.175	1.110E+1	1.700E+1
90.356	0.175	0.175	1.110E+1	1.700E+1
90.555	0.175	0.175	1.110E+1	1.700E+1
90.755	0.175	0.175	1.111E+1	1.700E+1
90.956	0.175	0.175	1.111E+1	1.700E+1
91.155	0.175	0.175	1.111E+1	1.700E+1
91.356	0.175	0.175	1.110E+1	1.700E+1
91.556	0.175	0.175	1.110E+1	1.700E+1
91.755	0.175	0.175	1.110E+1	1.700E+1
91.956	0.175	0.175	1.110E+1	1.700E+1
92.155	0.175	0.175	1.111E+1	1.700E+1
92.356	0.175	0.175	1.111E+1	1.700E+1
92.556	0.175	0.175	1.110E+1	1.700E+1
92.756	0.175	0.175	1.110E+1	1.700E+1
92.956	0.175	0.175	1.110E+1	1.700E+1
93.158	0.175	0.175	1.110E+1	1.700E+1
93.357	0.175	0.175	1.111E+1	1.700E+1
93.558	0.175	0.175	1.111E+1	1.700E+1
93.758	0.175	0.175	1.110E+1	1.700E+1
93.958	0.175	0.175	1.110E+1	1.700E+1
94.158	0.175	0.175	1.111E+1	1.700E+1
94.357	0.175	0.175	1.111E+1	1.700E+1
94.558	0.175	0.175	1.111E+1	1.700E+1
94.758	0.175	0.175	1.110E+1	1.700E+1
94.958	0.175	0.175	1.110E+1	1.700E+1
95.160	0.175	0.175	1.110E+1	1.700E+1
95.360	0.175	0.175	1.111E+1	1.700E+1
95.561	0.175	0.175	1.111E+1	1.700E+1
95.760	0.175	0.175	1.110E+1	1.700E+1
95.961	0.175	0.200	1.110E+1	1.700E+1
96.160	0.175	0.200	1.110E+1	1.700E+1
96.360	0.175	0.200	1.111E+1	1.700E+1
96.562	0.175	0.200	1.111E+1	1.700E+1
96.761	0.175	0.200	1.111E+1	1.700E+1
96.963	0.175	0.200	1.111E+1	1.700E+1
97.163	0.175	0.200	1.111E+1	1.700E+1
97.364	0.175	0.200	1.111E+1	1.700E+1
97.563	0.175	0.200	1.111E+1	1.700E+1
97.764	0.175	0.200	1.111E+1	1.700E+1
97.964	0.175	0.200	1.111E+1	1.700E+1
98.163	0.175	0.200	1.111E+1	1.700E+1
98.363	0.175	0.200	1.360E+1	1.700E+1
98.564	0.200	0.200	1.360E+1	1.700E+1
98.763	0.200	0.200	1.265E+1	1.700E+1
98.964	0.200	0.200	1.265E+1	1.700E+1
99.163	0.200	0.200	1.265E+1	1.700E+1
99.364	0.200	0.200	1.265E+1	1.700E+1
99.566	0.200	0.200	1.265E+1	1.700E+1
99.766	0.200	0.200	1.265E+1	1.700E+1
99.966	0.200	0.200	1.265E+1	1.700E+1
100.167	0.200	0.200	1.265E+1	1.700E+1
100.367	0.200	0.200	1.265E+1	1.700E+1
100.568	0.200	0.200	1.265E+1	1.700E+1
100.769	0.200	0.200	1.265E+1	1.700E+1
100.969	0.200	0.200	1.265E+1	1.700E+1
101.169	0.200	0.200	1.265E+1	1.700E+1
101.369	0.200	0.200	1.265E+1	1.700E+1
101.571	0.200	0.200	1.265E+1	1.700E+1
101.771	0.200	0.200	1.265E+1	1.700E+1
101.972	0.200	0.200	1.265E+1	1.700E+1
102.173	0.200	0.200	1.265E+1	1.700E+1
102.374	0.200	0.200	1.265E+1	1.700E+1
102.573	0.200	0.200	1.265E+1	1.700E+1
102.774	0.200	0.200	1.265E+1	1.700E+1
102.975	0.200	0.200	1.265E+1	1.700E+1
103.176	0.200	0.200	1.265E+1	1.700E+1
103.377	0.200	0.200	1.265E+1	1.700E+1
103.577	0.200	0.200	1.265E+1	1.700E+1
103.777	0.200	0.200	1.265E+1	1.700E+1
103.977	0.200	0.200	1.265E+1	1.700E+1
104.177	0.200	0.200	1.265E+1	1.700E+1
104.377	0.200	0.200	1.265E+1	1.700E+1
104.577	0.200	0.200	1.265E+1	1.700E+1
104.778	0.200	0.200	1.265E+1	1.700E+1
104.977	0.200	0.200	1.265E+1	1.700E+1
105.177	0.200	0.200	1.265E+1	1.700E+1
105.378	0.200	0.200	1.265E+1	1.700E+1
105.578	0.200	0.200	1.265E+1	1.700E+1
105.778	0.200	0.200	1.265E+1	1.700E+1
105.979	0.200	0.200	1.265E+1	1.700E+1
106.178	0.200	0.200	1.265E+1	1.700E+1
106.378	0.200	0.200	1.265E+1	1.700E+1
106.578	0.200	0.200	1.265E+1	1.700E+1
106.779	0.200	0.200	1.265E+1	1.700E+1
106.980	0.200	0.200	1.265E+1	1.700E+1
107.179	0.200	0.200	1.265E+1	1.700E+1
107.379	0.200	0.200	1.265E+1	1.700E+1
107.579	0.200	0.200	1.265E+1	1.700E+1
107.780	0.200	0.200	1.265E+1	1.700E+1
107.980	0.200	0.225	1.265E+1	1.700E+1
108.180	0.200	0.225	1.265E+1	1.700E+1
108.380	0.200	0.225	1.265E+1	1.700E+1
108.579	0.200	0.225	1.265E+1	1.700E+1
108.779	0.200	0.225	1.265E+1	1.700E+1
108.979	0.200	0.225	1.265E+1	1.700E+1
109.179	0.200	0.225	1.265E+1	1.700E+1
109.380	0.200	0.225	1.265E+1	1.700E+1
109.581	0.200	0.225	1.265E+1	1.700E+1
109.780	0.200	0.225	1.551E+1	1.700E+1
109.981	0.225	0.225	1.420E+1	1.700E+1
110.182	0.225	0.225	1.420E+1	1.700E+1
110.381	0.225	0.225	1.420E+1	1.700E+1
110.582	0.225	0.225	1.419E+1	1.700E+1
110.784	0.225	0.225	1.419E+1	1.700E+1
110.983	0.225	0.225	1.419E+1	1.700E+1
111.184	0.225	0.225	1.419E+1	1.700E+1
111.383	0.225	0.225	1.419E+1	1.700E+1
111.583	0.225	0.225	1.419E+1	1.700E+1
111.785	0.225	0.225	1.419E+1	1.700E+1
111.985	0.225	0.225	1.419E+1	1.700E+1
112.185	0.225	0.225	1.419E+1	1.700E+1
112.387	0.225	0.225	1.419E+1	1.700E+1
112.587	0.225	0.225	1.419E+1	1.700E+1
112.787	0.225	0.225	1.419E+1	1.700E+1
112.987	0.225	0.225	1.419E+1	1.700E+1
113.188	0.225	0.225	1.419E+1	1.700E+1
113.388	0.225	0.225	1.419E+1	1.700E+1
113.589	0.225	0.225	1.419E+1	1.700E+1
113.789	0.225	0.225	1.419E+1	1.700E+1
113.989	0.225	0.225	1.419E+1	1.700E+1
114.190	0.225	0.225	1.419E+1	1.700E+1
114.391	0.225	0.225	1.419E+1	1.700E+1
114.591	0.225	0.225	1.419E+1	1.700E+1
114.791	0.225	0.225	1.420E+1	1.700E+1
114.993	0.225	0.225	1.419E+1	1.700E+1
115.192	0.225	0.225	1.419E+1	1.700E+1
115.393	0.225	0.225	1.420E+1	1.700E+1
115.594	0.225	0.225	1.420E+1	1.700E+1
115.795	0.225	0.225	1.420E+1	1.700E+1
115.995	0.225	0.225	1.420E+1	1.700E+1
116.195	0.225	0.225	1.419E+1	1.700E+1
116.395	0.225	0.225	1.419E+1	1.700E+1
116.595	0.225	0.225	1.419E+1	1.700E+1
116.795	0.225	0.225	1.420E+1	1.700E+1
116.997	0.225	0.225	1.420E+1	1.700E+1
117.196	0.225	0.225	1.420E+1	1.700E+1
117.396	0.225	0.225	1.420E+1	1.700E+1
117.597	0.225	0.225	1.420E+1	1.700E+1
117.797	0.225	0.225	1.420E+1	1.700E+1
117.997	0.225	0.225	1.420E+1	1.700E+1
118.196	0.225	0.225	1.420E+1	1.700E+1
118.397	0.225	0.225	1.420E+1	1.700E+1
118.598	0.225	0.225	1.420E+1	1.700E+1
118.798	0.225	0.225	1.420E+1	1.700E+1
118.998	0.225	0.225	1.420E+1	1.700E+1
119.198	0.225	0.225	1.420E+1	1.700E+1
119.401	0.225	0.225	1.420E+1	1.700E+1
119.600	0.225	0.225	1.420E+1	1.700E+1
119.800	0.225	0.225	1.420E+1	1.700E+1
120.000	0.225	0.225	1.420E+1	1.700E+1
120.202	0.225	0.225	1.420E+1	1.700E+1
120.403	0.225	0.225	1.420E+1	1.700E+1
120.603	0.225	0.225	1.420E+1	1.700E+1
120.803	0.225	0.225	1.420E+1	1.700E+1
121.003	0.225	0.225	1.420E+1	1.700E+1
121.203	0.225	0.250	1.420E+1	1.700E+1
121.403	0.225	0.250	1.420E+1	1.700E+1
121.603	0.225	0.250	1.420E+1	1.700E+1
121.803	0.225	0.250	1.420E+1	1.700E+1
122.003	0.225	0.250	1.420E+1	1.700E+1
122.204	0.225	0.250	1.420E+1	1.700E+1
122.404	0.225	0.250	1.420E+1	1.700E+1
122.605	0.244	0.250	1.420E+1	1.700E+1
122.805	0.244	0.250	1.571E+1	1.700E+1
123.005	0.250	0.250	1.571E+1	1.700E+1
123.206	0.250	0.250	1.575E+1	1.700E+1
123.406	0.250	0.250	1.575E+1	1.700E+1
123.606	0.250	0.250	1.575E+1	1.700E+1
123.806	0.250	0.250	1.575E+1	1.700E+1
124.007	0.250	0.250	1.575E+1	1.700E+1
124.207	0.250	0.250	1.575E+1	1.700E+1
124.408	0.250	0.250	1.575E+1	1.700E+1
124.608	0.250	0.250	1.575E+1	1.700E+1
124.807	0.250	0.250	1.575E+1	1.700E+1
125.007	0.250	0.250	1.575E+1	1.700E+1
125.208	0.250	0.250	1.575E+1	1.700E+1
125.408	0.250	0.250	1.575E+1	1.700E+1
125.608	0.250	0.250	1.575E+1	1.700E+1
125.809	0.250	0.250	1.575E+1	1.700E+1
126.008	0.250	0.250	1.576E+1	1.700E+1
126.208	0.250	0.250	1.576E+1	1.700E+1
126.409	0.250	0.250	1.576E+1	1.700E+1
126.609	0.250	0.250	1.576E+1	1.700E+1
126.809	0.250	0.250	1.576E+1	1.700E+1
127.011	0.250	0.250	1.576E+1	1.700E+1
127.210	0.250	0.250	1.576E+1	1.700E+1
127.410	0.250	0.250	1.576E+1	1.700E+1
127.611	0.250	0.250	1.576E+1	1.700E+1
127.812	0.250	0.250	1.576E+1	1.700E+1
128.012	0.250	0.250	1.576E+1	1.700E+1
128.213	0.250	0.250	1.576E+1	1.700E+1
128.413	0.250	0.250	1.576E+1	1.700E+1
128.615	0.250	0.250	1.576E+1	1.700E+1
128.814	0.250	0.250	1.576E+1	1.700E+1
129.014	0.250	0.250	1.576E+1	1.700E+1
129.215	0.250	0.250	1.576E+1	1.700E+1
129.415	0.250	0.250	1.577E+1	1.700E+1
129.615	0.250	0.250	1.576E+1	1.700E+1
129.814	0.250	0.250	1.576E+1	1.700E+1
130.014	0.250	0.250	1.576E+1	1.700E+1
130.214	0.250	0.250	1.576E+1	1.700E+1
130.415	0.250	0.250	1.576E+1	1.700E+1
130.615	0.250	0.250	1.576E+1	1.700E+1
130.815	0.250	0.250	1.576E+1	1.700E+1
131.016	0.250	0.275	1.577E+1	1.700E+1
131.215	0.250	0.275	1.577E+1	1.700E+1
131.416	0.250	0.275	1.577E+1	1.700E+1
131.616	0.250	0.275	1.577E+1	1.700E+1
131.817	0.250	0.275	1.577E+1	1.700E+1
132.018	0.250	0.275	1.577E+1	1.700E+1
132.219	0.250	0.275	1.577E+1	1.700E+1
132.419	0.250	0.275	1.577E+1	1.700E+1
132.620	0.250	0.275	1.577E+1	1.700E+1
132.819	0.250	0.275	1.577E+1	1.700E+1
133.020	0.250	0.275	1.613E+1	1.700E+1
133.219	0.265	0.275	1.613E+1	1.700E+1
133.421	0.269	0.275	1.697E+1	1.700E+1
133.620	0.269	0.275	1.697E+1	1.700E+1
133.821	0.269	0.275	1.697E+1	1.700E+1
134.021	0.270	0.275	1.697E+1	1.700E+1
134.221	0.270	0.275	1.697E+1	1.700E+1
134.423	0.270	0.275	1.697E+1	1.700E+1
134.623	0.270	0.275	1.697E+1	1.700E+1
134.824	0.270	0.275	1.698E+1	1.700E+1
135.024	0.270	0.275	1.698E+1	1.700E+1
135.226	0.270	0.275	1.698E+1	1.700E+1
135.427	0.270	0.275	1.697E+1	1.700E+1
135.626	0.270	0.275	1.697E+1	1.700E+1
135.826	0.270	0.275	1.697E+1	1.700E+1
136.028	0.270	0.275	1.697E+1	1.700E+1
136.229	0.270	0.275	1.697E+1	1.700E+1
136.430	0.270	0.275	1.697E+1	1.700E+1
136.631	0.270	0.275	1.697E+1	1.700E+1
136.830	0.270	0.275	1.697E+1	1.700E+1
137.031	0.270	0.275	1.697E+1	1.700E+1
137.232	0.270	0.275	1.697E+1	1.700E+1
137.432	0.270	0.275	1.698E+1	1.700E+1
137.631	0.270	0.275	1.697E+1	1.700E+1
137.832	0.270	0.275	1.697E+1	1.700E+1
138.032	0.270	0.275	1.697E+1	1.700E+1
138.233	0.270	0.275	1.697E+1	1.700E+1
138.432	0.270	0.275	1.697E+1	1.700E+1
138.633	0.270	0.275	1.697E+1	1.700E+1
138.833	0.270	0.275	1.697E+1	1.700E+1
139.033	0.270	0.275	1.697E+1	1.700E+1
139.235	0.270	0.275	1.697E+1	1.700E+1
139.434	0.269	0.275	1.697E+1	1.700E+1
139.634	0.269	0.275	1.697E+1	1.700E+1
139.835	0.269	0.275	1.697E+1	1.700E+1
140.034	0.269	0.275	1.697E+1	1.700E+1
140.235	0.269	0.275	1.697E+1	1.700E+1
140.434	0.269	0.275	1.697E+1	1.700E+1
140.635	0.269	0.275	1.697E+1	1.700E+1
140.834	0.269	0.275	1.697E+1	1.700E+1
141.035	0.269	0.275	1.697E+1	1.700E+1
141.236	0.269	0.275	1.697E+1	1.700E+1
141.435	0.269	0.275	1.697E+1	1.700E+1
141.637	0.269	0.275	1.697E+1	1.700E+1
141.837	0.269	0.275	1.697E+1	1.700E+1
142.037	0.269	0.275	1.697E+1	1.700E+1
142.237	0.269	0.275	1.697E+1	1.700E+1
142.438	0.269	0.275	1.697E+1	1.700E+1
142.637	0.269	0.275	1.697E+1	1.700E+1
142.838	0.269	0.275	1.697E+1	1.700E+1
143.038	0.269	0.275	1.697E+1	1.700E+1
143.237	0.269	0.275	1.697E+1	1.700E+1
143.437	0.269	0.275	1.697E+1	1.700E+1
143.637	0.269	0.275	1.697E+1	1.700E+1
143.837	0.269	0.275	1.697E+1	1.700E+1
144.038	0.269	0.275	1.697E+1	1.700E+1
144.238	0.269	0.275	1.697E+1	1.700E+1
144.438	0.269	0.275	1.697E+1	1.700E+1
144.638	0.269	0.275	1.697E+1	1.700E+1
144.838	0.269	0.275	1.697E+1	1.700E+1
145.037	0.269	0.275	1.697E+1	1.700E+1
145.239	0.269	0.275	1.697E+1	1.700E+1
145.439	0.269	0.275	1.697E+1	1.700E+1
145.640	0.269	0.275	1.697E+1	1.700E+1
145.839	0.269	0.275	1.697E+1	1.700E+1
146.040	0.269	0.275	1.697E+1	1.700E+1
146.240	0.269	0.275	1.697E+1	1.700E+1
146.441	0.269	0.275	1.697E+1	1.700E+1
146.641	0.269	0.275	1.697E+1	1.700E+1
146.842	0.269	0.275	1.697E+1	1.700E+1
147.042	0.269	0.275	1.697E+1	1.700E+1
147.242	0.269	0.275	1.697E+1	1.700E+1
147.442	0.269	0.275	1.697E+1	1.700E+1
147.642	0.269	0.275	1.697E+1	1.700E+1
147.842	0.269	0.275	1.698E+1	1.700E+1
148.044	0.269	0.275	1.697E+1	1.700E+1
148.246	0.269	0.275	1.697E+1	1.700E+1
148.446	0.269	0.275	1.698E+1	1.700E+1
148.645	0.269	0.275	1.697E+1	1.700E+1
148.846	0.269	0.275	1.697E+1	1.700E+1
149.046	0.269	0.275	1.697E+1	1.700E+1
149.248	0.269	0.275	1.697E+1	1.700E+1
149.448	0.269	0.275	1.697E+1	1.700E+1
149.648	0.269	0.275	1.697E+1	1.700E+1
149.849	0.269	0.275	1.697E+1	1.700E+1
150.050	0.269	0.275	1.697E+1	1.700E+1
150.250	0.269	0.275	1.697E+1	1.700E+1
150.451	0.269	0.275	1.698E+1	1.700E+1
150.650	0.269	0.275	1.697E+1	1.700E+1
150.850	0.269	0.275	1.697E+1	1.700E+1
151.051	0.269	0.275	1.698E+1	1.700E+1
151.252	0.269	0.275	1.698E+1	1.700E+1
151.451	0.269	0.275	1.697E+1	1.700E+1
151.653	0.269	0.250	1.697E+1	1.700E+1
151.852	0.269	0.250	1.697E+1	1.700E+1
152.054	0.269	0.250	1.697E+1	1.700E+1
152.254	0.269	0.250	1.697E+1	1.700E+1
152.454	0.269	0.250	1.698E+1	1.700E+1
152.655	0.269	0.250	1.697E+1	1.700E+1
152.856	0.269	0.250	1.697E+1	1.700E+1
153.057	0.269	0.250	1.697E+1	1.700E+1
153.257	0.269	0.250	1.697E+1	1.700E+1
153.457	0.269	0.250	1.698E+1	1.700E+1
153.656	0.256	0.250	1.585E+1	1.700E+1
153.857	0.250	0.250	1.585E+1	1.700E+1
154.057	0.250	0.250	1.582E+1	1.700E+1
154.258	0.250	0.250	1.582E+1	1.700E+1
154.459	0.250	0.250	1.582E+1	1.700E+1
154.659	0.250	0.250	1.582E+1	1.700E+1
154.859	0.250	0.250	1.582E+1	1.700E+1
155.059	0.250	0.250	1.582E+1	1.700E+1
155.258	0.250	0.250	1.582E+1	1.700E+1
155.458	0.250	0.250	1.582E+1	1.700E+1
155.658	0.250	0.250	1.583E+1	1.700E+1
155.859	0.250	0.250	1.583E+1	1.700E+1
156.059	0.250	0.250	1.583E+1	1.700E+1
156.260	0.250	0.250	1.583E+1	1.700E+1
156.461	0.250	0.250	1.583E+1	1.700E+1
156.661	0.250	0.250	1.583E+1	1.700E+1
156.861	0.250	0.250	1.583E+1	1.700E+1
157.061	0.250	0.250	1.583E+1	1.700E+1
157.262	0.250	0.250	1.583E+1	1.700E+1
157.464	0.250	0.250	1.583E+1	1.700E+1
157.663	0.250	0.250	1.583E+1	1.700E+1
157.864	0.250	0.250	1.583E+1	1.700E+1
158.063	0.250	0.250	1.583E+1	1.700E+1
158.263	0.250	0.250	1.583E+1	1.700E+1
158.464	0.250	0.250	1.583E+1	1.700E+1
158.665	0.250	0.250	1.583E+1	1.700E+1
158.865	0.250	0.250	1.583E+1	1.700E+1
159.065	0.250	0.250	1.583E+1	1.700E+1
159.266	0.250	0.250	1.583E+1	1.700E+1
159.467	0.250	0.250	1.583E+1	1.700E+1
159.666	0.250	0.250	1.583E+1	1.700E+1
159.867	0.250	0.250	1.583E+1	1.700E+1
160.066	0.250	0.250	1.583E+1	1.700E+1
160.267	0.250	0.250	1.584E+1	1.700E+1
160.466	0.250	0.250	1.583E+1	1.700E+1
160.666	0.250	0.250	1.583E+1	1.700E+1
160.867	0.250	0.250	1.584E+1	1.700E+1
161.067	0.250	0.250	1.584E+1	1.700E+1
161.268	0.250	0.250	1.584E+1	1.700E+1
161.468	0.250	0.250	1.584E+1	1.700E+1
161.668	0.250	0.250	1.584E+1	1.700E+1
161.869	0.250	0.250	1.584E+1	1.700E+1
162.069	0.250	0.250	1.584E+1	1.700E+1
162.269	0.250	0.250	1.584E+1	1.700E+1
162.469	0.250	0.250	1.584E+1	1.700E+1
162.670	0.250	0.250	1.584E+1	1.700E+1
162.871	0.250	0.250	1.584E+1	1.700E+1
163.070	0.250	0.225	1.584E+1	1.700E+1
163.271	0.250	0.225	1.584E+1	1.700E+1
163.473	0.250	0.225	1.584E+1	1.700E+1
163.674	0.250	0.225	1.584E+1	1.700E+1
163.874	0.250	0.225	1.584E+1	1.700E+1
164.073	0.250	0.225	1.585E+1	1.700E+1
164.274	0.250	0.225	1.585E+1	1.700E+1
164.475	0.250	0.225	1.585E+1	1.700E+1
164.674	0.250	0.225	1.585E+1	1.700E+1
164.875	0.250	0.225	1.538E+1	1.700E+1
165.075	0.225	0.225	1.429E+1	1.700E+1
165.274	0.225	0.225	1.429E+1	1.700E+1
165.474	0.225	0.225	1.429E+1	1.700E+1
165.675	0.225	0.225	1.429E+1	1.700E+1
165.875	0.225	0.225	1.430E+1	1.700E+1
166.075	0.225	0.225	1.429E+1	1.700E+1
166.274	0.225	0.225	1.429E+1	1.700E+1
166.474	0.225	0.225	1.429E+1	1.700E+1
166.675	0.225	0.225	1.429E+1	1.700E+1
166.875	0.225	0.225	1.429E+1	1.700E+1
167.075	0.225	0.225	1.430E+1	1.700E+1
167.275	0.225	0.225	1.430E+1	1.700E+1
167.476	0.225	0.225	1.430E+1	1.700E+1
167.677	0.225	0.225	1.430E+1	1.700E+1
167.877	0.225	0.225	1.430E+1	1.700E+1
168.077	0.225	0.225	1.430E+1	1.700E+1
168.278	0.225	0.225	1.430E+1	1.700E+1
168.478	0.225	0.225	1.430E+1	1.700E+1
168.678	0.225	0.225	1.430E+1	1.700E+1
168.878	0.225	0.225	1.430E+1	1.700E+1
169.080	0.225	0.225	1.430E+1	1.700E+1
169.280	0.225	0.225	1.430E+1	1.700E+1
169.480	0.225	0.225	1.430E+1	1.700E+1
169.680	0.225	0.225	1.430E+1	1.700E+1
169.881	0.225	0.225	1.430E+1	1.700E+1
170.081	0.225	0.225	1.430E+1	1.700E+1
170.282	0.225	0.225	1.430E+1	1.700E+1
170.481	0.225	0.225	1.430E+1	1.700E+1
170.681	0.225	0.225	1.430E+1	1.700E+1
170.883	0.225	0.225	1.430E+1	1.700E+1
171.082	0.225	0.225	1.430E+1	1.700E+1
171.282	0.225	0.225	1.430E+1	1.700E+1
171.483	0.225	0.225	1.430E+1	1.700E+1
171.683	0.225	0.225	1.430E+1	1.700E+1
171.884	0.225	0.225	1.430E+1	1.700E+1
172.084	0.225	0.225	1.431E+1	1.700E+1
172.285	0.225	0.225	1.431E+1	1.700E+1
172.486	0.225	0.225	1.430E+1	1.700E+1
172.686	0.225	0.225	1.431E+1	1.700E+1
172.887	0.225	0.225	1.431E+1	1.700E+1
173.088	0.225	0.225	1.431E+1	1.700E+1
173.290	0.225	0.225	1.431E+1	1.700E+1
173.489	0.225	0.225	1.431E+1	1.700E+1
173.691	0.225	0.225	1.431E+1	1.700E+1
173.891	0.225	0.225	1.431E+1	1.700E+1
174.092	0.225	0.225	1.431E+1	1.700E+1
174.292	0.225	0.225	1.431E+1	1.700E+1
174.493	0.225	0.225	1.431E+1	1.700E+1
174.692	0.225	0.225	1.431E+1	1.700E+1
174.892	0.225	0.225	1.431E+1	1.700E+1
175.093	0.225	0.225	1.431E+1	1.700E+1
175.293	0.225	0.225	1.431E+1	1.700E+1
175.493	0.225	0.200	1.431E+1	1.700E+1
175.695	0.225	0.200	1.431E+1	1.700E+1
175.895	0.225	0.200	1.431E+1	1.700E+1
176.096	0.225	0.200	1.431E+1	1.700E+1
176.295	0.225	0.200	1.431E+1	1.700E+1
176.496	0.225	0.200	1.431E+1	1.700E+1
176.696	0.225	0.200	1.431E+1	1.700E+1
176.896	0.225	0.200	1.431E+1	1.700E+1
177.095	0.225	0.200	1.431E+1	1.700E+1
177.296	0.225	0.200	1.431E+1	1.700E+1
177.497	0.225	0.200	1.251E+1	1.700E+1
177.696	0.200	0.200	1.251E+1	1.700E+1
177.896	0.200	0.200	1.277E+1	1.700E+1
178.096	0.200	0.200	1.277E+1	1.700E+1
178.297	0.200	0.200	1.277E+1	1.700E+1
178.497	0.200	0.200	1.277E+1	1.700E+1
178.697	0.200	0.200	1.277E+1	1.700E+1
178.897	0.200	0.200	1.277E+1	1.700E+1
179.098	0.200	0.200	1.277E+1	1.700E+1
179.297	0.200	0.200	1.277E+1	1.700E+1
179.499	0.200	0.200	1.277E+1	1.700E+1
179.698	0.200	0.200	1.277E+1	1.700E+1
179.898	0.200	0.200	1.277E+1	1.700E+1
180.099	0.200	0.200	1.277E+1	1.700E+1
180.300	0.200	0.200	1.277E+1	1.700E+1
180.501	0.200	0.200	1.277E+1	1.700E+1
180.701	0.200	0.200	1.277E+1	1.700E+1
180.902	0.200	0.200	1.277E+1	1.700E+1
181.101	0.200	0.200	1.277E+1	1.700E+1
181.303	0.200	0.200	1.277E+1	1.700E+1
181.502	0.200	0.200	1.277E+1	1.700E+1
181.702	0.200	0.200	1.277E+1	1.700E+1
181.904	0.200	0.200	1.277E+1	1.700E+1
182.104	0.200	0.200	1.277E+1	1.700E+1
182.306	0.200	0.200	1.277E+1	1.700E+1
182.506	0.200	0.200	1.277E+1	1.700E+1
182.706	0.200	0.200	1.278E+1	1.700E+1
182.906	0.200	0.200	1.278E+1	1.700E+1
183.106	0.200	0.200	1.278E+1	1.700E+1
183.306	0.200	0.200	1.277E+1	1.700E+1
183.508	0.200	0.200	1.277E+1	1.700E+1
183.708	0.200	0.200	1.277E+1	1.700E+1
183.909	0.200	0.200	1.278E+1	1.700E+1
184.109	0.200	0.200	1.277E+1	1.700E+1
184.310	0.200	0.200	1.278E+1	1.700E+1
184.510	0.200	0.200	1.278E+1	1.700E+1
184.710	0.200	0.200	1.278E+1	1.700E+1
184.911	0.200	0.200	1.277E+1	1.700E+1
185.111	0.200	0.200	1.278E+1	1.700E+1
185.310	0.200	0.200	1.278E+1	1.700E+1
185.510	0.200	0.200	1.278E+1	1.700E+1
185.711	0.200	0.200	1.278E+1	1.700E+1
185.912	0.200	0.200	1.278E+1	1.700E+1
186.112	0.200	0.200	1.278E+1	1.700E+1
186.312	0.200	0.200	1.278E+1	1.700E+1
186.513	0.200	0.200	1.278E+1	1.700E+1
186.713	0.200	0.200	1.278E+1	1.700E+1
186.913	0.200	0.200	1.278E+1	1.700E+1
187.113	0.200	0.200	1.278E+1	1.700E+1
187.312	0.200	0.200	1.278E+1	1.700E+1
187.513	0.200	0.200	1.278E+1	1.700E+1
187.713	0.200	0.200	1.278E+1	1.700E+1
187.912	0.200	0.200	1.278E+1	1.700E+1
188.113	0.200	0.175	1.278E+1	1.700E+1
188.317	0.200	0.175	1.278E+1	1.700E+1
188.517	0.200	0.175	1.278E+1	1.700E+1
188.716	0.200	0.175	1.278E+1	1.700E+1
188.916	0.200	0.175	1.278E+1	1.700E+1
189.116	0.200	0.175	1.278E+1	1.700E+1
189.317	0.200	0.175	1.278E+1	1.700E+1
189.516	0.200	0.175	1.279E+1	1.700E+1
189.717	0.200	0.175	1.279E+1	1.700E+1
189.917	0.200	0.175	1.231E+1	1.700E+1
190.117	0.200	0.175	1.231E+1	1.700E+1
190.317	0.175	0.175	1.122E+1	1.700E+1
190.518	0.175	0.175	1.122E+1	1.700E+1
190.718	0.175	0.175	1.123E+1	1.700E+1
190.918	0.175	0.175	1.123E+1	1.700E+1
191.118	0.175	0.175	1.123E+1	1.700E+1
191.318	0.175	0.175	1.123E+1	1.700E+1
191.518	0.175	0.175	1.123E+1	1.700E+1
191.717	0.175	0.175	1.123E+1	1.700E+1
191.919	0.175	0.175	1.123E+1	1.700E+1
192.118	0.175	0.175	1.123E+1	1.700E+1
192.318	0.175	0.175	1.123E+1	1.700E+1
192.519	0.175	0.175	1.123E+1	1.700E+1
192.718	0.175	0.175	1.123E+1	1.700E+1
192.918	0.175	0.175	1.123E+1	1.700E+1
193.118	0.175	0.175	1.123E+1	1.700E+1
193.328	0.175	0.175	1.123E+1	1.700E+1
193.528	0.175	0.175	1.123E+1	1.700E+1
193.728	0.175	0.175	1.123E+1	1.700E+1
193.928	0.175	0.175	1.123E+1	1.700E+1
194.130	0.175	0.175	1.123E+1	1.700E+1
194.330	0.175	0.175	1.123E+1	1.700E+1
194.531	0.175	0.175	1.123E+1	1.700E+1
194.730	0.175	0.175	1.123E+1	1.700E+1
194.930	0.175	0.175	1.123E+1	1.700E+1
195.131	0.175	0.175	1.123E+1	1.700E+1
195.332	0.175	0.175	1.123E+1	1.700E+1
195.532	0.175	0.175	1.123E+1	1.700E+1
195.731	0.175	0.175	1.123E+1	1.700E+1
195.933	0.175	0.175	1.123E+1	1.700E+1
196.132	0.175	0.175	1.123E+1	1.700E+1
196.332	0.175	0.175	1.123E+1	1.700E+1
196.532	0.175	0.175	1.123E+1	1.700E+1
196.733	0.175	0.175	1.123E+1	1.700E+1
196.933	0.175	0.175	1.123E+1	1.700E+1
197.134	0.175	0.175	1.123E+1	1.700E+1
197.334	0.175	0.175	1.123E+1	1.700E+1
197.533	0.175	0.175	1.123E+1	1.700E+1
197.734	0.175	0.175	1.123E+1	1.700E+1
197.934	0.175	0.175	1.124E+1	1.700E+1
198.135	0.175	0.175	1.124E+1	1.700E+1
198.335	0.175	0.175	1.124E+1	1.700E+1
198.537	0.175	0.175	1.124E+1	1.700E+1
198.738	0.175	0.175	1.124E+1	1.700E+1
198.939	0.175	0.150	1.124E+1	1.700E+1
199.138	0.175	0.150	1.124E+1	1.700E+1
199.338	0.175	0.150	1.124E+1	1.700E+1
199.538	0.175	0.150	1.124E+1	1.700E+1
199.739	0.175	0.150	1.124E+1	1.700E+1
199.939	0.175	0.150	1.124E+1	1.700E+1
200.138	0.175	0.150	1.124E+1	1.700E+1
200.338	0.175	0.150	1.124E+1	1.700E+1
200.539	0.175	0.150	1.124E+1	1.700E+1
200.739	0.175	0.150	1.124E+1	1.700E+1
200.939	0.175	0.150	1.124E+1	1.700E+1
201.140	0.175	0.150	1.124E+1	1.700E+1
201.340	0.175	0.150	1.124E+1	1.700E+1
201.541	0.175	0.150	1.123E+1	1.700E+1
201.741	0.150	0.150	1.123E+1	1.700E+1
201.941	0.150	0.150	9.650E+0	1.700E+1
202.141	0.150	0.150	9.680E+0	1.700E+1
202.343	0.150	0.150	9.680E+0	1.700E+1
202.543	0.150	0.150	9.680E+0	1.700E+1
202.743	0.150	0.150	9.680E+0	1.700E+1
202.942	0.150	0.150	9.680E+0	1.700E+1
203.142	0.150	0.150	9.680E+0	1.700E+1
203.342	0.150	0.150	9.680E+0	1.700E+1
203.543	0.150	0.150	9.680E+0	1.700E+1
203.743	0.150	0.150	9.680E+0	1.700E+1
203.943	0.150	0.150	9.680E+0	1.700E+1
204.142	0.150	0.150	9.680E+0	1.700E+1
204.343	0.150	0.150	9.680E+0	1.700E+1
204.543	0.150	0.150	9.680E+0	1.700E+1
204.742	0.150	0.150	9.680E+0	1.700E+1
204.944	0.150	0.150	9.680E+0	1.700E+1
205.143	0.150	0.150	9.680E+0	1.700E+1
205.343	0.150	0.150	9.680E+0	1.700E+1
205.544	0.150	0.150	9.680E+0	1.700E+1
205.743	0.150	0.150	9.680E+0	1.700E+1
205.943	0.150	0.150	9.680E+0	1.700E+1
206.144	0.150	0.150	9.680E+0	1.700E+1
206.344	0.150	0.150	9.680E+0	1.700E+1
206.544	0.150	0.150	9.680E+0	1.700E+1
206.745	0.150	0.150	9.680E+0	1.700E+1
206.945	0.150	0.150	9.680E+0	1.700E+1
207.146	0.150	0.150	9.680E+0	1.700E+1
207.346	0.150	0.150	9.680E+0	1.700E+1
207.547	0.150	0.150	9.680E+0	1.700E+1
207.747	0.150	0.150	9.680E+0	1.700E+1
207.947	0.150	0.150	9.680E+0	1.700E+1
208.146	0.150	0.150	9.680E+0	1.700E+1
208.347	0.150	0.150	9.680E+0	1.700E+1
208.547	0.150	0.150	9.680E+0	1.700E+1
208.746	0.150	0.150	9.680E+0	1.700E+1
208.947	0.150	0.150	9.680E+0	1.700E+1
209.147	0.150	0.150	9.680E+0	1.700E+1
209.346	0.150	0.150	9.680E+0	1.700E+1
209.546	0.150	0.150	9.680E+0	1.700E+1
209.748	0.150	0.150	9.680E+0	1.700E+1
209.947	0.150	0.150	9.680E+0	1.700E+1
210.148	0.150	0.150	9.690E+0	1.700E+1
210.347	0.150	0.150	9.680E+0	1.700E+1
210.547	0.150	0.150	9.690E+0	1.700E+1
210.749	0.150	0.150	9.690E+0	1.700E+1
210.950	0.150	0.150	9.690E+0	1.700E+1
211.150	0.150	0.150	9.680E+0	1.700E+1
211.351	0.150	0.125	9.680E+0	1.700E+1
211.550	0.150	0.125	9.680E+0	1.700E+1
211.750	0.150	0.125	9.690E+0	1.700E+1
211.952	0.150	0.125	9.680E+0	1.700E+1
212.152	0.150	0.125	9.680E+0	1.700E+1
212.353	0.150	0.125	9.680E+0	1.700E+1
212.552	0.150	0.125	9.690E+0	1.700E+1
212.752	0.150	0.125	9.690E+0	1.700E+1
212.953	0.150	0.125	9.690E+0	1.700E+1
213.153	0.150	0.125	9.690E+0	1.700E+1
213.354	0.125	0.125	9.690E+0	1.700E+1
213.553	0.125	0.125	8.090E+0	1.700E+1
213.754	0.125	0.125	8.130E+0	1.700E+1
213.954	0.125	0.125	8.130E+0	1.700E+1
214.155	0.125	0.125	8.130E+0	1.700E+1
214.354	0.125	0.125	8.130E+0	1.700E+1
214.555	0.125	0.125	8.130E+0	1.700E+1
214.754	0.125	0.125	8.130E+0	1.700E+1
214.955	0.125	0.125	8.130E+0	1.700E+1
215.155	0.125	0.125	8.130E+0	1.700E+1
215.356	0.125	0.125	8.130E+0	1.700E+1
215.557	0.125	0.125	8.130E+0	1.700E+1
215.756	0.125	0.125	8.130E+0	1.700E+1
215.956	0.125	0.125	8.130E+0	1.700E+1
216.157	0.125	0.125	8.130E+0	1.700E+1
216.358	0.125	0.125	8.130E+0	1.700E+1
216.559	0.125	0.125	8.130E+0	1.700E+1
216.759	0.125	0.125	8.130E+0	1.700E+1
216.958	0.125	0.125	8.130E+0	1.700E+1
217.160	0.125	0.125	8.130E+0	1.700E+1
217.360	0.125	0.125	8.130E+0	1.700E+1
217.561	0.125	0.125	8.130E+0	1.700E+1
217.760	0.125	0.125	8.130E+0	1.700E+1
217.961	0.125	0.125	8.130E+0	1.700E+1
218.161	0.125	0.125	8.130E+0	1.700E+1
218.360	0.125	0.125	8.130E+0	1.700E+1
218.560	0.125	0.125	8.130E+0	1.700E+1
218.761	0.125	0.125	8.130E+0	1.700E+1
218.960	0.125	0.125	8.130E+0	1.700E+1
219.160	0.125	0.125	8.130E+0	1.700E+1
219.361	0.125	0.125	8.130E+0	1.700E+1
219.562	0.125	0.125	8.130E+0	1.700E+1
219.762	0.125	0.125	8.130E+0	1.700E+1
219.963	0.125	0.125	8.130E+0	1.700E+1
220.163	0.125	0.125	8.130E+0	1.700E+1
220.363	0.125	0.125	8.130E+0	1.700E+1
220.564	0.125	0.125	8.130E+0	1.700E+1
220.764	0.125	0.125	8.130E+0	1.700E+1
220.965	0.125	0.125	8.130E+0	1.700E+1
221.166	0.125	0.125	8.130E+0	1.700E+1
221.366	0.125	0.125	8.130E+0	1.700E+1
221.568	0.125	0.125	8.130E+0	1.700E+1
221.768	0.125	0.125	8.130E+0	1.700E+1
221.967	0.125	0.125	8.130E+0	1.700E+1
222.167	0.125	0.125	8.130E+0	1.700E+1
222.369	0.125	0.125	8.130E+0	1.700E+1
222.569	0.125	0.125	8.130E+0	1.700E+1
222.769	0.125	0.125	8.130E+0	1.700E+1
222.971	0.125	0.100	8.130E+0	1.700E+1
223.172	0.125	0.100	8.130E+0	1.700E+1
223.371	0.125	0.100	8.130E+0	1.700E+1
223.572	0.125	0.100	8.130E+0	1.700E+1
223.771	0.125	0.100	8.130E+0	1.700E+1
223.971	0.125	0.100	8.130E+0	1.700E+1
224.171	0.125	0.100	8.130E+0	1.700E+1
224.372	0.125	0.100	8.130E+0	1.700E+1
224.572	0.125	0.100	8.130E+0	1.700E+1
224.771	0.100	0.100	8.130E+0	1.700E+1
224.973	0.100	0.100	6.520E+0	1.700E+1
225.174	0.100	0.100	6.520E+0	1.700E+1
225.374	0.100	0.100	6.570E+0	1.700E+1
225.574	0.100	0.100	6.570E+0	1.700E+1
225.774	0.100	0.100	6.570E+0	1.700E+1
225.974	0.100	0.100	6.570E+0	1.700E+1
226.174	0.100	0.100	6.570E+0	1.700E+1
226.374	0.100	0.100	6.570E+0	1.700E+1
226.575	0.100	0.100	6.570E+0	1.700E+1
226.774	0.100	0.100	6.570E+0	1.700E+1
226.974	0.100	0.100	6.570E+0	1.700E+1
227.174	0.100	0.100	6.570E+0	1.700E+1
227.374	0.100	0.100	6.570E+0	1.700E+1
227.575	0.100	0.100	6.570E+0	1.700E+1
227.774	0.100	0.100	6.570E+0	1.700E+1
227.975	0.100	0.100	6.570E+0	1.700E+1
228.175	0.100	0.100	6.570E+0	1.700E+1
228.376	0.100	0.100	6.570E+0	1.700E+1
228.578	0.100	0.100	6.570E+0	1.700E+1
228.779	0.100	0.100	6.570E+0	1.700E+1
228.978	0.100	0.100	6.570E+0	1.700E+1
229.179	0.100	0.100	6.570E+0	1.700E+1
229.379	0.100	0.100	6.570E+0	1.700E+1
229.579	0.100	0.100	6.570E+0	1.700E+1
229.780	0.100	0.100	6.570E+0	1.700E+1
229.979	0.100	0.100	6.570E+0	1.700E+1
230.179	0.100	0.100	6.570E+0	1.700E+1
230.380	0.100	0.100	6.570E+0	1.700E+1
230.579	0.100	0.100	6.570E+0	1.700E+1
230.780	0.100	0.100	6.570E+0	1.700E+1
230.981	0.100	0.100	6.570E+0	1.700E+1
231.182	0.100	0.100	6.570E+0	1.700E+1
231.382	0.100	0.100	6.570E+0	1.700E+1
231.581	0.100	0.100	6.570E+0	1.700E+1
231.782	0.100	0.100	6.570E+0	1.700E+1
231.984	0.100	0.100	6.570E+0	1.700E+1
232.184	0.100	0.100	6.570E+0	1.700E+1
232.385	0.100	0.100	6.570E+0	1.700E+1
232.584	0.100	0.100	6.570E+0	1.700E+1
232.785	0.100	0.100	6.570E+0	1.700E+1
232.984	0.100	0.100	6.570E+0	1.700E+1
233.184	0.100	0.100	6.570E+0	1.700E+1
233.385	0.100	0.075	6.570E+0	1.700E+1
233.585	0.100	0.075	6.570E+0	1.700E+1
233.784	0.100	0.075	6.570E+0	1.700E+1
233.984	0.100	0.075	6.570E+0	1.700E+1
234.185	0.100	0.075	6.570E+0	1.700E+1
234.385	0.100	0.075	6.570E+0	1.700E+1
234.586	0.100	0.075	6.570E+0	1.700E+1
234.785	0.100	0.075	6.570E+0	1.700E+1
234.986	0.100	0.075	6.570E+0	1.700E+1
235.185	0.100	0.075	6.570E+0	1.700E+1
235.386	0.100	0.075	3.420E+0	1.700E+1
235.585	0.075	0.075	3.420E+0	1.700E+1
235.787	0.075	0.075	5.010E+0	1.700E+1
235.986	0.075	0.075	5.010E+0	1.700E+1
236.186	0.075	0.075	5.010E+0	1.700E+1
236.386	0.075	0.075	5.010E+0	1.700E+1
236.587	0.075	0.075	5.010E+0	1.700E+1
236.788	0.075	0.075	5.010E+0	1.700E+1
236.988	0.075	0.075	5.010E+0	1.700E+1
237.187	0.075	0.075	5.010E+0	1.700E+1
237.387	0.075	0.075	5.010E+0	1.700E+1
237.587	0.075	0.075	5.010E+0	1.700E+1
237.788	0.075	0.075	5.010E+0	1.700E+1
237.987	0.075	0.075	5.010E+0	1.700E+1
238.187	0.075	0.075	5.010E+0	1.700E+1
238.387	0.075	0.075	5.010E+0	1.700E+1
238.587	0.075	0.075	5.010E+0	1.700E+1
238.787	0.075	0.075	5.010E+0	1.700E+1
238.988	0.075	0.075	5.010E+0	1.700E+1
239.188	0.075	0.075	5.010E+0	1.700E+1
239.389	0.075	0.075	5.010E+0	1.700E+1
239.589	0.075	0.075	5.010E+0	1.700E+1
239.788	0.075	0.075	5.010E+0	1.700E+1
239.988	0.075	0.075	5.010E+0	1.700E+1
240.188	0.075	0.075	5.010E+0	1.700E+1
240.388	0.075	0.075	5.010E+0	1.700E+1
240.588	0.075	0.075	5.010E+0	1.700E+1
240.788	0.075	0.075	5.010E+0	1.700E+1
240.988	0.075	0.075	5.010E+0	1.700E+1
241.188	0.075	0.075	5.010E+0	1.700E+1
241.388	0.075	0.075	5.010E+0	1.700E+1
241.590	0.075	0.075	5.010E+0	1.700E+1
241.790	0.075	0.075	5.010E+0	1.700E+1
241.990	0.075	0.075	5.010E+0	1.700E+1
242.190	0.075	0.075	5.010E+0	1.700E+1
242.391	0.075	0.075	5.010E+0	1.700E+1
242.592	0.075	0.075	5.010E+0	1.700E+1
242.792	0.075	0.075	5.010E+0	1.700E+1
242.994	0.075	0.075	5.010E+0	1.700E+1
243.194	0.075	0.075	5.010E+0	1.700E+1
243.396	0.075	0.075	5.010E+0	1.700E+1
243.595	0.075	0.075	5.010E+0	1.700E+1
243.797	0.075	0.075	5.010E+0	1.700E+1
243.997	0.075	0.075	5.010E+0	1.700E+1
244.196	0.075	0.075	5.010E+0	1.700E+1
244.397	0.075	0.075	5.010E+0	1.700E+1
244.597	0.075	0.075	5.010E+0	1.700E+1
244.796	0.075	0.075	5.010E+0	1.700E+1
244.997	0.075	0.075	5.010E+0	1.700E+1
245.196	0.075	0.075	5.010E+0	1.700E+1
