0.000	0.000	0.000	0.000E+0	0.000E+0	0.000E+0
0.002	0.000	0.000	0.000E+0	0.000E+0	0.000E+0
0.204	1.070	0.000	1.085E+0	1.085E+0	0.000E+0
0.403	1.070	0.000	1.070E+0	1.070E+0	0.000E+0
0.605	1.070	0.000	1.070E+0	1.070E+0	0.000E+0
0.804	1.070	0.000	1.070E+0	1.070E+0	0.000E+0
1.005	1.070	0.000	1.070E+0	1.070E+0	0.000E+0
1.206	1.070	0.000	1.070E+0	1.070E+0	0.000E+0
1.406	0.910	0.000	1.070E+0	1.070E+0	0.000E+0
1.606	0.910	0.000	1.070E+0	1.070E+0	0.000E+0
1.806	0.910	0.000	9.100E-1	9.100E-1	0.000E+0
2.006	0.910	0.000	9.100E-1	9.100E-1	0.000E+0
2.207	0.910	0.000	9.100E-1	9.100E-1	0.000E+0
2.407	0.910	0.000	9.100E-1	9.100E-1	0.000E+0
2.607	1.060	0.000	9.100E-1	9.100E-1	0.000E+0
2.807	1.060	0.000	1.060E+0	1.060E+0	0.000E+0
3.008	1.060	0.000	1.060E+0	1.060E+0	0.000E+0
3.208	1.060	0.000	1.060E+0	1.060E+0	0.000E+0
3.408	1.200	0.000	1.060E+0	1.060E+0	0.000E+0
3.608	1.200	0.000	1.060E+0	1.060E+0	0.000E+0
3.809	1.200	0.000	1.200E+0	1.200E+0	0.000E+0
4.009	1.200	0.000	1.200E+0	1.200E+0	0.000E+0
4.210	1.200	0.000	1.200E+0	1.200E+0	0.000E+0
4.411	1.170	0.000	1.200E+0	1.200E+0	0.000E+0
4.611	1.170	0.000	1.200E+0	1.200E+0	0.000E+0
4.813	1.170	0.000	1.170E+0	1.170E+0	3.000E+3
5.012	1.170	0.000	1.170E+0	1.170E+0	3.000E+3
5.212	1.170	0.000	1.170E+0	1.170E+0	3.000E+3
5.413	1.110	0.000	1.170E+0	0.000E+0	3.000E+3
5.613	1.110	0.000	1.170E+0	0.000E+0	3.000E+3
5.813	1.110	0.000	1.170E+0	0.000E+0	3.000E+3
6.014	1.110	0.000	1.076E+0	1.076E+0	3.000E+3
6.215	1.110	0.000	1.110E+0	1.110E+0	3.000E+3
6.416	1.110	0.000	1.110E+0	1.110E+0	3.000E+3
6.616	1.110	0.000	1.110E+0	1.110E+0	3.000E+3
6.816	1.110	0.000	1.110E+0	1.110E+0	3.000E+3
7.016	1.110	0.000	1.110E+0	1.110E+0	3.000E+3
7.217	1.080	0.000	1.110E+0	1.110E+0	3.000E+3
7.417	1.080	0.000	1.110E+0	1.110E+0	3.000E+3
7.618	1.080	0.000	1.080E+0	1.080E+0	3.000E+3
7.818	1.080	0.000	1.080E+0	1.080E+0	3.000E+3
8.019	1.080	0.000	1.080E+0	1.080E+0	3.000E+3
8.219	1.210	0.000	1.080E+0	1.080E+0	3.000E+3
8.418	1.210	0.000	1.080E+0	1.080E+0	3.000E+3
8.618	1.210	0.000	1.210E+0	1.210E+0	3.000E+3
8.819	1.210	0.000	1.210E+0	1.210E+0	3.000E+3
9.019	1.210	0.000	1.210E+0	1.210E+0	3.000E+3
9.220	1.160	0.000	1.210E+0	1.210E+0	3.000E+3
9.420	1.160	0.000	1.210E+0	1.210E+0	3.000E+3
9.620	1.160	0.000	1.160E+0	1.160E+0	3.000E+3
9.820	1.160	0.000	1.160E+0	1.160E+0	3.000E+3
10.020	1.160	0.000	1.160E+0	1.160E+0	3.000E+3
10.222	4.160	1.340	1.160E+0	1.160E+0	3.000E+3
10.421	4.160	1.340	1.160E+0	1.160E+0	3.000E+3
10.621	4.160	1.340	4.160E+0	4.160E+0	3.000E+3
10.821	4.160	1.340	4.160E+0	4.160E+0	3.000E+3
11.021	4.160	1.340	4.160E+0	4.160E+0	3.000E+3
11.222	45.790	37.900	4.160E+0	7.730E+0	3.000E+3
11.422	45.790	37.900	4.160E+0	7.730E+0	3.000E+3
11.622	45.790	37.900	1.052E+1	1.052E+1	3.000E+3
11.822	45.790	37.900	1.052E+1	1.052E+1	3.000E+3
12.022	45.790	37.900	4.579E+1	4.579E+1	3.000E+3
12.223	45.790	37.900	4.579E+1	4.579E+1	3.000E+3
12.422	45.790	37.900	4.579E+1	4.579E+1	3.000E+3
12.622	45.790	37.900	4.579E+1	4.579E+1	3.000E+3
12.822	45.790	37.900	4.579E+1	4.579E+1	3.000E+3
13.022	39.100	34.680	4.579E+1	4.579E+1	3.000E+3
13.223	39.100	34.680	3.910E+1	3.910E+1	3.000E+3
13.424	39.100	34.680	3.910E+1	3.910E+1	3.000E+3
13.625	39.100	34.680	3.910E+1	3.910E+1	3.000E+3
13.825	39.100	34.680	3.910E+1	3.910E+1	3.000E+3
14.026	28.260	24.130	3.910E+1	3.910E+1	3.000E+3
14.227	28.260	24.130	2.826E+1	2.826E+1	3.000E+3
14.426	28.260	24.130	2.826E+1	2.826E+1	3.000E+3
14.626	28.260	24.130	2.826E+1	2.826E+1	3.000E+3
14.826	28.260	24.130	2.826E+1	2.826E+1	3.000E+3
15.026	29.130	24.890	2.826E+1	2.826E+1	3.000E+3
15.227	29.130	24.890	2.913E+1	2.913E+1	3.000E+3
15.428	29.130	24.890	2.913E+1	2.913E+1	3.000E+3
15.629	29.130	24.890	2.913E+1	2.913E+1	3.000E+3
15.829	29.130	24.890	2.913E+1	2.913E+1	3.000E+3
16.028	28.720	24.690	2.913E+1	2.913E+1	3.000E+3
16.230	28.720	24.690	2.872E+1	2.872E+1	3.000E+3
16.431	28.720	24.690	2.872E+1	2.872E+1	3.000E+3
16.631	28.720	24.690	2.872E+1	2.872E+1	3.000E+3
16.831	28.720	24.690	2.872E+1	2.872E+1	3.000E+3
17.031	27.680	24.310	2.872E+1	2.655E+1	3.000E+3
17.232	27.680	24.310	2.872E+1	2.655E+1	3.000E+3
17.433	27.680	24.310	3.035E+1	3.035E+1	3.000E+3
17.633	27.680	24.310	3.035E+1	3.035E+1	3.000E+3
17.833	27.680	24.310	2.768E+1	2.768E+1	3.000E+3
18.033	27.680	24.310	2.768E+1	2.768E+1	3.000E+3
18.233	27.680	24.310	2.768E+1	2.768E+1	3.000E+3
18.434	27.680	24.310	2.768E+1	2.768E+1	3.000E+3
18.633	28.550	24.050	2.768E+1	2.768E+1	3.000E+3
18.834	28.550	24.050	2.768E+1	2.768E+1	3.000E+3
19.034	28.550	24.050	2.855E+1	2.855E+1	3.000E+3
19.235	28.550	24.050	2.855E+1	2.855E+1	3.000E+3
19.436	28.550	24.050	2.855E+1	2.855E+1	3.000E+3
19.636	28.550	24.050	2.855E+1	2.855E+1	3.000E+3
19.836	28.240	23.850	2.855E+1	2.855E+1	3.000E+3
20.036	28.240	23.850	2.855E+1	2.855E+1	3.000E+3
20.236	28.240	23.850	2.824E+1	2.824E+1	3.000E+3
20.437	28.240	23.850	2.824E+1	2.824E+1	3.000E+3
20.637	27.450	23.720	2.824E+1	2.824E+1	3.000E+3
20.837	27.450	23.720	2.824E+1	2.824E+1	3.000E+3
21.036	27.450	23.720	2.824E+1	2.824E+1	3.000E+3
21.238	27.450	23.720	2.745E+1	2.745E+1	3.000E+3
21.437	27.450	23.720	2.745E+1	2.745E+1	3.000E+3
21.637	27.370	23.630	2.745E+1	2.745E+1	3.000E+3
21.838	27.370	23.630	2.745E+1	2.745E+1	3.000E+3
22.039	27.370	23.630	2.737E+1	2.737E+1	3.000E+3
22.241	27.370	23.630	2.737E+1	2.737E+1	3.000E+3
22.440	27.370	23.630	2.737E+1	2.737E+1	3.000E+3
22.640	27.290	23.490	2.737E+1	2.377E+1	3.000E+3
22.840	27.290	23.490	2.737E+1	2.377E+1	3.000E+3
23.041	27.290	23.490	2.737E+1	2.377E+1	3.000E+3
23.240	27.290	23.490	2.778E+1	2.778E+1	3.000E+3
23.440	27.290	23.490	2.778E+1	2.778E+1	3.000E+3
23.640	27.290	23.490	2.729E+1	2.729E+1	3.000E+3
23.840	27.290	23.490	2.729E+1	2.729E+1	3.000E+3
24.040	27.290	23.490	2.729E+1	2.729E+1	3.000E+3
24.240	27.290	23.490	2.729E+1	2.729E+1	3.000E+3
24.441	27.290	23.490	2.729E+1	2.729E+1	3.000E+3
24.641	27.390	23.330	2.729E+1	2.729E+1	3.000E+3
24.841	27.390	23.330	2.739E+1	2.739E+1	3.000E+3
25.041	27.390	23.330	2.739E+1	2.739E+1	3.000E+3
25.242	27.390	23.330	2.739E+1	2.739E+1	3.000E+3
25.442	26.830	23.260	2.739E+1	2.739E+1	3.000E+3
25.642	26.830	23.260	2.739E+1	2.739E+1	3.000E+3
25.843	26.830	23.260	2.683E+1	2.683E+1	3.000E+3
26.043	26.830	23.260	2.683E+1	2.683E+1	3.000E+3
26.245	26.830	23.260	2.683E+1	2.683E+1	3.000E+3
26.445	27.350	23.230	2.683E+1	2.683E+1	3.000E+3
26.645	27.350	23.230	2.683E+1	2.683E+1	3.000E+3
26.844	27.350	23.230	2.735E+1	2.735E+1	3.000E+3
27.044	27.350	23.230	2.735E+1	2.735E+1	3.000E+3
27.246	27.350	23.230	2.735E+1	2.735E+1	3.000E+3
27.445	26.970	23.190	2.735E+1	2.735E+1	3.000E+3
27.645	26.970	23.190	2.735E+1	2.735E+1	3.000E+3
27.846	26.970	23.190	2.697E+1	2.697E+1	3.000E+3
28.045	26.970	23.190	2.697E+1	2.697E+1	3.000E+3
28.248	26.970	23.190	2.697E+1	2.697E+1	3.000E+3
28.447	27.000	23.010	2.697E+1	2.322E+1	3.000E+3
28.649	27.000	23.010	2.697E+1	2.322E+1	3.000E+3
28.849	27.000	23.010	2.697E+1	2.322E+1	3.000E+3
29.050	27.000	23.010	2.701E+1	2.701E+1	3.000E+3
29.251	27.000	23.010	2.701E+1	2.701E+1	3.000E+3
29.451	27.000	23.010	2.700E+1	2.700E+1	3.000E+3
29.651	27.000	23.010	2.700E+1	2.700E+1	3.000E+3
29.851	27.000	23.010	2.700E+1	2.700E+1	3.000E+3
30.052	27.000	23.010	2.700E+1	2.700E+1	3.000E+3
30.253	27.000	23.010	2.700E+1	2.700E+1	3.000E+3
30.453	27.110	22.940	2.700E+1	2.700E+1	3.000E+3
30.653	27.110	22.940	2.700E+1	2.700E+1	3.000E+3
30.855	27.110	22.940	2.711E+1	2.711E+1	3.000E+3
31.055	27.110	22.940	2.711E+1	2.711E+1	3.000E+3
31.254	26.340	22.850	2.711E+1	2.711E+1	3.000E+3
31.455	26.340	22.850	2.711E+1	2.711E+1	3.000E+3
31.656	26.340	22.850	2.634E+1	2.634E+1	3.000E+3
31.858	26.340	22.850	2.634E+1	2.634E+1	3.000E+3
32.058	26.170	22.850	2.634E+1	2.634E+1	3.000E+3
32.259	26.170	22.850	2.634E+1	2.634E+1	3.000E+3
32.459	26.170	22.850	2.617E+1	2.617E+1	3.000E+3
32.659	26.170	22.850	2.617E+1	2.617E+1	3.000E+3
32.859	26.170	22.850	2.617E+1	2.617E+1	3.000E+3
33.061	26.170	22.850	2.617E+1	2.617E+1	3.000E+3
33.262	25.830	22.790	2.617E+1	2.617E+1	3.000E+3
33.461	25.830	22.790	2.617E+1	2.617E+1	3.000E+3
33.661	25.830	22.790	2.583E+1	2.583E+1	3.000E+3
33.861	25.830	22.790	2.583E+1	2.583E+1	3.000E+3
34.061	25.830	22.790	2.583E+1	2.583E+1	3.000E+3
34.263	25.830	22.790	2.583E+1	2.583E+1	3.000E+3
34.463	26.400	22.700	2.583E+1	2.285E+1	3.000E+3
34.665	26.400	22.700	2.583E+1	2.285E+1	3.000E+3
34.864	26.400	22.700	2.677E+1	2.677E+1	3.000E+3
35.065	26.400	22.700	2.640E+1	2.640E+1	3.000E+3
35.265	26.400	22.700	2.640E+1	2.640E+1	3.000E+3
35.466	26.400	22.700	2.640E+1	2.640E+1	3.000E+3
35.666	26.400	22.700	2.640E+1	2.640E+1	3.000E+3
35.867	26.400	22.700	2.640E+1	2.640E+1	3.000E+3
36.066	36.360	31.640	2.640E+1	2.640E+1	3.000E+3
36.268	36.360	31.640	2.640E+1	2.640E+1	3.000E+3
36.467	36.360	31.640	3.636E+1	3.636E+1	3.000E+3
36.667	36.360	31.640	3.636E+1	3.636E+1	3.000E+3
36.868	36.360	31.640	3.636E+1	3.636E+1	3.000E+3
37.069	35.840	31.310	3.636E+1	3.636E+1	3.000E+3
37.270	35.840	31.310	3.636E+1	3.636E+1	3.000E+3
37.470	35.840	31.310	3.584E+1	3.584E+1	3.000E+3
37.671	35.840	31.310	3.584E+1	3.584E+1	3.000E+3
37.872	35.840	31.310	3.584E+1	3.584E+1	3.000E+3
38.074	35.480	31.300	3.584E+1	3.584E+1	3.000E+3
38.274	35.480	31.300	3.584E+1	3.584E+1	3.000E+3
38.475	35.480	31.300	3.548E+1	3.548E+1	3.000E+3
38.674	35.480	31.300	3.548E+1	3.548E+1	3.000E+3
38.874	35.480	31.300	3.548E+1	3.548E+1	3.000E+3
39.074	34.670	31.140	3.548E+1	3.548E+1	3.000E+3
39.275	34.670	31.140	3.548E+1	3.548E+1	3.000E+3
39.475	34.670	31.140	3.467E+1	3.467E+1	3.000E+3
39.675	34.670	31.140	3.467E+1	3.467E+1	3.000E+3
39.875	34.670	31.140	3.467E+1	3.467E+1	3.000E+3
40.075	34.690	31.150	3.467E+1	3.134E+1	3.000E+3
40.276	34.690	31.150	3.467E+1	3.134E+1	3.000E+3
40.476	34.690	31.150	3.551E+1	3.551E+1	3.000E+3
40.676	34.690	31.150	3.551E+1	3.551E+1	3.000E+3
40.877	34.690	31.150	3.469E+1	3.469E+1	3.000E+3
41.078	34.690	31.150	3.469E+1	3.469E+1	3.000E+3
41.277	34.690	31.150	3.469E+1	3.469E+1	3.000E+3
41.477	34.690	31.150	3.469E+1	3.469E+1	3.000E+3
41.677	34.690	31.150	3.469E+1	3.469E+1	3.000E+3
41.878	34.690	31.150	3.469E+1	3.469E+1	3.000E+3
42.077	35.260	31.140	3.469E+1	3.469E+1	3.000E+3
42.279	35.260	31.140	3.526E+1	3.526E+1	3.000E+3
42.479	35.260	31.140	3.526E+1	3.526E+1	3.000E+3
42.679	35.260	31.140	3.526E+1	3.526E+1	3.000E+3
42.880	35.260	31.140	3.526E+1	3.526E+1	3.000E+3
43.081	34.580	31.160	3.526E+1	3.526E+1	3.000E+3
43.283	34.580	31.160	3.526E+1	3.526E+1	3.000E+3
43.484	34.580	31.160	3.458E+1	3.458E+1	3.000E+3
43.684	34.580	31.160	3.458E+1	3.458E+1	3.000E+3
43.885	35.230	31.050	3.458E+1	3.458E+1	3.000E+3
44.084	35.230	31.050	3.523E+1	3.523E+1	3.000E+3
44.286	35.230	31.050	3.523E+1	3.523E+1	3.000E+3
44.485	35.230	31.050	3.523E+1	3.523E+1	3.000E+3
44.685	35.230	31.050	3.523E+1	3.523E+1	3.000E+3
44.885	35.050	31.010	3.523E+1	3.523E+1	3.000E+3
45.085	35.050	31.010	3.505E+1	3.505E+1	3.000E+3
45.285	35.050	31.010	3.505E+1	3.505E+1	3.000E+3
45.485	35.050	31.010	3.505E+1	3.505E+1	3.000E+3
45.685	35.050	31.010	3.505E+1	3.505E+1	3.000E+3
45.885	35.110	31.090	3.505E+1	3.111E+1	3.000E+3
46.086	35.110	31.090	3.505E+1	3.111E+1	3.000E+3
46.286	35.110	31.090	3.515E+1	3.515E+1	3.000E+3
46.487	35.110	31.090	3.515E+1	3.515E+1	3.000E+3
46.687	35.110	31.090	3.511E+1	3.511E+1	3.000E+3
46.887	35.110	31.090	3.511E+1	3.511E+1	3.000E+3
47.087	35.110	31.090	3.511E+1	3.511E+1	3.000E+3
47.288	35.110	31.090	3.511E+1	3.511E+1	3.000E+3
47.489	35.110	31.090	3.511E+1	3.511E+1	3.000E+3
47.690	34.960	31.020	3.511E+1	3.511E+1	3.000E+3
47.890	34.960	31.020	3.511E+1	3.511E+1	3.000E+3
48.090	34.960	31.020	3.496E+1	3.496E+1	3.000E+3
48.291	34.960	31.020	3.496E+1	3.496E+1	3.000E+3
48.491	34.960	31.020	3.496E+1	3.496E+1	3.000E+3
48.691	41.420	37.090	3.496E+1	3.496E+1	3.000E+3
48.891	41.420	37.090	3.496E+1	3.496E+1	3.000E+3
49.092	41.420	37.090	4.142E+1	4.142E+1	3.000E+3
49.292	41.420	37.090	4.142E+1	4.142E+1	3.000E+3
49.492	41.420	37.090	4.142E+1	4.142E+1	3.000E+3
49.692	41.190	37.200	4.142E+1	4.142E+1	3.000E+3
49.892	41.190	37.200	4.142E+1	4.142E+1	3.000E+3
50.093	41.190	37.200	4.119E+1	4.119E+1	3.000E+3
50.292	41.190	37.200	4.119E+1	4.119E+1	3.000E+3
50.492	41.190	37.200	4.119E+1	4.119E+1	3.000E+3
50.692	41.260	37.060	4.119E+1	4.119E+1	3.000E+3
50.893	41.260	37.060	4.119E+1	4.119E+1	3.000E+3
51.092	41.260	37.060	4.126E+1	4.126E+1	3.000E+3
51.292	41.260	37.060	4.126E+1	4.126E+1	3.000E+3
51.492	41.260	37.060	4.126E+1	4.126E+1	3.000E+3
51.692	41.930	37.100	4.126E+1	3.593E+1	3.000E+3
51.892	41.930	37.100	4.126E+1	3.593E+1	3.000E+3
52.092	41.930	37.100	4.126E+1	3.593E+1	3.000E+3
52.292	41.930	37.100	4.005E+1	4.005E+1	3.000E+3
52.493	41.930	37.100	4.193E+1	4.193E+1	3.000E+3
52.694	41.930	37.100	4.193E+1	4.193E+1	3.000E+3
52.893	41.930	37.100	4.193E+1	4.193E+1	3.000E+3
53.093	41.930	37.100	4.193E+1	4.193E+1	3.000E+3
53.293	41.930	37.100	4.193E+1	4.193E+1	3.000E+3
53.493	41.930	37.100	4.193E+1	4.193E+1	3.000E+3
53.695	41.200	37.050	4.193E+1	4.193E+1	3.000E+3
53.895	41.200	37.050	4.120E+1	4.120E+1	3.000E+3
54.095	41.200	37.050	4.120E+1	4.120E+1	3.000E+3
54.296	41.200	37.050	4.120E+1	4.120E+1	3.000E+3
54.496	41.200	37.050	4.120E+1	4.120E+1	3.000E+3
54.698	41.940	37.060	4.120E+1	4.120E+1	3.000E+3
54.897	41.940	37.060	4.120E+1	4.120E+1	3.000E+3
55.097	41.940	37.060	4.194E+1	4.194E+1	3.000E+3
55.297	41.390	36.960	4.194E+1	4.194E+1	3.000E+3
55.497	41.390	36.960	4.194E+1	4.194E+1	3.000E+3
55.697	41.390	36.960	4.139E+1	4.139E+1	3.000E+3
55.897	41.390	36.960	4.139E+1	4.139E+1	3.000E+3
56.097	41.390	36.960	4.139E+1	4.139E+1	3.000E+3
56.299	41.390	36.960	4.139E+1	4.139E+1	3.000E+3
56.499	41.090	36.920	4.139E+1	4.139E+1	3.000E+3
56.699	41.090	36.920	4.109E+1	4.109E+1	3.000E+3
56.900	41.090	36.920	4.109E+1	4.109E+1	3.000E+3
57.100	41.090	36.920	4.109E+1	4.109E+1	3.000E+3
57.300	41.090	36.920	4.109E+1	4.109E+1	3.000E+3
57.500	41.090	36.920	4.109E+1	4.109E+1	3.000E+3
57.700	41.120	36.970	4.109E+1	3.701E+1	3.000E+3
57.902	41.120	36.970	4.109E+1	3.701E+1	3.000E+3
58.103	41.120	36.970	4.118E+1	4.118E+1	3.000E+3
58.303	41.120	36.970	4.118E+1	4.118E+1	3.000E+3
58.503	41.120	36.970	4.112E+1	4.112E+1	3.000E+3
58.704	41.120	36.970	4.112E+1	4.112E+1	3.000E+3
58.903	41.120	36.970	4.112E+1	4.112E+1	3.000E+3
59.104	41.120	36.970	4.112E+1	4.112E+1	3.000E+3
59.306	41.120	36.970	4.112E+1	4.112E+1	3.000E+3
59.507	53.370	48.830	4.112E+1	4.112E+1	3.000E+3
59.706	53.370	48.830	4.112E+1	4.112E+1	3.000E+3
59.907	53.370	48.830	5.337E+1	5.337E+1	3.000E+3
60.106	53.370	48.830	5.337E+1	5.337E+1	3.000E+3
60.307	53.370	48.830	5.337E+1	5.337E+1	3.000E+3
60.507	52.400	48.480	5.337E+1	5.337E+1	3.000E+3
60.707	52.400	48.480	5.337E+1	5.337E+1	3.000E+3
60.907	52.400	48.480	5.240E+1	5.240E+1	3.000E+3
61.108	52.400	48.480	5.240E+1	5.240E+1	3.000E+3
61.308	52.470	48.460	5.240E+1	5.240E+1	3.000E+3
61.509	52.470	48.460	5.240E+1	5.240E+1	3.000E+3
61.710	52.470	48.460	5.247E+1	5.247E+1	3.000E+3
61.910	52.470	48.460	5.247E+1	5.247E+1	3.000E+3
62.110	52.470	48.460	5.247E+1	5.247E+1	3.000E+3
62.310	52.540	48.510	5.247E+1	5.247E+1	3.000E+3
62.510	52.540	48.510	5.247E+1	5.247E+1	3.000E+3
62.712	52.540	48.510	5.254E+1	5.254E+1	3.000E+3
62.911	52.540	48.510	5.254E+1	5.254E+1	3.000E+3
63.111	52.540	48.510	5.254E+1	5.254E+1	3.000E+3
63.312	52.200	48.280	5.254E+1	4.856E+1	3.000E+3
63.512	52.200	48.280	5.254E+1	4.856E+1	3.000E+3
63.712	52.200	48.280	5.254E+1	4.856E+1	3.000E+3
63.912	52.200	48.280	5.308E+1	5.308E+1	3.000E+3
64.112	52.200	48.280	5.308E+1	5.308E+1	3.000E+3
64.314	52.200	48.280	5.220E+1	5.220E+1	3.000E+3
64.513	52.200	48.280	5.220E+1	5.220E+1	3.000E+3
64.714	52.200	48.280	5.220E+1	5.220E+1	3.000E+3
64.914	52.200	48.280	5.220E+1	5.220E+1	3.000E+3
65.114	52.200	48.280	5.220E+1	5.220E+1	3.000E+3
65.314	52.920	48.340	5.220E+1	5.220E+1	3.000E+3
65.514	52.920	48.340	5.292E+1	5.292E+1	3.000E+3
65.714	52.920	48.340	5.292E+1	5.292E+1	3.000E+3
65.914	52.920	48.340	5.292E+1	5.292E+1	3.000E+3
66.116	52.920	48.340	5.292E+1	5.292E+1	3.000E+3
66.315	52.360	48.320	5.292E+1	5.292E+1	3.000E+3
66.516	52.360	48.320	5.236E+1	5.236E+1	3.000E+3
66.717	52.360	48.320	5.236E+1	5.236E+1	3.000E+3
66.917	52.360	48.320	5.236E+1	5.236E+1	3.000E+3
67.117	52.690	48.250	5.236E+1	5.236E+1	3.000E+3
67.319	52.690	48.250	5.236E+1	5.236E+1	3.000E+3
67.520	52.690	48.250	5.269E+1	5.269E+1	3.000E+3
67.720	52.690	48.250	5.269E+1	5.269E+1	3.000E+3
67.921	52.690	48.250	5.269E+1	5.269E+1	3.000E+3
68.121	52.350	48.270	5.269E+1	5.269E+1	3.000E+3
68.323	52.350	48.270	5.269E+1	5.269E+1	3.000E+3
68.524	52.350	48.270	5.235E+1	5.235E+1	3.000E+3
68.723	52.350	48.270	5.235E+1	5.235E+1	3.000E+3
68.924	52.350	48.270	5.235E+1	5.235E+1	3.000E+3
69.124	52.350	48.270	5.235E+1	5.235E+1	3.000E+3
69.324	52.180	48.200	5.235E+1	4.831E+1	3.000E+3
69.525	52.180	48.200	5.235E+1	4.831E+1	3.000E+3
69.724	52.180	48.200	5.235E+1	4.831E+1	3.000E+3
69.924	52.180	48.200	5.276E+1	5.276E+1	3.000E+3
70.125	52.180	48.200	5.276E+1	5.276E+1	3.000E+3
70.325	52.180	48.200	5.218E+1	5.218E+1	3.000E+3
70.525	52.180	48.200	5.218E+1	5.218E+1	3.000E+3
70.725	52.180	48.200	5.218E+1	5.218E+1	3.000E+3
70.925	52.180	48.200	5.218E+1	5.218E+1	3.000E+3
71.125	52.180	48.200	5.218E+1	5.218E+1	3.000E+3
71.326	71.670	66.890	5.218E+1	5.218E+1	3.000E+3
71.526	71.670	66.890	5.218E+1	5.218E+1	3.000E+3
71.727	71.670	66.890	7.167E+1	7.167E+1	3.000E+3
71.928	71.670	66.890	7.167E+1	7.167E+1	3.000E+3
72.128	71.670	66.890	7.167E+1	7.167E+1	3.000E+3
72.329	71.500	66.760	7.167E+1	7.167E+1	3.000E+3
72.529	71.500	66.760	7.150E+1	7.150E+1	3.000E+3
72.729	71.500	66.760	7.150E+1	7.150E+1	3.000E+3
72.930	71.500	66.760	7.150E+1	7.150E+1	3.000E+3
73.129	71.500	66.760	7.150E+1	7.150E+1	3.000E+3
73.329	71.730	66.780	7.150E+1	7.150E+1	3.000E+3
73.530	71.730	66.780	7.173E+1	7.173E+1	3.000E+3
73.731	71.730	66.780	7.173E+1	7.173E+1	3.000E+3
73.932	71.730	66.780	7.173E+1	7.173E+1	3.000E+3
74.132	71.730	66.780	7.173E+1	7.173E+1	3.000E+3
74.332	71.320	66.520	7.173E+1	7.173E+1	3.000E+3
74.532	71.320	66.520	7.132E+1	7.132E+1	3.000E+3
74.733	71.320	66.520	7.132E+1	7.132E+1	3.000E+3
74.935	71.320	66.520	7.132E+1	7.132E+1	3.000E+3
75.135	71.320	66.520	7.132E+1	7.132E+1	3.000E+3
75.334	72.060	66.650	7.132E+1	6.678E+1	3.000E+3
75.535	72.060	66.650	7.132E+1	6.678E+1	3.000E+3
75.734	72.060	66.650	7.168E+1	7.168E+1	3.000E+3
75.934	72.060	66.650	7.168E+1	7.168E+1	3.000E+3
76.134	72.060	66.650	7.206E+1	7.206E+1	3.000E+3
76.334	72.060	66.650	7.206E+1	7.206E+1	3.000E+3
76.534	72.060	66.650	7.206E+1	7.206E+1	3.000E+3
76.735	72.060	66.650	7.206E+1	7.206E+1	3.000E+3
76.935	72.060	66.650	7.206E+1	7.206E+1	3.000E+3
77.136	71.700	66.520	7.206E+1	7.206E+1	3.000E+3
77.338	71.700	66.520	7.206E+1	7.206E+1	3.000E+3
77.540	71.700	66.520	7.170E+1	7.170E+1	3.000E+3
77.739	71.700	66.520	7.170E+1	7.170E+1	3.000E+3
77.939	71.700	66.520	7.170E+1	7.170E+1	3.000E+3
78.139	71.700	66.520	7.170E+1	7.170E+1	3.000E+3
78.339	70.960	66.600	7.170E+1	7.170E+1	3.000E+3
78.539	70.960	66.600	7.170E+1	7.170E+1	3.000E+3
78.740	70.960	66.600	7.096E+1	7.096E+1	3.000E+3
78.940	70.960	66.600	7.096E+1	7.096E+1	3.000E+3
79.139	71.300	66.430	7.096E+1	7.096E+1	3.000E+3
79.340	71.300	66.430	7.096E+1	7.096E+1	3.000E+3
79.540	71.300	66.430	7.130E+1	7.130E+1	3.000E+3
79.740	71.300	66.430	7.130E+1	7.130E+1	3.000E+3
79.940	71.300	66.430	7.130E+1	7.130E+1	3.000E+3
80.140	94.860	89.940	7.130E+1	7.130E+1	3.000E+3
80.341	94.860	89.940	7.130E+1	7.130E+1	3.000E+3
80.541	94.860	89.940	9.486E+1	9.486E+1	3.000E+3
80.742	94.860	89.940	9.486E+1	9.486E+1	3.000E+3
80.941	94.860	89.940	9.486E+1	9.486E+1	3.000E+3
81.142	98.520	93.120	9.486E+1	7.654E+1	3.000E+3
81.341	98.520	93.120	9.486E+1	7.654E+1	3.000E+3
81.541	98.520	93.120	9.486E+1	7.654E+1	3.000E+3
81.742	98.520	93.120	8.150E+1	8.150E+1	3.000E+3
81.942	98.520	93.120	8.150E+1	8.150E+1	3.000E+3
82.142	98.520	93.120	8.150E+1	8.150E+1	3.000E+3
82.342	98.520	93.120	9.852E+1	9.852E+1	3.000E+3
82.543	98.520	93.120	9.852E+1	9.852E+1	3.000E+3
82.742	98.520	93.120	9.852E+1	9.852E+1	3.000E+3
82.943	98.330	92.830	9.852E+1	9.852E+1	3.000E+3
83.144	98.330	92.830	9.852E+1	9.852E+1	3.000E+3
83.346	98.330	92.830	9.833E+1	9.833E+1	3.000E+3
83.546	98.330	92.830	9.833E+1	9.833E+1	3.000E+3
83.746	98.330	92.830	9.833E+1	9.833E+1	3.000E+3
83.948	98.380	92.740	9.833E+1	9.833E+1	3.000E+3
84.147	98.380	92.740	9.833E+1	9.833E+1	3.000E+3
84.348	98.380	92.740	9.833E+1	9.833E+1	3.000E+3
84.549	98.380	92.740	9.838E+1	9.838E+1	3.000E+3
84.749	98.380	92.740	9.838E+1	9.838E+1	3.000E+3
84.948	98.380	92.740	9.838E+1	9.838E+1	3.000E+3
85.149	98.140	92.710	9.838E+1	9.838E+1	3.000E+3
85.349	98.140	92.710	9.838E+1	9.838E+1	3.000E+3
85.549	98.140	92.710	9.814E+1	9.814E+1	3.000E+3
85.749	98.140	92.710	9.814E+1	9.814E+1	3.000E+3
85.949	98.140	92.710	9.814E+1	9.814E+1	3.000E+3
86.150	98.370	92.620	9.814E+1	9.814E+1	3.000E+3
86.351	98.370	92.620	9.814E+1	9.814E+1	3.000E+3
86.551	98.370	92.620	9.814E+1	9.814E+1	3.000E+3
86.751	98.370	92.620	9.837E+1	9.837E+1	3.000E+3
86.952	98.370	92.620	9.837E+1	9.837E+1	3.000E+3
87.151	98.100	92.560	9.837E+1	9.837E+1	3.000E+3
87.351	98.100	92.560	9.837E+1	9.837E+1	3.000E+3
87.551	98.100	92.560	9.837E+1	9.837E+1	3.000E+3
87.751	98.060	92.560	9.810E+1	9.810E+1	3.000E+3
87.952	98.060	92.560	9.810E+1	9.810E+1	3.000E+3
88.152	98.060	92.560	9.810E+1	9.810E+1	3.000E+3
88.353	98.060	92.560	9.806E+1	9.806E+1	3.000E+3
88.553	98.060	92.560	9.806E+1	9.806E+1	3.000E+3
88.754	98.060	92.560	9.806E+1	9.806E+1	3.000E+3
88.954	98.050	92.530	9.806E+1	9.806E+1	3.000E+3
89.154	98.050	92.530	9.806E+1	9.806E+1	3.000E+3
89.355	98.050	92.530	9.806E+1	9.806E+1	3.000E+3
89.554	98.050	92.530	9.805E+1	9.805E+1	3.000E+3
89.754	98.050	92.530	9.805E+1	9.805E+1	3.000E+3
89.954	98.050	92.530	9.805E+1	9.805E+1	3.000E+3
90.154	104.680	99.240	9.805E+1	9.805E+1	3.000E+3
90.355	104.680	99.240	9.805E+1	9.805E+1	3.000E+3
90.556	104.680	99.240	9.805E+1	9.805E+1	3.000E+3
90.756	132.470	126.180	1.047E+2	1.047E+2	3.000E+3
90.956	132.470	126.180	1.047E+2	1.047E+2	3.000E+3
91.155	132.470	126.180	1.047E+2	1.047E+2	3.000E+3
91.357	132.470	126.180	1.325E+2	1.325E+2	3.000E+3
91.556	132.470	126.180	1.325E+2	1.325E+2	3.000E+3
91.757	132.470	126.180	1.325E+2	1.325E+2	3.000E+3
91.957	133.570	127.010	1.325E+2	1.325E+2	3.000E+3
92.157	133.570	127.010	1.325E+2	1.325E+2	3.000E+3
92.357	133.570	127.010	1.325E+2	1.325E+2	3.000E+3
92.557	133.570	127.010	1.336E+2	1.336E+2	3.000E+3
92.757	133.570	127.010	1.336E+2	1.336E+2	3.000E+3
92.957	133.190	126.940	1.336E+2	1.336E+2	3.000E+3
93.158	133.190	126.940	1.336E+2	1.336E+2	3.000E+3
93.357	133.190	126.940	1.336E+2	1.336E+2	3.000E+3
93.557	133.190	126.940	1.332E+2	1.332E+2	3.000E+3
93.758	133.190	126.940	1.332E+2	1.332E+2	3.000E+3
93.957	133.190	126.940	1.332E+2	1.332E+2	3.000E+3
94.157	133.430	127.100	1.332E+2	1.332E+2	3.000E+3
94.359	133.430	127.100	1.332E+2	1.332E+2	3.000E+3
94.560	133.430	127.100	1.332E+2	1.332E+2	3.000E+3
94.760	133.430	127.100	1.334E+2	1.334E+2	3.000E+3
94.959	133.430	127.100	1.334E+2	1.334E+2	3.000E+3
95.160	133.020	126.760	1.334E+2	1.334E+2	3.000E+3
95.360	133.020	126.760	1.334E+2	1.334E+2	3.000E+3
95.560	133.020	126.760	1.334E+2	1.334E+2	3.000E+3
95.760	133.160	126.710	1.330E+2	1.330E+2	3.000E+3
95.960	133.160	126.710	1.330E+2	1.330E+2	3.000E+3
96.160	133.160	126.710	1.330E+2	1.330E+2	3.000E+3
96.361	133.160	126.710	1.332E+2	1.332E+2	3.000E+3
96.561	133.160	126.710	1.332E+2	1.332E+2	3.000E+3
96.761	133.180	126.700	1.332E+2	1.332E+2	3.000E+3
96.962	133.180	126.700	1.332E+2	1.332E+2	3.000E+3
97.162	133.180	126.700	1.332E+2	1.332E+2	3.000E+3
97.364	133.180	126.700	1.332E+2	1.332E+2	3.000E+3
97.565	133.180	126.700	1.332E+2	1.332E+2	3.000E+3
97.766	133.180	126.700	1.332E+2	1.332E+2	3.000E+3
97.966	132.810	126.740	1.332E+2	1.332E+2	3.000E+3
98.166	132.810	126.740	1.332E+2	1.332E+2	3.000E+3
98.368	132.810	126.740	1.332E+2	1.332E+2	3.000E+3
98.567	132.810	126.740	1.328E+2	1.328E+2	3.000E+3
98.767	132.810	126.740	1.328E+2	1.328E+2	3.000E+3
98.968	133.240	126.720	1.328E+2	1.328E+2	3.000E+3
99.168	133.240	126.720	1.328E+2	1.328E+2	3.000E+3
99.369	133.240	126.720	1.328E+2	1.328E+2	3.000E+3
99.570	133.240	126.720	1.332E+2	1.332E+2	3.000E+3
99.769	133.240	126.720	1.332E+2	1.332E+2	3.000E+3
99.970	133.240	126.720	1.332E+2	1.332E+2	3.000E+3
100.171	133.240	126.720	1.332E+2	1.332E+2	3.000E+3
100.370	132.560	126.470	1.332E+2	1.332E+2	3.000E+3
100.571	132.560	126.470	1.332E+2	1.332E+2	3.000E+3
100.771	132.560	126.470	1.332E+2	1.332E+2	3.000E+3
100.971	152.980	146.520	1.326E+2	1.326E+2	3.000E+3
101.171	152.980	146.520	1.326E+2	1.326E+2	3.000E+3
101.371	152.980	146.520	1.326E+2	1.326E+2	3.000E+3
101.571	152.980	146.520	1.530E+2	1.530E+2	3.000E+3
101.772	152.980	146.520	1.530E+2	1.530E+2	3.000E+3
101.972	152.980	146.520	1.530E+2	1.530E+2	3.000E+3
102.172	175.460	167.990	1.530E+2	1.530E+2	3.000E+3
102.374	175.460	167.990	1.530E+2	1.530E+2	3.000E+3
102.574	175.460	167.990	1.755E+2	1.755E+2	3.000E+3
102.774	175.460	167.990	1.755E+2	1.755E+2	3.000E+3
102.974	175.460	167.990	1.755E+2	1.755E+2	3.000E+3
103.174	175.780	168.580	1.755E+2	1.755E+2	3.000E+3
103.375	175.780	168.580	1.755E+2	1.755E+2	3.000E+3
103.575	175.780	168.580	1.755E+2	1.755E+2	3.000E+3
103.775	175.780	168.580	1.758E+2	1.758E+2	3.000E+3
103.977	175.780	168.580	1.758E+2	1.758E+2	3.000E+3
104.178	176.120	168.520	1.758E+2	1.758E+2	3.000E+3
104.378	176.120	168.520	1.758E+2	1.758E+2	3.000E+3
104.580	176.120	168.520	1.758E+2	1.758E+2	3.000E+3
104.779	175.890	168.500	1.761E+2	1.761E+2	3.000E+3
104.980	175.890	168.500	1.761E+2	1.761E+2	3.000E+3
105.181	175.890	168.500	1.761E+2	1.761E+2	3.000E+3
105.381	175.890	168.500	1.759E+2	1.759E+2	3.000E+3
105.582	175.890	168.500	1.759E+2	1.759E+2	3.000E+3
105.783	175.940	168.670	1.759E+2	1.759E+2	3.000E+3
105.983	175.940	168.670	1.759E+2	1.759E+2	3.000E+3
106.183	175.940	168.670	1.759E+2	1.759E+2	3.000E+3
106.384	175.940	168.670	1.759E+2	1.759E+2	3.000E+3
106.584	175.940	168.670	1.759E+2	1.759E+2	3.000E+3
106.784	175.940	168.670	1.759E+2	1.759E+2	3.000E+3
106.984	175.940	168.670	1.759E+2	1.759E+2	3.000E+3
107.184	175.980	168.490	1.759E+2	1.759E+2	3.000E+3
107.384	175.980	168.490	1.759E+2	1.759E+2	3.000E+3
107.584	175.980	168.490	1.760E+2	1.760E+2	3.000E+3
107.785	175.980	168.490	1.760E+2	1.760E+2	3.000E+3
107.984	175.980	168.490	1.760E+2	1.760E+2	3.000E+3
108.184	175.570	168.200	1.760E+2	1.760E+2	3.000E+3
108.384	175.570	168.200	1.756E+2	1.756E+2	3.000E+3
108.585	175.570	168.200	1.756E+2	1.756E+2	3.000E+3
108.785	175.570	168.200	1.756E+2	1.756E+2	3.000E+3
108.986	175.570	168.200	1.756E+2	1.756E+2	3.000E+3
109.185	175.960	168.490	1.756E+2	1.756E+2	3.000E+3
109.386	175.960	168.490	1.760E+2	1.760E+2	3.000E+3
109.586	175.960	168.490	1.760E+2	1.760E+2	3.000E+3
109.786	175.960	168.490	1.760E+2	1.760E+2	3.000E+3
109.987	175.960	168.490	1.760E+2	1.760E+2	3.000E+3
110.187	175.780	168.550	1.760E+2	1.760E+2	3.000E+3
110.387	175.780	168.550	1.758E+2	1.758E+2	3.000E+3
110.587	175.780	168.550	1.758E+2	1.758E+2	3.000E+3
110.788	175.780	168.550	1.758E+2	1.758E+2	3.000E+3
110.988	175.780	168.550	1.758E+2	1.758E+2	3.000E+3
111.188	175.780	168.550	1.758E+2	1.758E+2	3.000E+3
111.388	175.890	168.430	1.758E+2	1.686E+2	3.000E+3
111.589	175.890	168.430	1.758E+2	1.686E+2	3.000E+3
111.789	175.890	168.430	1.758E+2	1.758E+2	3.000E+3
111.989	175.890	168.430	1.759E+2	1.759E+2	3.000E+3
112.189	175.890	168.430	1.759E+2	1.759E+2	3.000E+3
112.390	175.890	168.430	1.759E+2	1.759E+2	3.000E+3
112.590	175.890	168.430	1.759E+2	1.759E+2	3.000E+3
112.791	175.890	168.430	1.759E+2	1.759E+2	3.000E+3
112.991	223.860	215.650	1.759E+2	1.759E+2	3.000E+3
113.191	223.860	215.650	1.759E+2	1.759E+2	3.000E+3
113.391	223.860	215.650	2.239E+2	2.239E+2	3.000E+3
113.592	223.860	215.650	2.239E+2	2.239E+2	3.000E+3
113.793	223.860	215.650	2.239E+2	2.239E+2	3.000E+3
113.993	225.420	216.620	2.239E+2	2.239E+2	3.000E+3
114.194	225.420	216.620	2.239E+2	2.239E+2	3.000E+3
114.394	225.420	216.620	2.254E+2	2.254E+2	3.000E+3
114.594	225.420	216.620	2.254E+2	2.254E+2	3.000E+3
114.795	225.420	216.620	2.254E+2	2.254E+2	3.000E+3
114.996	224.490	216.750	2.254E+2	2.254E+2	3.000E+3
115.196	224.490	216.750	2.254E+2	2.254E+2	3.000E+3
115.397	224.490	216.750	2.245E+2	2.245E+2	3.000E+3
115.598	224.490	216.750	2.245E+2	2.245E+2	3.000E+3
115.797	224.490	216.750	2.245E+2	2.245E+2	3.000E+3
115.997	225.390	216.630	2.245E+2	2.245E+2	3.000E+3
116.198	225.390	216.630	2.245E+2	2.245E+2	3.000E+3
116.399	225.390	216.630	2.254E+2	2.254E+2	3.000E+3
116.600	225.390	216.630	2.254E+2	2.254E+2	3.000E+3
116.800	225.390	216.630	2.254E+2	2.254E+2	3.000E+3
117.000	225.390	216.630	2.254E+2	2.254E+2	3.000E+3
117.200	225.050	216.760	2.254E+2	2.167E+2	3.000E+3
117.401	225.050	216.760	2.254E+2	2.167E+2	3.000E+3
117.601	225.050	216.760	2.248E+2	2.248E+2	3.000E+3
117.801	225.050	216.760	2.248E+2	2.248E+2	3.000E+3
118.001	225.050	216.760	2.248E+2	2.248E+2	3.000E+3
118.201	225.050	216.760	2.251E+2	2.251E+2	3.000E+3
118.404	225.050	216.760	2.251E+2	2.251E+2	3.000E+3
118.603	225.050	216.760	2.251E+2	2.251E+2	3.000E+3
118.803	225.410	216.910	2.251E+2	2.251E+2	3.000E+3
119.004	225.410	216.910	2.251E+2	2.251E+2	3.000E+3
119.206	225.410	216.910	2.254E+2	2.254E+2	3.000E+3
119.406	225.410	216.910	2.254E+2	2.254E+2	3.000E+3
119.606	225.410	216.910	2.254E+2	2.254E+2	3.000E+3
119.807	224.730	217.090	2.254E+2	2.254E+2	3.000E+3
120.008	224.730	217.090	2.254E+2	2.254E+2	3.000E+3
120.207	224.730	217.090	2.254E+2	2.254E+2	3.000E+3
120.408	224.730	217.090	2.247E+2	2.247E+2	3.000E+3
120.608	224.730	217.090	2.247E+2	2.247E+2	3.000E+3
120.808	224.730	217.090	2.247E+2	2.247E+2	3.000E+3
121.008	224.940	216.840	2.247E+2	2.247E+2	3.000E+3
121.208	224.940	216.840	2.247E+2	2.247E+2	3.000E+3
121.409	224.940	216.840	2.249E+2	2.249E+2	3.000E+3
121.609	224.940	216.840	2.249E+2	2.249E+2	3.000E+3
121.810	224.940	216.840	2.249E+2	2.249E+2	3.000E+3
122.010	224.940	216.840	2.249E+2	2.249E+2	3.000E+3
122.210	224.940	216.840	2.249E+2	2.249E+2	3.000E+3
122.411	225.440	217.000	2.249E+2	2.249E+2	3.000E+3
122.611	225.440	217.000	2.249E+2	2.249E+2	3.000E+3
122.811	230.630	223.480	2.254E+2	2.254E+2	3.000E+3
123.011	230.630	223.480	2.254E+2	2.254E+2	3.000E+3
123.211	230.630	223.480	2.254E+2	2.254E+2	3.000E+3
123.411	230.630	223.480	2.306E+2	2.306E+2	3.000E+3
123.612	230.630	223.480	2.306E+2	2.306E+2	3.000E+3
123.812	230.630	223.480	2.306E+2	2.306E+2	3.000E+3
124.014	245.510	238.770	2.306E+2	2.306E+2	3.000E+3
124.214	245.510	238.770	2.306E+2	2.306E+2	3.000E+3
124.413	245.510	238.770	2.306E+2	2.306E+2	3.000E+3
124.614	245.510	238.770	2.455E+2	2.455E+2	3.000E+3
124.814	245.510	238.770	2.455E+2	2.455E+2	3.000E+3
125.013	245.510	238.770	2.455E+2	2.455E+2	3.000E+3
125.214	245.900	239.850	2.455E+2	2.455E+2	3.000E+3
125.414	245.900	239.850	2.455E+2	2.455E+2	3.000E+3
125.613	246.030	239.880	2.459E+2	2.459E+2	3.000E+3
125.814	246.030	239.880	2.459E+2	2.459E+2	3.000E+3
126.014	246.030	239.880	2.459E+2	2.459E+2	3.000E+3
126.214	246.030	239.880	2.460E+2	2.460E+2	3.000E+3
126.414	246.030	239.880	2.460E+2	2.460E+2	3.000E+3
126.614	246.030	239.880	2.460E+2	2.460E+2	3.000E+3
126.815	246.210	240.060	2.460E+2	2.460E+2	3.000E+3
127.014	246.210	240.060	2.460E+2	2.460E+2	3.000E+3
127.214	246.210	240.060	2.462E+2	2.462E+2	3.000E+3
127.414	246.210	240.060	2.462E+2	2.462E+2	3.000E+3
127.615	246.210	240.060	2.462E+2	2.462E+2	3.000E+3
127.815	239.310	239.940	2.462E+2	2.462E+2	3.000E+3
128.015	239.310	239.940	2.462E+2	2.462E+2	3.000E+3
128.216	239.310	239.940	2.462E+2	2.462E+2	3.000E+3
128.416	239.310	239.940	2.393E+2	2.393E+2	3.000E+3
128.617	239.310	239.940	2.393E+2	2.393E+2	3.000E+3
128.816	239.310	239.940	2.393E+2	2.393E+2	3.000E+3
129.016	236.870	239.810	2.393E+2	2.393E+2	3.000E+3
129.216	236.870	239.810	2.393E+2	2.393E+2	3.000E+3
129.418	236.870	239.810	2.369E+2	2.369E+2	3.000E+3
129.618	236.870	239.810	2.369E+2	2.369E+2	3.000E+3
129.818	236.870	239.810	2.369E+2	2.369E+2	3.000E+3
130.018	241.960	239.710	2.369E+2	2.369E+2	3.000E+3
130.219	241.960	239.710	2.369E+2	2.369E+2	3.000E+3
130.419	241.960	239.710	2.369E+2	2.369E+2	3.000E+3
130.619	241.960	239.710	2.420E+2	2.420E+2	3.000E+3
130.820	241.960	239.710	2.420E+2	2.420E+2	3.000E+3
131.020	241.960	239.710	2.420E+2	2.420E+2	3.000E+3
131.222	241.350	239.560	2.420E+2	2.420E+2	3.000E+3
131.422	241.350	239.560	2.420E+2	2.420E+2	3.000E+3
131.623	243.540	239.770	2.414E+2	2.414E+2	3.000E+3
131.823	243.540	239.770	2.414E+2	2.414E+2	3.000E+3
132.023	243.540	239.770	2.414E+2	2.414E+2	3.000E+3
132.224	243.540	239.770	2.435E+2	2.435E+2	3.000E+3
132.426	243.540	239.770	2.435E+2	2.435E+2	3.000E+3
132.626	243.540	239.770	2.435E+2	2.435E+2	3.000E+3
132.827	244.430	239.670	2.435E+2	2.435E+2	3.000E+3
133.027	244.430	239.670	2.435E+2	2.435E+2	3.000E+3
133.228	244.430	239.670	2.444E+2	2.444E+2	3.000E+3
133.428	244.430	239.670	2.444E+2	2.444E+2	3.000E+3
133.629	244.430	239.670	2.444E+2	2.444E+2	3.000E+3
133.829	244.430	239.670	2.444E+2	2.444E+2	3.000E+3
134.029	246.820	239.420	2.444E+2	2.444E+2	3.000E+3
134.229	246.820	239.420	2.444E+2	2.444E+2	3.000E+3
134.429	246.820	239.420	2.444E+2	2.444E+2	3.000E+3
134.630	246.820	239.420	2.468E+2	2.468E+2	3.000E+3
134.832	246.820	239.420	2.468E+2	2.468E+2	3.000E+3
135.032	246.820	239.420	2.468E+2	2.468E+2	3.000E+3
135.233	246.740	239.410	2.468E+2	2.468E+2	3.000E+3
135.434	246.740	239.410	2.468E+2	2.468E+2	3.000E+3
135.635	246.740	239.410	2.468E+2	2.468E+2	3.000E+3
135.834	245.590	239.370	2.467E+2	2.467E+2	3.000E+3
136.034	245.590	239.370	2.467E+2	2.467E+2	3.000E+3
136.235	245.590	239.370	2.456E+2	2.456E+2	3.000E+3
136.435	245.590	239.370	2.456E+2	2.456E+2	3.000E+3
136.635	245.590	239.370	2.456E+2	2.456E+2	3.000E+3
136.835	245.590	239.370	2.456E+2	2.456E+2	3.000E+3
137.035	247.630	239.570	2.456E+2	2.456E+2	3.000E+3
137.235	247.630	239.570	2.456E+2	2.456E+2	3.000E+3
137.435	247.630	239.570	2.476E+2	2.476E+2	3.000E+3
137.635	247.630	239.570	2.476E+2	2.476E+2	3.000E+3
137.835	247.630	239.570	2.476E+2	2.476E+2	3.000E+3
138.035	238.400	230.550	2.476E+2	2.476E+2	3.000E+3
138.235	238.400	230.550	2.476E+2	2.476E+2	3.000E+3
138.435	238.400	230.550	2.476E+2	2.476E+2	3.000E+3
138.635	238.400	230.550	2.384E+2	2.384E+2	3.000E+3
138.836	238.400	230.550	2.384E+2	2.384E+2	3.000E+3
139.036	238.400	230.550	2.384E+2	2.384E+2	3.000E+3
139.236	233.000	224.300	2.384E+2	2.384E+2	3.000E+3
139.436	233.000	224.300	2.384E+2	2.384E+2	3.000E+3
139.636	233.010	224.340	2.330E+2	2.330E+2	3.000E+3
139.836	233.010	224.340	2.330E+2	2.330E+2	3.000E+3
140.037	233.010	224.340	2.330E+2	2.330E+2	3.000E+3
140.236	233.010	224.340	2.330E+2	2.330E+2	3.000E+3
140.436	233.010	224.340	2.330E+2	2.330E+2	3.000E+3
140.636	233.010	224.340	2.330E+2	2.330E+2	3.000E+3
140.836	231.820	223.990	2.330E+2	2.330E+2	3.000E+3
141.037	231.820	223.990	2.330E+2	2.330E+2	3.000E+3
141.237	231.820	223.990	2.330E+2	2.330E+2	3.000E+3
141.438	231.820	223.990	2.318E+2	2.318E+2	3.000E+3
141.638	231.820	223.990	2.318E+2	2.318E+2	3.000E+3
141.838	231.820	223.990	2.318E+2	2.318E+2	3.000E+3
142.040	232.780	224.200	2.318E+2	2.318E+2	3.000E+3
142.240	232.780	224.200	2.318E+2	2.318E+2	3.000E+3
142.440	232.780	224.200	2.318E+2	2.318E+2	3.000E+3
142.640	232.150	224.470	2.328E+2	2.328E+2	3.000E+3
142.840	232.150	224.470	2.328E+2	2.328E+2	3.000E+3
143.040	232.150	224.470	2.328E+2	2.328E+2	3.000E+3
143.241	232.150	224.470	2.321E+2	2.321E+2	3.000E+3
143.442	232.150	224.470	2.321E+2	2.321E+2	3.000E+3
143.642	232.150	224.470	2.321E+2	2.321E+2	3.000E+3
143.842	232.410	224.290	2.321E+2	2.321E+2	3.000E+3
144.042	232.410	224.290	2.321E+2	2.321E+2	3.000E+3
144.243	232.410	224.290	2.324E+2	2.324E+2	3.000E+3
144.443	232.410	224.290	2.324E+2	2.324E+2	3.000E+3
144.645	232.410	224.290	2.324E+2	2.324E+2	3.000E+3
144.845	232.820	224.550	2.324E+2	2.324E+2	3.000E+3
145.044	232.820	224.550	2.324E+2	2.324E+2	3.000E+3
145.244	232.820	224.550	2.324E+2	2.324E+2	3.000E+3
145.444	232.820	224.550	2.328E+2	2.328E+2	3.000E+3
145.645	232.820	224.550	2.328E+2	2.328E+2	3.000E+3
145.845	231.910	224.270	2.328E+2	2.328E+2	3.000E+3
146.045	231.910	224.270	2.328E+2	2.328E+2	3.000E+3
146.245	231.910	224.270	2.328E+2	2.328E+2	3.000E+3
146.445	231.910	224.270	2.319E+2	2.319E+2	3.000E+3
146.645	231.910	224.270	2.319E+2	2.319E+2	3.000E+3
146.845	231.910	224.270	2.319E+2	2.319E+2	3.000E+3
147.045	233.090	224.130	2.319E+2	2.319E+2	3.000E+3
147.245	233.090	224.130	2.319E+2	2.319E+2	3.000E+3
147.446	233.090	224.130	2.319E+2	2.319E+2	3.000E+3
147.646	233.090	224.130	2.331E+2	2.331E+2	3.000E+3
147.846	233.090	224.130	2.331E+2	2.331E+2	3.000E+3
148.046	233.090	224.130	2.331E+2	2.331E+2	3.000E+3
148.246	233.090	224.130	2.331E+2	2.331E+2	3.000E+3
148.446	232.380	224.200	2.331E+2	2.331E+2	3.000E+3
148.646	232.380	224.200	2.331E+2	2.331E+2	3.000E+3
148.846	232.380	224.200	2.331E+2	2.331E+2	3.000E+3
149.047	222.130	213.780	2.324E+2	2.324E+2	3.000E+3
149.248	222.130	213.780	2.324E+2	2.324E+2	3.000E+3
149.449	222.130	213.780	2.221E+2	2.221E+2	3.000E+3
149.648	222.130	213.780	2.221E+2	2.221E+2	3.000E+3
149.849	222.130	213.780	2.221E+2	2.221E+2	3.000E+3
150.048	195.480	187.290	2.221E+2	2.221E+2	3.000E+3
150.251	195.480	187.290	2.221E+2	2.221E+2	3.000E+3
150.450	195.480	187.290	2.221E+2	2.221E+2	3.000E+3
150.650	195.480	187.290	1.955E+2	1.955E+2	3.000E+3
150.850	195.480	187.290	1.955E+2	1.955E+2	3.000E+3
151.050	193.770	186.090	1.955E+2	1.955E+2	3.000E+3
151.253	193.770	186.090	1.955E+2	1.955E+2	3.000E+3
151.453	193.770	186.090	1.955E+2	1.955E+2	3.000E+3
151.654	193.780	185.700	1.938E+2	1.938E+2	3.000E+3
151.854	193.780	185.700	1.938E+2	1.938E+2	3.000E+3
152.055	193.780	185.700	1.938E+2	1.938E+2	3.000E+3
152.254	193.780	185.700	1.938E+2	1.938E+2	3.000E+3
152.455	193.780	185.700	1.938E+2	1.938E+2	3.000E+3
152.655	193.780	185.700	1.938E+2	1.938E+2	3.000E+3
152.854	193.780	185.700	1.938E+2	1.938E+2	3.000E+3
153.054	193.850	185.970	1.938E+2	1.938E+2	3.000E+3
153.257	193.850	185.970	1.939E+2	1.939E+2	3.000E+3
153.457	193.850	185.970	1.939E+2	1.939E+2	3.000E+3
153.658	193.550	185.980	1.939E+2	1.939E+2	3.000E+3
153.857	193.550	185.980	1.939E+2	1.939E+2	3.000E+3
154.058	193.550	185.980	1.936E+2	1.936E+2	3.000E+3
154.258	193.550	185.980	1.936E+2	1.936E+2	3.000E+3
154.459	193.550	185.980	1.936E+2	1.936E+2	3.000E+3
154.658	193.550	185.980	1.936E+2	1.936E+2	3.000E+3
154.860	193.970	186.120	1.936E+2	1.936E+2	3.000E+3
155.060	193.970	186.120	1.940E+2	1.940E+2	3.000E+3
155.259	193.970	186.120	1.940E+2	1.940E+2	3.000E+3
155.460	193.970	186.120	1.940E+2	1.940E+2	3.000E+3
155.659	193.970	186.120	1.940E+2	1.940E+2	3.000E+3
155.859	193.570	185.900	1.940E+2	1.940E+2	3.000E+3
156.059	193.570	185.900	1.936E+2	1.936E+2	3.000E+3
156.259	193.570	185.900	1.936E+2	1.936E+2	3.000E+3
156.459	193.570	185.900	1.936E+2	1.936E+2	3.000E+3
156.659	193.570	185.900	1.936E+2	1.936E+2	3.000E+3
156.859	193.690	185.780	1.936E+2	1.861E+2	3.000E+3
157.059	193.690	185.780	1.936E+2	1.861E+2	3.000E+3
157.260	193.690	185.780	1.936E+2	1.861E+2	3.000E+3
157.462	193.690	185.780	1.937E+2	1.937E+2	3.000E+3
157.662	193.690	185.780	1.937E+2	1.937E+2	3.000E+3
157.862	193.690	185.780	1.937E+2	1.937E+2	3.000E+3
158.062	193.690	185.780	1.937E+2	1.937E+2	3.000E+3
158.262	193.690	185.780	1.937E+2	1.937E+2	3.000E+3
158.463	193.540	185.870	1.937E+2	1.937E+2	3.000E+3
158.663	193.540	185.870	1.937E+2	1.937E+2	3.000E+3
158.863	193.540	185.870	1.937E+2	1.937E+2	3.000E+3
159.063	193.540	185.870	1.935E+2	1.935E+2	3.000E+3
159.264	193.540	185.870	1.935E+2	1.935E+2	3.000E+3
159.464	193.540	185.870	1.935E+2	1.935E+2	3.000E+3
159.665	193.620	185.730	1.935E+2	1.935E+2	3.000E+3
159.864	193.620	185.730	1.935E+2	1.935E+2	3.000E+3
160.064	193.620	185.730	1.936E+2	1.936E+2	3.000E+3
160.264	193.620	185.730	1.936E+2	1.936E+2	3.000E+3
160.465	193.620	185.730	1.936E+2	1.936E+2	3.000E+3
160.665	193.620	185.730	1.936E+2	1.936E+2	3.000E+3
160.865	193.780	185.920	1.936E+2	1.936E+2	3.000E+3
161.065	193.780	185.920	1.936E+2	1.936E+2	3.000E+3
161.266	193.780	185.920	1.936E+2	1.936E+2	3.000E+3
161.467	193.780	185.920	1.936E+2	1.936E+2	3.000E+3
161.667	162.620	155.440	1.938E+2	1.938E+2	3.000E+3
161.869	162.620	155.440	1.938E+2	1.938E+2	3.000E+3
162.069	162.620	155.440	1.626E+2	1.626E+2	3.000E+3
162.270	162.620	155.440	1.626E+2	1.626E+2	3.000E+3
162.470	162.620	155.440	1.626E+2	1.626E+2	3.000E+3
162.671	153.190	146.450	1.626E+2	1.626E+2	3.000E+3
162.871	153.190	146.450	1.626E+2	1.626E+2	3.000E+3
163.072	153.190	146.450	1.626E+2	1.626E+2	3.000E+3
163.274	153.190	146.450	1.532E+2	1.532E+2	3.000E+3
163.474	153.190	146.450	1.532E+2	1.532E+2	3.000E+3
163.675	152.650	146.160	1.532E+2	1.532E+2	3.000E+3
163.876	152.650	146.160	1.532E+2	1.532E+2	3.000E+3
164.077	152.650	146.160	1.532E+2	1.532E+2	3.000E+3
164.278	152.650	146.160	1.526E+2	1.526E+2	3.000E+3
164.479	152.650	146.160	1.526E+2	1.526E+2	3.000E+3
164.679	152.650	146.160	1.526E+2	1.526E+2	3.000E+3
164.879	153.040	146.090	1.526E+2	1.526E+2	3.000E+3
165.079	153.040	146.090	1.526E+2	1.526E+2	3.000E+3
165.280	153.040	146.090	1.526E+2	1.526E+2	3.000E+3
165.479	152.650	146.050	1.530E+2	1.530E+2	3.000E+3
165.679	152.650	146.050	1.530E+2	1.530E+2	3.000E+3
165.879	152.650	146.050	1.526E+2	1.526E+2	3.000E+3
166.081	152.650	146.050	1.526E+2	1.526E+2	3.000E+3
166.280	152.650	146.050	1.526E+2	1.526E+2	3.000E+3
166.481	152.530	145.950	1.526E+2	1.526E+2	3.000E+3
166.682	152.530	145.950	1.526E+2	1.526E+2	3.000E+3
166.881	152.530	145.950	1.526E+2	1.526E+2	3.000E+3
167.082	152.530	145.950	1.525E+2	1.525E+2	3.000E+3
167.283	152.530	145.950	1.525E+2	1.525E+2	3.000E+3
167.483	152.530	145.950	1.525E+2	1.525E+2	3.000E+3
167.683	152.810	146.030	1.525E+2	1.525E+2	3.000E+3
167.884	152.810	146.030	1.525E+2	1.525E+2	3.000E+3
168.083	152.810	146.030	1.528E+2	1.528E+2	3.000E+3
168.284	152.810	146.030	1.528E+2	1.528E+2	3.000E+3
168.484	152.810	146.030	1.528E+2	1.528E+2	3.000E+3
168.685	152.230	145.800	1.528E+2	1.528E+2	3.000E+3
168.885	152.230	145.800	1.528E+2	1.528E+2	3.000E+3
169.085	152.230	145.800	1.528E+2	1.528E+2	3.000E+3
169.285	152.230	145.800	1.522E+2	1.522E+2	3.000E+3
169.487	152.230	145.800	1.522E+2	1.522E+2	3.000E+3
169.686	152.670	145.950	1.522E+2	1.522E+2	3.000E+3
169.886	152.670	145.950	1.522E+2	1.522E+2	3.000E+3
170.086	152.670	145.950	1.522E+2	1.522E+2	3.000E+3
170.286	152.560	145.880	1.527E+2	1.527E+2	3.000E+3
170.486	152.560	145.880	1.527E+2	1.527E+2	3.000E+3
170.687	152.560	145.880	1.527E+2	1.527E+2	3.000E+3
170.887	152.560	145.880	1.526E+2	1.526E+2	3.000E+3
171.088	152.560	145.880	1.526E+2	1.526E+2	3.000E+3
171.289	152.560	145.880	1.526E+2	1.526E+2	3.000E+3
171.488	152.400	145.860	1.526E+2	1.526E+2	3.000E+3
171.688	152.400	145.860	1.526E+2	1.526E+2	3.000E+3
171.888	152.400	145.860	1.526E+2	1.526E+2	3.000E+3
172.088	152.400	145.860	1.526E+2	1.526E+2	3.000E+3
172.288	152.400	145.860	1.524E+2	1.524E+2	3.000E+3
172.488	152.400	145.860	1.524E+2	1.524E+2	3.000E+3
172.688	152.400	145.860	1.524E+2	1.524E+2	3.000E+3
172.889	129.110	123.700	1.524E+2	1.524E+2	3.000E+3
173.089	129.110	123.700	1.524E+2	1.524E+2	3.000E+3
173.290	129.110	123.700	1.291E+2	1.291E+2	3.000E+3
173.492	129.110	123.700	1.291E+2	1.291E+2	3.000E+3
173.691	129.110	123.700	1.291E+2	1.291E+2	3.000E+3
173.893	114.300	109.350	1.291E+2	1.291E+2	3.000E+3
174.093	114.300	109.350	1.291E+2	1.291E+2	3.000E+3
174.294	114.300	109.350	1.291E+2	1.291E+2	3.000E+3
174.493	114.620	109.040	1.143E+2	1.143E+2	3.000E+3
174.693	114.620	109.040	1.143E+2	1.143E+2	3.000E+3
174.893	114.620	109.040	1.146E+2	1.146E+2	3.000E+3
175.093	114.620	109.040	1.146E+2	1.146E+2	3.000E+3
175.294	114.620	109.040	1.146E+2	1.146E+2	3.000E+3
175.494	114.600	109.020	1.146E+2	1.146E+2	3.000E+3
175.694	114.600	109.020	1.146E+2	1.146E+2	3.000E+3
175.893	114.600	109.020	1.146E+2	1.146E+2	3.000E+3
176.093	114.600	109.020	1.146E+2	1.146E+2	3.000E+3
176.295	114.600	109.020	1.146E+2	1.146E+2	3.000E+3
176.494	114.600	109.020	1.146E+2	1.146E+2	3.000E+3
176.694	114.900	108.920	1.146E+2	1.146E+2	3.000E+3
176.895	114.900	108.920	1.146E+2	1.146E+2	3.000E+3
177.095	114.900	108.920	1.149E+2	1.149E+2	3.000E+3
177.295	114.900	108.920	1.149E+2	1.149E+2	3.000E+3
177.496	114.900	108.920	1.149E+2	1.149E+2	3.000E+3
177.696	114.670	108.940	1.149E+2	1.149E+2	3.000E+3
177.897	114.670	108.940	1.149E+2	1.149E+2	3.000E+3
178.097	114.670	108.940	1.149E+2	1.149E+2	3.000E+3
178.297	114.670	108.940	1.147E+2	1.147E+2	3.000E+3
178.497	114.670	108.940	1.147E+2	1.147E+2	3.000E+3
178.697	113.980	108.580	1.147E+2	1.147E+2	3.000E+3
178.897	113.980	108.580	1.147E+2	1.147E+2	3.000E+3
179.097	113.980	108.580	1.147E+2	1.147E+2	3.000E+3
179.299	113.980	108.580	1.140E+2	1.140E+2	3.000E+3
179.498	113.980	108.580	1.140E+2	1.140E+2	3.000E+3
179.698	113.980	108.580	1.140E+2	1.140E+2	3.000E+3
179.899	114.570	108.890	1.140E+2	1.140E+2	3.000E+3
180.100	114.570	108.890	1.140E+2	1.140E+2	3.000E+3
180.300	114.570	108.890	1.140E+2	1.140E+2	3.000E+3
180.500	114.390	108.920	1.146E+2	1.146E+2	3.000E+3
180.700	114.390	108.920	1.146E+2	1.146E+2	3.000E+3
180.902	114.390	108.920	1.144E+2	1.144E+2	3.000E+3
181.102	114.390	108.920	1.144E+2	1.144E+2	3.000E+3
181.304	114.390	108.920	1.144E+2	1.144E+2	3.000E+3
181.503	114.860	108.800	1.144E+2	1.144E+2	3.000E+3
181.703	114.860	108.800	1.144E+2	1.144E+2	3.000E+3
181.903	114.860	108.800	1.144E+2	1.144E+2	3.000E+3
182.104	114.860	108.800	1.144E+2	1.144E+2	3.000E+3
182.306	114.860	108.800	1.149E+2	1.149E+2	3.000E+3
182.507	114.860	108.800	1.149E+2	1.149E+2	3.000E+3
182.707	114.860	108.800	1.149E+2	1.149E+2	3.000E+3
182.906	107.520	101.440	1.149E+2	1.149E+2	3.000E+3
183.106	107.520	101.440	1.149E+2	1.149E+2	3.000E+3
183.306	107.520	101.440	1.075E+2	1.075E+2	3.000E+3
183.508	107.520	101.440	1.075E+2	1.075E+2	3.000E+3
183.707	83.550	78.420	1.075E+2	1.075E+2	3.000E+3
183.908	83.550	78.420	1.075E+2	1.075E+2	3.000E+3
184.107	83.550	78.420	8.355E+1	8.355E+1	3.000E+3
184.307	83.550	78.420	8.355E+1	8.355E+1	3.000E+3
184.508	83.550	78.420	8.355E+1	8.355E+1	3.000E+3
184.707	83.550	78.420	8.355E+1	8.355E+1	3.000E+3
184.908	83.550	78.420	8.355E+1	8.355E+1	3.000E+3
185.108	83.700	78.250	8.355E+1	8.355E+1	3.000E+3
185.309	83.700	78.250	8.355E+1	8.355E+1	3.000E+3
185.509	83.700	78.250	8.370E+1	8.370E+1	3.000E+3
185.710	83.700	78.250	8.370E+1	8.370E+1	3.000E+3
185.911	83.700	78.250	8.370E+1	8.370E+1	3.000E+3
186.111	83.240	78.290	8.370E+1	8.370E+1	3.000E+3
186.311	83.240	78.290	8.370E+1	8.370E+1	3.000E+3
186.512	83.240	78.290	8.324E+1	8.324E+1	3.000E+3
186.712	83.240	78.290	8.324E+1	8.324E+1	3.000E+3
186.912	83.240	78.290	8.324E+1	8.324E+1	3.000E+3
187.112	83.470	78.420	8.324E+1	8.324E+1	3.000E+3
187.312	83.470	78.420	8.324E+1	8.324E+1	3.000E+3
187.513	83.470	78.420	8.347E+1	8.347E+1	3.000E+3
187.713	83.470	78.420	8.347E+1	8.347E+1	3.000E+3
187.914	83.470	78.420	8.347E+1	8.347E+1	3.000E+3
188.114	83.440	78.330	8.347E+1	8.347E+1	3.000E+3
188.315	83.440	78.330	8.347E+1	8.347E+1	3.000E+3
188.515	83.440	78.330	8.344E+1	8.344E+1	3.000E+3
188.716	83.440	78.330	8.344E+1	8.344E+1	3.000E+3
188.917	83.440	78.330	8.344E+1	7.839E+1	3.000E+3
189.117	83.440	78.330	8.344E+1	7.839E+1	3.000E+3
189.317	83.440	78.330	8.344E+1	7.839E+1	3.000E+3
189.517	83.420	78.210	8.346E+1	8.346E+1	3.000E+3
189.718	83.420	78.210	8.342E+1	8.342E+1	3.000E+3
189.918	83.420	78.210	8.342E+1	8.342E+1	3.000E+3
190.118	83.420	78.210	8.342E+1	8.342E+1	3.000E+3
190.318	83.420	78.210	8.342E+1	8.342E+1	3.000E+3
190.519	83.420	78.210	8.342E+1	8.342E+1	3.000E+3
190.720	83.420	78.210	8.342E+1	8.342E+1	3.000E+3
190.921	83.230	78.220	8.342E+1	8.342E+1	3.000E+3
191.121	83.230	78.220	8.323E+1	8.323E+1	3.000E+3
191.322	83.230	78.220	8.323E+1	8.323E+1	3.000E+3
191.522	83.230	78.220	8.323E+1	8.323E+1	3.000E+3
191.722	83.230	78.220	8.323E+1	8.323E+1	3.000E+3
191.922	83.580	78.260	8.323E+1	8.323E+1	3.000E+3
192.122	83.580	78.260	8.358E+1	8.358E+1	3.000E+3
192.323	83.580	78.260	8.358E+1	8.358E+1	3.000E+3
192.523	83.580	78.260	8.358E+1	8.358E+1	3.000E+3
192.723	76.870	71.490	8.358E+1	8.358E+1	3.000E+3
192.924	76.870	71.490	8.358E+1	8.358E+1	3.000E+3
193.125	76.870	71.490	7.687E+1	7.687E+1	3.000E+3
193.327	76.870	71.490	7.687E+1	7.687E+1	3.000E+3
193.526	76.870	71.490	7.687E+1	7.687E+1	3.000E+3
193.727	59.050	55.020	7.687E+1	7.687E+1	3.000E+3
193.927	59.050	55.020	7.687E+1	7.687E+1	3.000E+3
194.129	59.050	55.020	5.905E+1	5.905E+1	3.000E+3
194.329	59.050	55.020	5.905E+1	5.905E+1	3.000E+3
194.528	59.050	55.020	5.905E+1	5.905E+1	3.000E+3
194.728	60.450	55.400	5.905E+1	6.773E+1	3.000E+3
194.928	60.450	55.400	5.905E+1	6.773E+1	3.000E+3
195.128	60.450	55.400	5.905E+1	6.773E+1	3.000E+3
195.328	60.450	55.400	7.250E+1	7.250E+1	3.000E+3
195.528	60.450	55.400	7.250E+1	7.250E+1	3.000E+3
195.729	60.450	55.400	6.045E+1	6.045E+1	3.000E+3
195.929	60.450	55.400	6.045E+1	6.045E+1	3.000E+3
196.128	60.450	55.400	6.045E+1	6.045E+1	3.000E+3
196.328	60.450	55.400	6.045E+1	6.045E+1	3.000E+3
196.528	60.450	55.400	6.045E+1	6.045E+1	3.000E+3
196.728	59.600	55.220	6.045E+1	6.045E+1	3.000E+3
196.928	59.600	55.220	6.045E+1	6.045E+1	3.000E+3
197.128	59.600	55.220	5.960E+1	5.960E+1	3.000E+3
197.328	59.600	55.220	5.960E+1	5.960E+1	3.000E+3
197.529	59.600	55.220	5.960E+1	5.960E+1	3.000E+3
197.730	60.110	55.370	5.960E+1	5.960E+1	3.000E+3
197.930	60.110	55.370	5.960E+1	5.960E+1	3.000E+3
198.130	60.110	55.370	6.011E+1	6.011E+1	3.000E+3
198.330	60.110	55.370	6.011E+1	6.011E+1	3.000E+3
198.530	59.590	55.120	6.011E+1	6.011E+1	3.000E+3
198.730	59.590	55.120	6.011E+1	6.011E+1	3.000E+3
198.931	59.590	55.120	5.959E+1	5.959E+1	3.000E+3
199.130	59.590	55.120	5.959E+1	5.959E+1	3.000E+3
199.330	59.590	55.120	5.959E+1	5.959E+1	3.000E+3
199.530	59.870	55.240	5.959E+1	5.959E+1	3.000E+3
199.730	59.870	55.240	5.959E+1	5.959E+1	3.000E+3
199.931	59.870	55.240	5.987E+1	5.987E+1	3.000E+3
200.132	59.870	55.240	5.987E+1	5.987E+1	3.000E+3
200.331	59.870	55.240	5.987E+1	5.987E+1	3.000E+3
200.531	59.750	55.180	5.987E+1	5.527E+1	3.000E+3
200.731	59.750	55.180	5.987E+1	5.527E+1	3.000E+3
200.931	59.750	55.180	5.987E+1	5.527E+1	3.000E+3
201.133	59.750	55.180	5.974E+1	5.974E+1	3.000E+3
201.332	59.750	55.180	5.974E+1	5.974E+1	3.000E+3
201.532	59.750	55.180	5.975E+1	5.975E+1	3.000E+3
201.732	59.750	55.180	5.975E+1	5.975E+1	3.000E+3
201.932	59.750	55.180	5.975E+1	5.975E+1	3.000E+3
202.132	59.750	55.180	5.975E+1	5.975E+1	3.000E+3
202.332	59.750	55.180	5.975E+1	5.975E+1	3.000E+3
202.533	59.910	55.180	5.975E+1	5.975E+1	3.000E+3
202.734	59.910	55.180	5.991E+1	5.991E+1	3.000E+3
202.933	59.910	55.180	5.991E+1	5.991E+1	3.000E+3
203.134	59.910	55.180	5.991E+1	5.991E+1	3.000E+3
203.336	59.910	55.180	5.991E+1	5.991E+1	3.000E+3
203.537	59.290	55.160	5.991E+1	5.991E+1	3.000E+3
203.737	59.290	55.160	5.929E+1	5.929E+1	3.000E+3
203.937	59.290	55.160	5.929E+1	5.929E+1	3.000E+3
204.137	59.290	55.160	5.929E+1	5.929E+1	3.000E+3
204.337	59.290	55.160	5.929E+1	5.929E+1	3.000E+3
204.538	59.470	55.240	5.929E+1	5.929E+1	3.000E+3
204.737	59.470	55.240	5.947E+1	5.947E+1	3.000E+3
204.937	59.470	55.240	5.947E+1	5.947E+1	3.000E+3
205.137	59.470	55.240	5.947E+1	5.947E+1	3.000E+3
205.338	59.780	55.240	5.947E+1	5.947E+1	3.000E+3
205.538	59.780	55.240	5.947E+1	5.947E+1	3.000E+3
205.739	59.780	55.240	5.978E+1	5.978E+1	3.000E+3
205.941	59.780	55.240	5.978E+1	5.978E+1	3.000E+3
206.141	59.780	55.240	5.978E+1	5.978E+1	3.000E+3
206.341	59.780	55.240	5.978E+1	5.978E+1	3.000E+3
206.542	59.630	55.150	5.978E+1	5.522E+1	3.000E+3
206.743	59.630	55.150	5.978E+1	5.522E+1	3.000E+3
206.945	59.630	55.150	5.972E+1	5.972E+1	3.000E+3
207.144	59.630	55.150	5.972E+1	5.972E+1	3.000E+3
207.344	59.630	55.150	5.963E+1	5.963E+1	3.000E+3
207.545	59.630	55.150	5.963E+1	5.963E+1	3.000E+3
207.744	59.630	55.150	5.963E+1	5.963E+1	3.000E+3
207.944	59.630	55.150	5.963E+1	5.963E+1	3.000E+3
208.145	59.630	55.150	5.963E+1	5.963E+1	3.000E+3
208.346	49.810	45.110	5.963E+1	5.963E+1	3.000E+3
208.546	49.810	45.110	5.963E+1	5.963E+1	3.000E+3
208.746	49.810	45.110	4.981E+1	4.981E+1	3.000E+3
208.946	49.810	45.110	4.981E+1	4.981E+1	3.000E+3
209.146	49.810	45.110	4.981E+1	4.981E+1	3.000E+3
209.346	44.540	39.880	4.981E+1	4.981E+1	3.000E+3
209.546	44.540	39.880	4.981E+1	4.981E+1	3.000E+3
209.748	44.540	39.880	4.454E+1	4.454E+1	3.000E+3
209.947	44.540	39.880	4.454E+1	4.454E+1	3.000E+3
210.147	44.540	39.880	4.454E+1	4.454E+1	3.000E+3
210.347	45.240	39.940	4.454E+1	4.454E+1	3.000E+3
210.547	45.240	39.940	4.454E+1	4.454E+1	3.000E+3
210.747	45.240	39.940	4.524E+1	4.524E+1	3.000E+3
210.947	45.240	39.940	4.524E+1	4.524E+1	3.000E+3
211.147	45.240	39.940	4.524E+1	4.524E+1	3.000E+3
211.347	44.990	40.000	4.524E+1	4.524E+1	3.000E+3
211.547	44.990	40.000	4.499E+1	4.499E+1	3.000E+3
211.748	44.990	40.000	4.499E+1	4.499E+1	3.000E+3
211.948	44.990	40.000	4.499E+1	4.499E+1	3.000E+3
212.149	44.990	40.000	4.499E+1	4.499E+1	3.000E+3
212.349	45.100	40.010	4.499E+1	4.102E+1	3.000E+3
212.549	45.100	40.010	4.499E+1	4.102E+1	3.000E+3
212.751	45.100	40.010	4.535E+1	4.535E+1	3.000E+3
212.951	45.100	40.010	4.535E+1	4.535E+1	3.000E+3
213.151	45.100	40.010	4.510E+1	4.510E+1	3.000E+3
213.351	45.100	40.010	4.510E+1	4.510E+1	3.000E+3
213.551	45.100	40.010	4.510E+1	4.510E+1	3.000E+3
213.751	45.100	40.010	4.510E+1	4.510E+1	3.000E+3
213.953	45.100	40.010	4.510E+1	4.510E+1	3.000E+3
214.152	43.950	39.800	4.510E+1	4.510E+1	3.000E+3
214.353	43.950	39.800	4.510E+1	4.510E+1	3.000E+3
214.555	43.950	39.800	4.395E+1	4.395E+1	3.000E+3
214.754	43.950	39.800	4.395E+1	4.395E+1	3.000E+3
214.955	43.950	39.800	4.395E+1	4.395E+1	3.000E+3
215.155	43.950	39.800	4.395E+1	4.395E+1	3.000E+3
215.355	44.560	39.960	4.395E+1	4.395E+1	3.000E+3
215.557	44.560	39.960	4.395E+1	4.395E+1	3.000E+3
215.758	44.560	39.960	4.456E+1	4.456E+1	3.000E+3
215.957	43.960	39.850	4.456E+1	4.456E+1	3.000E+3
216.158	43.960	39.850	4.456E+1	4.456E+1	3.000E+3
216.357	43.960	39.850	4.396E+1	4.396E+1	3.000E+3
216.559	43.960	39.850	4.396E+1	4.396E+1	3.000E+3
216.760	43.960	39.850	4.396E+1	4.396E+1	3.000E+3
216.962	43.720	39.870	4.396E+1	4.396E+1	3.000E+3
217.162	43.720	39.870	4.396E+1	4.396E+1	3.000E+3
217.362	43.720	39.870	4.372E+1	4.372E+1	3.000E+3
217.562	43.720	39.870	4.372E+1	4.372E+1	3.000E+3
217.762	43.720	39.870	4.372E+1	4.372E+1	3.000E+3
217.963	43.720	39.870	4.372E+1	4.372E+1	3.000E+3
218.164	44.290	39.890	4.372E+1	3.989E+1	3.000E+3
218.363	44.290	39.890	4.372E+1	3.989E+1	3.000E+3
218.563	44.290	39.890	4.372E+1	3.989E+1	3.000E+3
218.763	44.290	39.890	4.394E+1	4.394E+1	3.000E+3
218.965	44.290	39.890	4.394E+1	4.394E+1	3.000E+3
219.165	44.290	39.890	4.429E+1	4.429E+1	3.000E+3
219.365	44.290	39.890	4.429E+1	4.429E+1	3.000E+3
219.566	44.290	39.890	4.429E+1	4.429E+1	3.000E+3
219.765	44.290	39.890	4.429E+1	4.429E+1	3.000E+3
219.966	34.180	30.270	4.429E+1	4.429E+1	3.000E+3
220.165	34.180	30.270	3.418E+1	3.418E+1	3.000E+3
220.367	34.180	30.270	3.418E+1	3.418E+1	3.000E+3
220.567	34.180	30.270	3.418E+1	3.418E+1	3.000E+3
220.767	34.180	30.270	3.418E+1	3.418E+1	3.000E+3
220.969	33.750	30.590	3.418E+1	3.418E+1	3.000E+3
221.170	33.750	30.590	3.418E+1	3.418E+1	3.000E+3
221.370	33.750	30.590	3.375E+1	3.375E+1	3.000E+3
221.570	33.750	30.590	3.375E+1	3.375E+1	3.000E+3
221.771	33.750	30.590	3.375E+1	3.375E+1	3.000E+3
221.971	34.250	30.600	3.375E+1	3.375E+1	3.000E+3
222.173	34.250	30.600	3.375E+1	3.375E+1	3.000E+3
222.372	34.250	30.600	3.425E+1	3.425E+1	3.000E+3
222.572	34.250	30.600	3.425E+1	3.425E+1	3.000E+3
222.772	34.250	30.600	3.425E+1	3.425E+1	3.000E+3
222.974	33.950	30.480	3.425E+1	3.425E+1	3.000E+3
223.174	33.950	30.480	3.395E+1	3.395E+1	3.000E+3
223.374	33.950	30.480	3.395E+1	3.395E+1	3.000E+3
223.574	33.950	30.480	3.395E+1	3.395E+1	3.000E+3
223.776	33.950	30.480	3.395E+1	3.395E+1	3.000E+3
223.976	34.250	30.420	3.395E+1	3.049E+1	3.000E+3
224.176	34.250	30.420	3.395E+1	3.049E+1	3.000E+3
224.378	34.250	30.420	3.436E+1	3.436E+1	3.000E+3
224.579	34.250	30.420	3.436E+1	3.436E+1	3.000E+3
224.779	34.250	30.420	3.425E+1	3.425E+1	3.000E+3
224.981	34.250	30.420	3.425E+1	3.425E+1	3.000E+3
225.180	34.250	30.420	3.425E+1	3.425E+1	3.000E+3
225.381	34.250	30.420	3.425E+1	3.425E+1	3.000E+3
225.581	34.250	30.420	3.425E+1	3.425E+1	3.000E+3
225.781	34.250	30.420	3.425E+1	3.425E+1	3.000E+3
225.981	34.330	30.440	3.425E+1	3.425E+1	3.000E+3
226.181	34.330	30.440	3.433E+1	3.433E+1	3.000E+3
226.383	34.330	30.440	3.433E+1	3.433E+1	3.000E+3
226.583	34.330	30.440	3.433E+1	3.433E+1	3.000E+3
226.783	35.030	30.440	3.433E+1	3.433E+1	3.000E+3
226.985	35.030	30.440	3.433E+1	3.433E+1	3.000E+3
227.185	35.030	30.440	3.503E+1	3.503E+1	3.000E+3
227.385	35.030	30.440	3.503E+1	3.503E+1	3.000E+3
227.585	35.030	30.440	3.503E+1	3.503E+1	3.000E+3
227.786	35.010	30.370	3.503E+1	3.503E+1	3.000E+3
227.988	35.010	30.370	3.503E+1	3.503E+1	3.000E+3
228.188	35.010	30.370	3.501E+1	3.501E+1	3.000E+3
228.388	35.010	30.370	3.501E+1	3.501E+1	3.000E+3
228.587	35.010	30.370	3.501E+1	3.501E+1	3.000E+3
228.789	34.680	30.350	3.501E+1	3.501E+1	3.000E+3
228.988	34.680	30.350	3.501E+1	3.501E+1	3.000E+3
229.188	34.680	30.350	3.468E+1	3.468E+1	3.000E+3
229.388	34.680	30.350	3.468E+1	3.468E+1	3.000E+3
229.589	34.680	30.350	3.468E+1	3.468E+1	3.000E+3
229.788	34.020	30.460	3.468E+1	3.043E+1	3.000E+3
229.988	34.020	30.460	3.468E+1	3.043E+1	3.000E+3
230.188	34.020	30.460	3.468E+1	3.043E+1	3.000E+3
230.389	34.020	30.460	3.437E+1	3.437E+1	3.000E+3
230.591	34.020	30.460	3.437E+1	3.437E+1	3.000E+3
230.791	34.020	30.460	3.402E+1	3.402E+1	3.000E+3
230.992	34.020	30.460	3.402E+1	3.402E+1	3.000E+3
231.191	34.020	30.460	3.402E+1	3.402E+1	3.000E+3
231.391	34.020	30.460	3.402E+1	3.402E+1	3.000E+3
