t	PV [ºC]	SP [ºC]	MV[%] 
0,000	0,000	70,000	9,990E+1
0,000	0,000	70,000	9,990E+1
0,000	70,019	70,000	9,990E+1
2,140	70,019	70,000	1,000E-2
2,140	69,900	70,000	1,000E-2
4,307	69,900	70,000	4,704E+0
4,307	69,931	70,000	4,709E+0
6,474	69,931	70,000	3,485E+0
6,474	69,931	70,000	3,488E+0
8,641	69,775	70,000	9,692E+0
8,641	69,775	70,000	9,702E+0
10,808	69,694	70,000	9,713E+0
10,808	69,694	70,000	1,295E+1
12,977	69,691	70,000	1,297E+1
12,977	69,691	70,000	1,310E+1
12,977	69,689	70,000	1,311E+1
15,142	69,689	70,000	1,321E+1
15,142	69,665	70,000	1,322E+1
17,311	69,665	70,000	1,416E+1
17,311	69,708	70,000	1,418E+1
19,476	69,708	70,000	1,251E+1
19,476	69,708	70,000	1,252E+1
21,645	69,680	70,000	1,363E+1
21,645	69,680	70,000	1,364E+1
23,812	69,704	70,000	1,366E+1
23,812	69,704	70,000	1,272E+1
25,979	69,624	70,000	1,273E+1
25,979	69,624	70,000	1,592E+1
25,979	69,630	70,000	1,593E+1
28,146	69,630	70,000	1,573E+1
28,146	69,602	70,000	1,575E+1
30,315	69,602	70,000	1,686E+1
30,315	69,615	70,000	1,687E+1
32,482	69,615	70,000	1,636E+1
32,482	69,615	70,000	1,637E+1
34,651	69,804	70,000	8,922E+0
34,651	69,804	70,000	8,931E+0
36,816	69,687	70,000	8,940E+0
36,816	69,687	70,000	1,358E+1
38,981	69,845	70,000	1,360E+1
38,981	69,845	70,000	7,353E+0
38,981	69,685	70,000	7,360E+0
41,149	69,685	70,000	1,371E+1
41,149	69,585	70,000	1,372E+1
43,316	69,585	70,000	1,770E+1
43,316	69,612	70,000	1,772E+1
45,485	69,612	70,000	1,666E+1
45,485	69,612	70,000	1,668E+1
47,654	69,704	70,000	1,305E+1
47,654	69,704	70,000	1,307E+1
49,819	69,594	70,000	1,308E+1
49,819	69,594	70,000	1,747E+1
51,986	69,511	70,000	1,749E+1
51,986	69,511	70,000	2,080E+1
51,986	69,535	70,000	2,082E+1
54,149	69,535	70,000	1,989E+1
54,149	69,537	70,000	1,991E+1
56,316	69,537	70,000	1,981E+1
56,316	69,531	70,000	1,984E+1
58,481	69,531	70,000	2,011E+1
58,481	69,417	70,000	2,014E+1
60,648	69,417	70,000	2,465E+1
60,648	69,417	70,000	2,468E+1
62,811	69,368	70,000	2,471E+1
62,811	69,368	70,000	2,669E+1
64,980	69,365	70,000	2,672E+1
64,980	69,365	70,000	2,689E+1
64,980	69,371	70,000	2,692E+1
67,145	69,371	70,000	2,669E+1
67,145	69,379	70,000	2,672E+1
69,314	69,379	70,000	2,645E+1
69,314	69,441	70,000	2,648E+1
71,482	69,441	70,000	2,403E+1
71,482	69,495	70,000	2,405E+1
73,649	69,495	70,000	2,194E+1
73,649	69,495	70,000	2,196E+1
75,816	69,346	70,000	2,198E+1
75,816	69,346	70,000	2,791E+1
77,983	69,392	70,000	2,794E+1
77,983	69,392	70,000	2,615E+1
77,983	69,412	70,000	2,618E+1
80,149	69,412	70,000	2,541E+1
80,149	69,263	70,000	2,544E+1
82,319	69,263	70,000	3,137E+1
82,319	69,497	70,000	3,140E+1
84,482	69,497	70,000	2,216E+1
84,482	69,344	70,000	2,218E+1
86,653	69,344	70,000	2,827E+1
86,653	69,344	70,000	2,830E+1
88,820	69,234	70,000	2,833E+1
88,820	69,234	70,000	3,272E+1
90,989	69,167	70,000	3,275E+1
90,989	69,167	70,000	3,542E+1
90,989	69,137	70,000	3,546E+1
93,156	69,137	70,000	3,670E+1
93,156	69,159	70,000	3,674E+1
95,325	69,159	70,000	3,591E+1
95,325	69,095	70,000	3,595E+1
97,492	69,095	70,000	3,852E+1
97,492	68,986	70,000	3,856E+1
99,659	68,986	70,000	4,292E+1
99,659	68,986	70,000	4,297E+1
101,822	69,087	70,000	4,301E+1
101,822	69,087	70,000	3,908E+1
103,987	69,136	70,000	3,912E+1
103,987	69,136	70,000	3,722E+1
103,987	69,213	70,000	3,726E+1
106,154	69,213	70,000	3,421E+1
106,154	69,224	70,000	3,424E+1
108,321	69,224	70,000	3,388E+1
108,321	69,278	70,000	3,392E+1
110,488	69,278	70,000	3,179E+1
110,488	69,129	70,000	3,183E+1
112,655	69,129	70,000	3,778E+1
112,655	69,129	70,000	3,782E+1
114,821	69,070	70,000	3,786E+1
114,821	69,070	70,000	4,024E+1
116,988	68,966	70,000	4,028E+1
116,988	68,966	70,000	4,442E+1
116,988	68,925	70,000	4,447E+1
119,153	68,925	70,000	4,612E+1
119,153	68,903	70,000	4,617E+1
121,320	68,903	70,000	4,711E+1
121,320	68,851	70,000	4,716E+1
123,485	68,851	70,000	4,927E+1
123,485	68,818	70,000	4,932E+1
125,652	68,818	70,000	5,068E+1
125,652	68,818	70,000	5,073E+1
127,817	68,752	70,000	5,079E+1
127,817	68,752	70,000	5,345E+1
129,984	68,667	70,000	5,351E+1
129,984	68,667	70,000	5,694E+1
129,984	68,686	70,000	5,700E+1
132,149	68,686	70,000	5,630E+1
132,149	68,691	70,000	5,636E+1
134,316	68,691	70,000	5,622E+1
134,316	68,920	70,000	5,628E+1
136,481	68,920	70,000	4,727E+1
136,481	68,885	70,000	4,732E+1
138,650	68,885	70,000	4,877E+1
138,650	68,885	70,000	4,882E+1
140,815	68,918	70,000	4,887E+1
140,815	68,918	70,000	4,758E+1
142,982	68,935	70,000	4,762E+1
142,982	68,935	70,000	4,700E+1
142,982	68,990	70,000	4,705E+1
145,147	68,990	70,000	4,496E+1
145,147	69,061	70,000	4,500E+1
147,315	69,061	70,000	4,221E+1
147,315	69,076	70,000	4,226E+1
149,482	69,076	70,000	4,169E+1
149,482	69,129	70,000	4,173E+1
151,651	69,129	70,000	3,969E+1
151,651	69,129	70,000	3,973E+1
153,816	68,854	70,000	3,977E+1
153,816	68,854	70,000	5,070E+1
155,983	68,811	70,000	5,075E+1
155,983	68,811	70,000	5,249E+1
155,983	68,886	70,000	5,254E+1
158,150	68,886	70,000	4,965E+1
158,150	68,906	70,000	4,970E+1
160,317	68,906	70,000	4,893E+1
160,317	68,901	70,000	4,898E+1
162,482	68,901	70,000	4,923E+1
162,482	68,963	70,000	4,928E+1
164,649	68,963	70,000	4,691E+1
164,649	68,963	70,000	4,696E+1
166,816	69,020	70,000	4,701E+1
166,816	69,020	70,000	4,478E+1
168,981	68,996	70,000	4,482E+1
168,981	68,996	70,000	4,582E+1
168,981	68,958	70,000	4,586E+1
171,148	68,958	70,000	4,743E+1
171,148	68,798	70,000	4,748E+1
173,317	68,798	70,000	5,385E+1
173,317	68,835	70,000	5,390E+1
175,486	68,835	70,000	5,249E+1
175,486	68,827	70,000	5,254E+1
177,655	68,827	70,000	5,291E+1
177,655	68,827	70,000	5,296E+1
179,824	68,834	70,000	5,302E+1
179,824	68,834	70,000	5,281E+1
181,991	68,971	70,000	5,286E+1
181,991	68,971	70,000	4,747E+1
181,991	68,861	70,000	4,751E+1
184,158	68,861	70,000	5,192E+1
184,158	68,805	70,000	5,197E+1
186,323	68,805	70,000	5,424E+1
186,323	68,822	70,000	5,430E+1
188,489	68,822	70,000	5,368E+1
188,489	68,909	70,000	5,373E+1
190,658	68,909	70,000	5,035E+1
190,658	68,909	70,000	5,040E+1
192,821	68,820	70,000	5,045E+1
192,821	68,820	70,000	5,401E+1
194,988	68,803	70,000	5,406E+1
194,988	68,803	70,000	5,479E+1
194,988	68,869	70,000	5,484E+1
197,155	68,869	70,000	5,228E+1
197,155	68,927	70,000	5,233E+1
199,320	68,927	70,000	5,011E+1
199,320	68,906	70,000	5,015E+1
201,485	68,906	70,000	5,100E+1
201,485	68,949	70,000	5,105E+1
203,650	68,949	70,000	4,941E+1
203,650	68,949	70,000	4,946E+1
205,815	69,162	70,000	4,951E+1
205,815	69,162	70,000	4,109E+1
207,984	69,153	70,000	4,113E+1
207,984	69,153	70,000	4,157E+1
207,984	69,148	70,000	4,160E+1
210,151	69,148	70,000	4,184E+1
210,151	69,141	70,000	4,188E+1
212,318	69,141	70,000	4,219E+1
212,318	69,066	70,000	4,223E+1
214,481	69,066	70,000	4,524E+1
214,481	69,007	70,000	4,529E+1
216,652	69,007	70,000	4,767E+1
216,652	69,007	70,000	4,771E+1
218,819	68,973	70,000	4,776E+1
218,819	68,973	70,000	4,913E+1
220,986	69,084	70,000	4,917E+1
220,986	69,084	70,000	4,480E+1
220,986	69,216	70,000	4,484E+1
223,151	69,216	70,000	3,969E+1
223,151	69,120	70,000	3,973E+1
225,321	69,120	70,000	4,355E+1
225,321	69,243	70,000	4,359E+1
227,486	69,243	70,000	3,878E+1
227,486	69,030	70,000	3,881E+1
229,653	69,030	70,000	4,726E+1
229,653	69,030	70,000	4,731E+1
231,818	68,964	70,000	4,735E+1
231,818	68,964	70,000	5,001E+1
233,983	69,047	70,000	5,006E+1
233,983	69,047	70,000	4,679E+1
233,983	68,928	70,000	4,684E+1
236,150	68,928	70,000	5,160E+1
236,150	68,946	70,000	5,164E+1
238,317	68,946	70,000	5,102E+1
238,317	69,030	70,000	5,107E+1
240,482	69,030	70,000	4,777E+1
240,482	69,075	70,000	4,781E+1
242,651	69,075	70,000	4,609E+1
242,651	69,075	70,000	4,613E+1
244,817	69,106	70,000	4,617E+1
244,817	69,106	70,000	4,495E+1
246,985	69,275	70,000	4,499E+1
246,985	69,275	70,000	3,837E+1
246,985	69,263	70,000	3,840E+1
249,150	69,263	70,000	3,889E+1
249,150	69,117	70,000	3,893E+1
251,319	69,117	70,000	4,474E+1
251,319	69,195	70,000	4,478E+1
253,485	69,195	70,000	4,173E+1
253,485	69,078	70,000	4,177E+1
255,653	69,078	70,000	4,646E+1
255,653	69,078	70,000	4,650E+1
257,819	69,102	70,000	4,655E+1
257,819	69,102	70,000	4,564E+1
260,062	69,070	70,000	4,568E+1
260,062	69,070	70,000	4,699E+1
260,062	69,105	70,000	4,703E+1
262,301	69,105	70,000	4,566E+1
262,301	68,944	70,000	4,570E+1
264,544	68,944	70,000	5,212E+1
264,544	68,944	70,000	5,217E+1
266,781	69,049	70,000	5,222E+1
266,781	69,049	70,000	4,815E+1
269,023	69,085	70,000	4,677E+1
269,023	69,085	70,000	4,681E+1
269,023	69,169	70,000	4,350E+1
271,266	69,169	70,000	4,354E+1
271,266	69,169	70,000	4,357E+1
273,505	69,169	70,000	4,361E+1
273,505	69,082	70,000	4,714E+1
275,746	69,082	70,000	4,718E+1
275,746	69,082	70,000	4,722E+1
277,987	69,141	70,000	4,492E+1
277,987	69,141	70,000	4,496E+1
277,987	69,108	70,000	4,627E+1
280,228	69,108	70,000	4,631E+1
280,228	68,908	70,000	5,429E+1
282,467	68,908	70,000	5,434E+1
282,467	69,141	70,000	4,518E+1
284,708	69,141	70,000	4,522E+1
284,708	69,141	70,000	4,526E+1
286,948	69,237	70,000	4,145E+1
286,948	69,237	70,000	4,149E+1
286,948	69,153	70,000	4,489E+1
289,189	69,153	70,000	4,493E+1
289,189	69,001	70,000	5,095E+1
291,430	69,001	70,000	5,099E+1
291,430	68,975	70,000	5,211E+1
293,669	68,975	70,000	5,216E+1
293,669	68,975	70,000	5,220E+1
295,910	68,946	70,000	5,340E+1
295,910	68,946	70,000	5,344E+1
295,910	68,992	70,000	5,167E+1
298,149	68,992	70,000	5,172E+1
298,149	68,951	70,000	5,339E+1
300,392	68,951	70,000	5,343E+1
300,392	68,956	70,000	5,328E+1
302,634	68,956	70,000	5,333E+1
302,634	68,956	70,000	5,338E+1
304,873	69,083	70,000	4,837E+1
304,873	69,083	70,000	4,841E+1
307,114	68,993	70,000	5,202E+1
307,114	68,993	70,000	5,207E+1
307,114	68,999	70,000	5,185E+1
309,357	68,999	70,000	5,190E+1
309,357	69,019	70,000	5,119E+1
311,598	69,019	70,000	5,124E+1
311,598	69,019	70,000	5,128E+1
313,840	68,957	70,000	5,374E+1
313,840	68,957	70,000	5,379E+1
316,079	68,863	70,000	5,760E+1
316,079	68,863	70,000	5,765E+1
316,079	68,863	70,000	5,770E+1
318,322	68,863	70,000	5,775E+1
318,322	68,947	70,000	5,446E+1
320,563	68,947	70,000	5,450E+1
320,563	68,947	70,000	5,455E+1
322,806	68,844	70,000	5,870E+1
322,806	68,844	70,000	5,875E+1
325,047	68,898	70,000	5,665E+1
325,047	68,898	70,000	5,670E+1
325,047	68,865	70,000	5,803E+1
327,288	68,865	70,000	5,808E+1
327,288	68,773	70,000	6,182E+1
329,528	68,773	70,000	6,188E+1
329,528	68,878	70,000	5,775E+1
331,769	68,878	70,000	5,780E+1
331,769	68,878	70,000	5,785E+1
334,010	68,778	70,000	6,188E+1
334,010	68,778	70,000	6,194E+1
334,010	68,823	70,000	6,017E+1
336,253	68,823	70,000	6,023E+1
336,253	68,864	70,000	5,867E+1
338,494	68,864	70,000	5,873E+1
338,494	68,922	70,000	5,650E+1
340,738	68,922	70,000	5,655E+1
340,738	68,922	70,000	5,660E+1
342,977	68,951	70,000	5,550E+1
342,977	68,951	70,000	5,554E+1
342,977	68,904	70,000	5,741E+1
345,220	68,904	70,000	5,746E+1
345,220	68,958	70,000	5,541E+1
347,461	68,958	70,000	5,546E+1
347,461	69,064	70,000	5,127E+1
349,700	69,064	70,000	5,131E+1
349,700	69,064	70,000	5,135E+1
351,939	69,137	70,000	4,850E+1
351,939	69,137	70,000	4,854E+1
351,939	68,949	70,000	5,605E+1
354,177	68,949	70,000	5,609E+1
354,177	68,998	70,000	5,420E+1
356,418	68,998	70,000	5,425E+1
356,418	68,958	70,000	5,590E+1
358,659	68,958	70,000	5,594E+1
358,659	68,958	70,000	5,599E+1
360,902	69,022	70,000	5,350E+1
360,902	69,022	70,000	5,355E+1
363,141	69,062	70,000	5,197E+1
363,141	69,062	70,000	5,201E+1
363,141	69,032	70,000	5,326E+1
365,384	69,032	70,000	5,330E+1
365,384	68,910	70,000	5,818E+1
367,624	68,910	70,000	5,823E+1
367,624	68,910	70,000	5,828E+1
369,865	68,781	70,000	6,344E+1
369,865	68,781	70,000	6,349E+1
372,106	68,897	70,000	5,897E+1
372,106	68,897	70,000	5,902E+1
372,106	68,854	70,000	6,076E+1
374,347	68,854	70,000	6,081E+1
374,347	68,960	70,000	5,664E+1
376,588	68,960	70,000	5,669E+1
376,588	68,960	70,000	5,673E+1
378,826	68,874	70,000	6,021E+1
378,826	68,874	70,000	6,026E+1
381,069	68,897	70,000	5,942E+1
381,069	68,897	70,000	5,947E+1
381,069	68,678	70,000	6,819E+1
383,310	68,678	70,000	6,825E+1
383,310	68,740	70,000	6,584E+1
385,547	68,740	70,000	6,589E+1
385,547	68,740	70,000	6,595E+1
387,788	68,740	70,000	6,601E+1
387,788	68,740	70,000	6,607E+1
390,028	68,782	70,000	6,444E+1
390,028	68,782	70,000	6,449E+1
390,028	68,910	70,000	5,950E+1
392,267	68,910	70,000	5,955E+1
392,267	68,906	70,000	5,973E+1
394,508	68,906	70,000	5,978E+1
394,508	68,830	70,000	6,286E+1
396,751	68,830	70,000	6,292E+1
396,751	68,830	70,000	6,297E+1
398,990	69,041	70,000	5,468E+1
398,990	69,041	70,000	5,472E+1
398,990	69,022	70,000	5,552E+1
401,231	69,022	70,000	5,557E+1
401,231	68,932	70,000	5,916E+1
403,472	68,932	70,000	5,920E+1
403,472	68,956	70,000	5,832E+1
405,713	68,956	70,000	5,837E+1
405,713	68,956	70,000	5,842E+1
407,957	69,130	70,000	5,153E+1
407,957	69,130	70,000	5,157E+1
407,957	69,093	70,000	5,309E+1
410,200	69,093	70,000	5,313E+1
410,200	69,103	70,000	5,278E+1
412,441	69,103	70,000	5,282E+1
412,441	69,120	70,000	5,217E+1
414,680	69,120	70,000	5,221E+1
414,680	69,120	70,000	5,225E+1
416,921	68,982	70,000	5,779E+1
416,921	68,982	70,000	5,784E+1
419,162	68,906	70,000	6,086E+1
419,162	68,906	70,000	6,091E+1
419,162	69,100	70,000	5,329E+1
421,403	69,100	70,000	5,333E+1
421,403	69,112	70,000	5,289E+1
423,643	69,112	70,000	5,293E+1
423,643	69,112	70,000	5,297E+1
425,886	69,115	70,000	5,290E+1
425,886	69,115	70,000	5,294E+1
428,127	69,217	70,000	4,893E+1
428,127	69,217	70,000	4,897E+1
428,127	69,221	70,000	4,887E+1
430,366	69,221	70,000	4,890E+1
430,366	69,251	70,000	4,773E+1
432,609	69,251	70,000	4,776E+1
432,609	69,251	70,000	4,780E+1
434,850	69,353	70,000	4,379E+1
434,850	69,353	70,000	4,382E+1
437,089	69,312	70,000	4,547E+1
437,089	69,312	70,000	4,550E+1
437,089	69,141	70,000	5,233E+1
439,329	69,141	70,000	5,237E+1
439,329	69,146	70,000	5,219E+1
441,570	69,146	70,000	5,223E+1
441,570	69,054	70,000	5,226E+1
443,811	69,054	70,000	5,595E+1
443,811	69,054	70,000	5,599E+1
446,050	68,988	70,000	5,865E+1
446,050	68,988	70,000	5,869E+1
446,050	69,100	70,000	5,430E+1
448,293	69,100	70,000	5,434E+1
448,293	68,951	70,000	6,031E+1
450,534	68,951	70,000	6,036E+1
450,534	68,886	70,000	6,296E+1
452,774	68,886	70,000	6,301E+1
452,774	68,886	70,000	6,306E+1
455,015	69,062	70,000	5,612E+1
455,015	69,062	70,000	5,616E+1
455,015	69,027	70,000	5,761E+1
457,256	69,027	70,000	5,765E+1
457,256	69,073	70,000	5,587E+1
459,497	69,073	70,000	5,591E+1
459,497	68,985	70,000	5,944E+1
461,734	68,985	70,000	5,949E+1
461,734	68,985	70,000	5,953E+1
463,977	69,073	70,000	5,609E+1
463,977	69,073	70,000	5,614E+1
463,977	69,072	70,000	5,624E+1
466,216	69,072	70,000	5,628E+1
466,216	69,064	70,000	5,660E+1
468,457	69,064	70,000	5,664E+1
468,457	69,079	70,000	5,609E+1
470,699	69,079	70,000	5,613E+1
470,699	69,079	70,000	5,617E+1
472,940	68,782	70,000	6,798E+1
472,940	68,782	70,000	6,804E+1
475,181	68,811	70,000	6,694E+1
475,181	68,811	70,000	6,700E+1
475,181	68,912	70,000	6,309E+1
477,420	68,912	70,000	6,314E+1
477,420	68,861	70,000	6,519E+1
479,663	68,861	70,000	6,524E+1
479,663	68,861	70,000	6,529E+1
481,905	68,991	70,000	6,019E+1
481,905	68,991	70,000	6,023E+1
484,144	68,922	70,000	6,301E+1
484,144	68,922	70,000	6,306E+1
484,144	68,994	70,000	6,024E+1
486,385	68,994	70,000	6,028E+1
486,385	69,122	70,000	5,528E+1
488,626	69,122	70,000	5,532E+1
488,626	69,122	70,000	5,536E+1
490,865	69,132	70,000	5,498E+1
490,865	69,132	70,000	5,502E+1
493,106	69,096	70,000	5,649E+1
493,106	69,096	70,000	5,653E+1
493,106	68,976	70,000	6,134E+1
495,350	68,976	70,000	6,139E+1
495,350	68,883	70,000	6,512E+1
497,589	68,883	70,000	6,517E+1
497,589	68,844	70,000	6,522E+1
499,830	68,844	70,000	6,684E+1
499,830	68,844	70,000	6,689E+1
502,071	68,781	70,000	6,942E+1
502,071	68,781	70,000	6,947E+1
502,071	68,808	70,000	6,844E+1
504,312	68,808	70,000	6,849E+1
504,312	68,766	70,000	7,025E+1
506,553	68,766	70,000	7,030E+1
506,553	68,781	70,000	7,036E+1
508,794	68,781	70,000	6,980E+1
508,794	68,781	70,000	6,986E+1
511,038	68,847	70,000	6,730E+1
511,038	68,847	70,000	6,735E+1
511,038	68,890	70,000	6,570E+1
513,277	68,890	70,000	6,575E+1
513,277	68,861	70,000	6,697E+1
515,518	68,861	70,000	6,702E+1
515,518	68,903	70,000	6,538E+1
517,759	68,903	70,000	6,543E+1
517,759	68,903	70,000	6,548E+1
520,000	68,973	70,000	6,276E+1
520,000	68,973	70,000	6,281E+1
520,000	69,027	70,000	6,071E+1
522,241	69,027	70,000	6,076E+1
522,241	68,992	70,000	6,221E+1
524,481	68,992	70,000	6,225E+1
524,481	69,007	70,000	6,170E+1
526,718	69,007	70,000	6,175E+1
526,718	69,007	70,000	6,179E+1
528,959	69,125	70,000	5,712E+1
528,959	69,125	70,000	5,716E+1
531,200	69,082	70,000	5,895E+1
531,200	69,082	70,000	5,899E+1
531,200	69,200	70,000	5,433E+1
533,439	69,200	70,000	5,437E+1
533,439	69,095	70,000	5,857E+1
535,678	69,095	70,000	5,861E+1
535,678	69,095	70,000	5,865E+1
537,920	69,354	70,000	4,843E+1
537,920	69,354	70,000	4,846E+1
540,159	69,329	70,000	4,948E+1
540,159	69,329	70,000	4,951E+1
540,159	69,468	70,000	4,403E+1
542,398	69,468	70,000	4,405E+1
542,398	69,359	70,000	4,838E+1
544,639	69,359	70,000	4,840E+1
544,639	69,359	70,000	4,843E+1
546,882	69,315	70,000	5,023E+1
546,882	69,315	70,000	5,026E+1
549,123	69,281	70,000	5,161E+1
549,123	69,281	70,000	5,165E+1
549,123	69,136	70,000	5,744E+1
551,364	69,136	70,000	5,748E+1
551,364	69,272	70,000	5,215E+1
553,604	69,272	70,000	5,219E+1
553,604	69,272	70,000	5,222E+1
555,845	69,246	70,000	5,326E+1
555,845	69,246	70,000	5,330E+1
558,086	69,066	70,000	6,046E+1
558,086	69,066	70,000	6,051E+1
558,086	69,087	70,000	5,973E+1
560,327	69,087	70,000	5,978E+1
560,327	69,013	70,000	6,271E+1
562,568	69,013	70,000	6,275E+1
562,568	69,112	70,000	6,280E+1
564,803	69,112	70,000	5,894E+1
564,803	69,112	70,000	5,898E+1
567,044	69,245	70,000	5,377E+1
567,044	69,245	70,000	5,381E+1
567,044	69,244	70,000	5,386E+1
569,283	69,244	70,000	5,389E+1
569,283	69,279	70,000	5,256E+1
571,525	69,279	70,000	5,259E+1
571,525	69,200	70,000	5,574E+1
573,770	69,200	70,000	5,577E+1
573,770	69,200	70,000	5,581E+1
576,007	69,212	70,000	5,537E+1
576,007	69,212	70,000	5,540E+1
576,007	69,234	70,000	5,457E+1
578,250	69,234	70,000	5,460E+1
578,250	69,264	70,000	5,343E+1
580,489	69,264	70,000	5,346E+1
580,489	68,951	70,000	6,594E+1
582,732	68,951	70,000	6,598E+1
582,732	68,951	70,000	6,603E+1
584,972	69,034	70,000	6,277E+1
584,972	69,034	70,000	6,281E+1
584,972	69,064	70,000	6,167E+1
587,213	69,064	70,000	6,171E+1
587,213	69,019	70,000	6,356E+1
589,454	69,019	70,000	6,360E+1
589,454	69,122	70,000	5,954E+1
591,695	69,122	70,000	5,958E+1
591,695	69,122	70,000	5,962E+1
593,936	69,225	70,000	5,556E+1
593,936	69,225	70,000	5,560E+1
596,179	69,207	70,000	5,636E+1
596,179	69,207	70,000	5,640E+1
596,179	69,209	70,000	5,638E+1
598,421	69,209	70,000	5,641E+1
598,421	69,200	70,000	5,679E+1
600,660	69,200	70,000	5,682E+1
600,660	69,200	70,000	5,686E+1
602,901	69,068	70,000	6,212E+1
602,901	69,068	70,000	6,217E+1
605,140	69,100	70,000	6,094E+1
605,140	69,100	70,000	6,098E+1
605,140	69,214	70,000	5,650E+1
607,381	69,214	70,000	5,654E+1
607,381	69,399	70,000	4,927E+1
609,620	69,399	70,000	4,929E+1
609,620	69,399	70,000	4,932E+1
611,862	69,293	70,000	5,351E+1
611,862	69,293	70,000	5,354E+1
614,103	69,134	70,000	5,989E+1
614,103	69,134	70,000	5,993E+1
614,103	69,078	70,000	6,219E+1
616,342	69,078	70,000	6,223E+1
616,342	69,120	70,000	6,061E+1
618,583	69,120	70,000	6,065E+1
618,583	69,132	70,000	6,069E+1
620,822	69,132	70,000	6,023E+1
620,822	69,132	70,000	6,027E+1
623,064	69,249	70,000	5,569E+1
623,064	69,249	70,000	5,573E+1
623,064	69,292	70,000	5,406E+1
625,304	69,292	70,000	5,409E+1
625,304	69,180	70,000	5,856E+1
627,546	69,180	70,000	5,860E+1
627,546	69,085	70,000	5,863E+1
629,787	69,085	70,000	6,243E+1
629,787	69,085	70,000	6,248E+1
632,026	69,108	70,000	6,159E+1
632,026	69,108	70,000	6,163E+1
632,026	69,297	70,000	5,420E+1
634,267	69,297	70,000	5,423E+1
634,267	69,344	70,000	5,240E+1
636,506	69,344	70,000	5,243E+1
636,506	69,214	70,000	5,763E+1
638,748	69,214	70,000	5,766E+1
638,748	69,214	70,000	5,770E+1
640,987	69,209	70,000	5,793E+1
640,987	69,209	70,000	5,797E+1
640,987	69,263	70,000	5,584E+1
643,230	69,263	70,000	5,588E+1
643,230	69,298	70,000	5,450E+1
645,471	69,298	70,000	5,454E+1
645,471	69,198	70,000	5,855E+1
647,710	69,198	70,000	5,859E+1
647,710	69,198	70,000	5,862E+1
649,949	69,134	70,000	6,119E+1
649,949	69,134	70,000	6,123E+1
652,189	69,020	70,000	6,577E+1
652,189	69,020	70,000	6,581E+1
652,189	69,245	70,000	5,698E+1
654,432	69,245	70,000	5,702E+1
654,432	69,249	70,000	5,685E+1
656,673	69,249	70,000	5,689E+1
656,673	69,249	70,000	5,692E+1
658,916	69,179	70,000	5,973E+1
658,916	69,179	70,000	5,977E+1
661,156	69,183	70,000	5,966E+1
661,156	69,183	70,000	5,970E+1
661,156	69,177	70,000	6,000E+1
663,397	69,177	70,000	6,003E+1
663,397	69,198	70,000	5,922E+1
665,636	69,198	70,000	5,925E+1
665,636	69,198	70,000	5,929E+1
667,877	69,209	70,000	5,891E+1
667,877	69,209	70,000	5,895E+1
670,116	69,162	70,000	6,080E+1
670,116	69,162	70,000	6,084E+1
670,116	69,226	70,000	5,838E+1
672,357	69,226	70,000	5,842E+1
672,357	69,375	70,000	5,255E+1
674,598	69,375	70,000	5,258E+1
674,598	69,298	70,000	5,261E+1
676,837	69,298	70,000	5,565E+1
676,837	69,298	70,000	5,568E+1
679,079	69,381	70,000	5,242E+1
679,079	69,381	70,000	5,245E+1
679,079	69,215	70,000	5,905E+1
681,314	69,215	70,000	5,909E+1
681,314	69,141	70,000	6,210E+1
683,555	69,141	70,000	6,214E+1
683,555	69,083	70,000	6,217E+1
685,798	69,083	70,000	6,449E+1
685,798	69,083	70,000	6,453E+1
688,033	69,115	70,000	6,329E+1
688,033	69,115	70,000	6,333E+1
688,033	69,156	70,000	6,178E+1
690,274	69,156	70,000	6,182E+1
690,274	69,161	70,000	6,164E+1
692,514	69,161	70,000	6,168E+1
692,514	68,989	70,000	6,851E+1
694,757	68,989	70,000	6,856E+1
694,757	68,989	70,000	6,860E+1
696,994	68,975	70,000	6,924E+1
696,994	68,975	70,000	6,929E+1
699,237	69,019	70,000	6,759E+1
699,237	69,019	70,000	6,764E+1
699,237	69,081	70,000	6,520E+1
701,478	69,081	70,000	6,524E+1
701,478	69,180	70,000	6,136E+1
703,720	69,180	70,000	6,140E+1
703,720	69,180	70,000	6,144E+1
705,963	69,193	70,000	6,096E+1
705,963	69,193	70,000	6,100E+1
708,202	69,278	70,000	5,766E+1
708,202	69,278	70,000	5,770E+1
708,202	69,186	70,000	6,136E+1
710,445	69,186	70,000	6,139E+1
710,445	69,339	70,000	5,539E+1
712,684	69,339	70,000	5,542E+1
712,684	69,339	70,000	5,545E+1
714,925	69,425	70,000	5,205E+1
714,925	69,425	70,000	5,207E+1
717,168	69,451	70,000	5,109E+1
717,168	69,451	70,000	5,111E+1
717,168	69,231	70,000	5,986E+1
719,408	69,231	70,000	5,989E+1
719,408	69,303	70,000	5,705E+1
721,651	69,303	70,000	5,708E+1
721,651	69,463	70,000	5,712E+1
723,892	69,463	70,000	5,085E+1
723,892	69,463	70,000	5,087E+1
726,133	69,476	70,000	5,034E+1
726,133	69,476	70,000	5,037E+1
726,133	69,327	70,000	5,631E+1
728,374	69,327	70,000	5,634E+1
728,374	69,490	70,000	4,991E+1
730,617	69,490	70,000	4,994E+1
730,617	69,454	70,000	4,996E+1
732,859	69,454	70,000	5,139E+1
732,859	69,454	70,000	5,141E+1
735,100	69,465	70,000	5,104E+1
735,100	69,465	70,000	5,107E+1
735,100	69,508	70,000	4,935E+1
737,339	69,508	70,000	4,937E+1
737,339	69,446	70,000	5,187E+1
739,578	69,446	70,000	5,189E+1
739,578	69,410	70,000	5,192E+1
741,819	69,410	70,000	5,335E+1
741,819	69,410	70,000	5,338E+1
744,058	69,246	70,000	5,992E+1
744,058	69,246	70,000	5,996E+1
744,058	69,149	70,000	6,383E+1
746,301	69,149	70,000	6,387E+1
746,301	69,355	70,000	5,577E+1
748,543	69,355	70,000	5,580E+1
748,543	69,394	70,000	5,583E+1
750,784	69,394	70,000	5,431E+1
750,784	69,394	70,000	5,434E+1
753,021	69,339	70,000	5,652E+1
753,021	69,339	70,000	5,655E+1
755,262	69,402	70,000	5,409E+1
755,262	69,402	70,000	5,411E+1
755,262	69,197	70,000	6,226E+1
757,504	69,197	70,000	6,230E+1
757,504	69,402	70,000	5,421E+1
759,749	69,402	70,000	5,424E+1
759,749	69,402	70,000	5,427E+1
761,988	69,378	70,000	5,525E+1
761,988	69,378	70,000	5,527E+1
764,229	69,341	70,000	5,677E+1
764,229	69,341	70,000	5,680E+1
764,229	69,363	70,000	5,596E+1
766,470	69,363	70,000	5,598E+1
766,470	69,453	70,000	5,247E+1
768,710	69,453	70,000	5,249E+1
768,710	69,453	70,000	5,252E+1
770,953	69,471	70,000	5,179E+1
770,953	69,471	70,000	5,181E+1
773,196	69,307	70,000	5,835E+1
773,196	69,307	70,000	5,839E+1
773,196	69,261	70,000	6,024E+1
775,437	69,261	70,000	6,027E+1
775,437	69,334	70,000	5,741E+1
777,676	69,334	70,000	5,744E+1
777,676	69,334	70,000	5,747E+1
779,917	69,347	70,000	5,697E+1
779,917	69,347	70,000	5,700E+1
782,159	69,398	70,000	5,501E+1
782,159	69,398	70,000	5,503E+1
782,159	69,314	70,000	5,843E+1
784,400	69,314	70,000	5,846E+1
784,400	69,344	70,000	5,728E+1
786,641	69,344	70,000	5,731E+1
786,641	69,375	70,000	5,734E+1
788,880	69,375	70,000	5,614E+1
788,880	69,375	70,000	5,617E+1
791,119	69,252	70,000	6,105E+1
791,119	69,252	70,000	6,109E+1
791,119	69,367	70,000	5,660E+1
793,360	69,367	70,000	5,663E+1
793,360	69,341	70,000	5,767E+1
795,603	69,341	70,000	5,770E+1
795,603	69,346	70,000	5,773E+1
797,843	69,346	70,000	5,756E+1
797,843	69,346	70,000	5,759E+1
800,082	69,299	70,000	5,950E+1
800,082	69,299	70,000	5,954E+1
800,082	69,353	70,000	5,741E+1
802,325	69,353	70,000	5,744E+1
802,325	69,343	70,000	5,788E+1
804,566	69,343	70,000	5,791E+1
804,566	69,437	70,000	5,794E+1
806,807	69,437	70,000	5,421E+1
806,807	69,437	70,000	5,423E+1
809,048	69,492	70,000	5,210E+1
809,048	69,492	70,000	5,212E+1
809,048	69,572	70,000	4,899E+1
811,290	69,572	70,000	4,901E+1
811,290	69,333	70,000	5,850E+1
813,529	69,333	70,000	5,853E+1
813,529	69,371	70,000	5,702E+1
815,768	69,371	70,000	5,705E+1
815,768	69,371	70,000	5,708E+1
818,007	69,353	70,000	5,784E+1
818,007	69,353	70,000	5,787E+1
818,007	69,535	70,000	5,066E+1
820,320	69,535	70,000	5,068E+1
820,320	69,433	70,000	5,479E+1
822,636	69,433	70,000	5,481E+1
822,636	69,433	70,000	5,484E+1
824,951	69,514	70,000	5,163E+1
824,951	69,514	70,000	5,166E+1
827,264	69,453	70,000	5,412E+1
827,264	69,453	70,000	5,414E+1
827,264	69,419	70,000	5,549E+1
829,579	69,419	70,000	5,552E+1
829,579	69,390	70,000	5,554E+1
831,893	69,390	70,000	5,672E+1
831,893	69,390	70,000	5,675E+1
834,208	69,475	70,000	5,341E+1
834,208	69,475	70,000	5,343E+1
834,208	69,331	70,000	5,918E+1
836,523	69,331	70,000	5,921E+1
836,523	69,236	70,000	5,924E+1
838,836	69,236	70,000	6,301E+1
838,836	69,236	70,000	6,305E+1
841,152	69,397	70,000	5,672E+1
841,152	69,397	70,000	5,675E+1
841,152	69,454	70,000	5,448E+1
843,465	69,454	70,000	5,451E+1
843,465	69,544	70,000	5,453E+1
845,780	69,544	70,000	5,099E+1
845,780	69,544	70,000	5,101E+1
848,170	69,547	70,000	5,095E+1
848,170	69,547	70,000	5,097E+1
848,170	69,563	70,000	5,034E+1
850,559	69,563	70,000	5,036E+1
850,559	69,563	70,000	5,038E+1
852,948	69,416	70,000	5,624E+1
852,948	69,416	70,000	5,627E+1
852,948	69,567	70,000	5,031E+1
855,338	69,567	70,000	5,033E+1
855,338	69,609	70,000	4,867E+1
857,725	69,609	70,000	4,868E+1
857,725	69,609	70,000	4,870E+1
860,115	69,431	70,000	5,577E+1
860,115	69,431	70,000	5,580E+1
860,115	69,543	70,000	5,141E+1
862,504	69,543	70,000	5,143E+1
862,504	69,350	70,000	5,145E+1
864,893	69,350	70,000	5,911E+1
864,893	69,350	70,000	5,914E+1
867,283	69,448	70,000	5,527E+1
867,283	69,448	70,000	5,530E+1
867,283	69,392	70,000	5,754E+1
869,672	69,392	70,000	5,757E+1
869,672	69,392	70,000	5,759E+1
872,061	69,409	70,000	5,697E+1
872,061	69,409	70,000	5,699E+1
872,061	69,412	70,000	5,688E+1
874,448	69,412	70,000	5,691E+1
874,448	69,398	70,000	5,694E+1
876,840	69,398	70,000	5,750E+1
876,840	69,398	70,000	5,752E+1
879,227	69,195	70,000	6,561E+1
879,227	69,195	70,000	6,565E+1
879,227	69,281	70,000	6,226E+1
881,617	69,281	70,000	6,229E+1
881,617	69,281	70,000	6,232E+1
884,006	69,215	70,000	6,499E+1
884,006	69,215	70,000	6,503E+1
884,006	69,281	70,000	6,243E+1
886,395	69,281	70,000	6,246E+1
886,395	69,374	70,000	6,249E+1
888,785	69,374	70,000	5,884E+1
888,785	69,374	70,000	5,887E+1
891,172	69,416	70,000	5,727E+1
891,172	69,416	70,000	5,730E+1
891,172	69,407	70,000	5,766E+1
893,562	69,407	70,000	5,769E+1
893,562	69,407	70,000	5,772E+1
895,951	69,249	70,000	6,398E+1
895,951	69,249	70,000	6,402E+1
895,951	69,338	70,000	6,056E+1
898,340	69,338	70,000	6,059E+1
898,340	69,303	70,000	6,197E+1
900,730	69,303	70,000	6,200E+1
900,730	69,303	70,000	6,203E+1
903,117	69,334	70,000	6,086E+1
903,117	69,334	70,000	6,089E+1
903,117	69,293	70,000	6,254E+1
905,506	69,293	70,000	6,257E+1
905,506	69,314	70,000	6,261E+1
907,898	69,314	70,000	6,183E+1
907,898	69,314	70,000	6,186E+1
910,283	69,339	70,000	6,088E+1
910,283	69,339	70,000	6,091E+1
910,283	69,483	70,000	5,521E+1
912,675	69,483	70,000	5,523E+1
912,675	69,483	70,000	5,526E+1
915,064	69,405	70,000	5,837E+1
915,064	69,405	70,000	5,840E+1
915,064	69,458	70,000	5,634E+1
917,451	69,458	70,000	5,637E+1
917,451	69,487	70,000	5,639E+1
919,841	69,487	70,000	5,529E+1
919,841	69,487	70,000	5,531E+1
922,230	69,424	70,000	5,781E+1
922,230	69,424	70,000	5,784E+1
922,230	69,447	70,000	5,693E+1
924,619	69,447	70,000	5,696E+1
924,619	69,447	70,000	5,698E+1
927,007	69,371	70,000	6,002E+1
927,007	69,371	70,000	6,005E+1
927,007	69,373	70,000	6,002E+1
929,396	69,373	70,000	6,004E+1
929,396	69,436	70,000	6,007E+1
931,785	69,436	70,000	5,760E+1
931,785	69,436	70,000	5,763E+1
934,175	69,418	70,000	5,835E+1
934,175	69,418	70,000	5,838E+1
934,175	69,440	70,000	5,757E+1
936,564	69,440	70,000	5,760E+1
936,564	69,385	70,000	5,762E+1
938,953	69,385	70,000	5,981E+1
938,953	69,385	70,000	5,983E+1
938,953	69,366	70,000	6,061E+1
941,342	69,366	70,000	6,064E+1
941,342	69,465	70,000	5,677E+1
943,730	69,465	70,000	5,679E+1
943,730	69,465	70,000	5,682E+1
946,119	69,454	70,000	5,724E+1
946,119	69,454	70,000	5,726E+1
946,119	69,340	70,000	6,180E+1
948,582	69,340	70,000	6,183E+1
948,582	69,340	70,000	6,186E+1
951,046	69,302	70,000	6,344E+1
951,046	69,302	70,000	6,347E+1
951,046	69,256	70,000	6,530E+1
953,509	69,256	70,000	6,534E+1
953,509	69,256	70,000	6,537E+1
955,970	69,434	70,000	5,835E+1
955,970	69,434	70,000	5,838E+1
955,970	69,344	70,000	6,197E+1
958,436	69,344	70,000	6,200E+1
958,436	69,346	70,000	6,203E+1
960,901	69,346	70,000	6,198E+1
960,901	69,346	70,000	6,201E+1
960,901	69,221	70,000	6,701E+1
963,364	69,221	70,000	6,704E+1
963,364	69,228	70,000	6,708E+1
965,824	69,228	70,000	6,680E+1
965,824	69,228	70,000	6,683E+1
968,285	69,291	70,000	6,437E+1
968,285	69,291	70,000	6,440E+1
968,285	69,400	70,000	6,014E+1
970,749	69,400	70,000	6,016E+1
970,749	69,400	70,000	6,019E+1
973,212	69,338	70,000	6,269E+1
973,212	69,338	70,000	6,272E+1
973,212	69,536	70,000	5,489E+1
975,673	69,536	70,000	5,491E+1
975,673	69,536	70,000	5,493E+1
978,135	69,350	70,000	6,234E+1
978,135	69,350	70,000	6,237E+1
978,135	69,380	70,000	6,119E+1
980,596	69,380	70,000	6,122E+1
980,596	69,380	70,000	6,125E+1
983,060	69,195	70,000	6,861E+1
983,060	69,195	70,000	6,864E+1
983,060	69,203	70,000	6,834E+1
985,523	69,203	70,000	6,838E+1
985,523	69,203	70,000	6,841E+1
987,984	69,222	70,000	6,772E+1
987,984	69,222	70,000	6,775E+1
987,984	69,437	70,000	5,925E+1
990,450	69,437	70,000	5,927E+1
990,450	69,501	70,000	5,930E+1
992,911	69,501	70,000	5,679E+1
992,911	69,501	70,000	5,681E+1
992,911	69,476	70,000	5,782E+1
995,377	69,476	70,000	5,785E+1
995,377	69,315	70,000	5,787E+1
997,838	69,315	70,000	6,429E+1
997,838	69,315	70,000	6,433E+1
1000,301	69,433	70,000	5,970E+1
1000,301	69,433	70,000	5,973E+1
1000,301	69,309	70,000	6,467E+1
1002,765	69,309	70,000	6,470E+1
1002,765	69,309	70,000	6,473E+1
1005,228	69,275	70,000	6,609E+1
1005,228	69,275	70,000	6,612E+1
1005,228	69,480	70,000	5,803E+1
1007,691	69,480	70,000	5,805E+1
1007,691	69,480	70,000	5,808E+1
1010,153	69,590	70,000	5,372E+1
1010,153	69,590	70,000	5,374E+1
1010,153	69,677	70,000	5,035E+1
1012,616	69,677	70,000	5,037E+1
1012,616	69,677	70,000	5,038E+1
1015,080	69,524	70,000	5,644E+1
1015,080	69,524	70,000	5,646E+1
1015,080	69,542	70,000	5,575E+1
1017,543	69,542	70,000	5,577E+1
1017,543	69,542	70,000	5,579E+1
1020,006	69,471	70,000	5,862E+1
1020,006	69,471	70,000	5,865E+1
1020,006	69,424	70,000	6,055E+1
1022,464	69,424	70,000	6,058E+1
1022,464	69,379	70,000	6,060E+1
1024,927	69,379	70,000	6,243E+1
1024,927	69,379	70,000	6,246E+1
1024,927	69,575	70,000	5,470E+1
1027,390	69,575	70,000	5,472E+1
1027,390	69,528	70,000	5,474E+1
1029,854	69,528	70,000	5,664E+1
1029,854	69,528	70,000	5,666E+1
1032,318	69,619	70,000	5,306E+1
1032,318	69,619	70,000	5,308E+1
1032,318	69,809	70,000	5,309E+1
1034,781	69,809	70,000	4,558E+1
1034,781	69,809	70,000	4,559E+1
1037,244	69,680	70,000	5,069E+1
1037,244	69,680	70,000	5,071E+1
1037,244	69,748	70,000	4,805E+1
1039,708	69,748	70,000	4,806E+1
1039,708	69,748	70,000	4,807E+1
1042,171	69,644	70,000	5,218E+1
1042,171	69,644	70,000	5,220E+1
1042,171	69,791	70,000	4,643E+1
1044,634	69,791	70,000	4,644E+1
1044,634	69,791	70,000	4,645E+1
1047,098	69,559	70,000	5,561E+1
1047,098	69,559	70,000	5,563E+1
1047,098	69,437	70,000	6,048E+1
1049,563	69,437	70,000	6,051E+1
1049,563	69,437	70,000	6,053E+1
1052,027	69,466	70,000	5,941E+1
1052,027	69,466	70,000	5,943E+1
1052,027	69,451	70,000	6,007E+1
1054,490	69,451	70,000	6,010E+1
1054,490	69,648	70,000	6,012E+1
1056,951	69,648	70,000	5,234E+1
1056,951	69,648	70,000	5,236E+1
1056,951	69,690	70,000	5,071E+1
1059,415	69,690	70,000	5,072E+1
1059,415	69,715	70,000	5,074E+1
1061,878	69,715	70,000	4,974E+1
1061,878	69,715	70,000	4,975E+1
1064,341	69,614	70,000	5,379E+1
1064,341	69,614	70,000	5,381E+1
1064,341	69,785	70,000	5,382E+1
1066,805	69,785	70,000	4,706E+1
1066,805	69,785	70,000	4,707E+1
1069,266	69,853	70,000	4,437E+1
1069,266	69,853	70,000	4,438E+1
1069,266	69,493	70,000	5,865E+1
1071,730	69,493	70,000	5,867E+1
1071,730	69,493	70,000	5,869E+1
1074,193	69,573	70,000	5,557E+1
1074,193	69,573	70,000	5,559E+1
1074,193	69,576	70,000	5,547E+1
1076,656	69,576	70,000	5,549E+1
1076,656	69,576	70,000	5,550E+1
1079,120	69,520	70,000	5,774E+1
1079,120	69,520	70,000	5,776E+1
1079,120	69,691	70,000	5,105E+1
1081,579	69,691	70,000	5,106E+1
1081,579	69,691	70,000	5,108E+1
1084,045	69,686	70,000	5,125E+1
1084,045	69,686	70,000	5,126E+1
1084,045	69,702	70,000	5,066E+1
1086,508	69,702	70,000	5,068E+1
1086,508	69,702	70,000	5,069E+1
1088,973	69,702	70,000	5,070E+1
1088,973	69,702	70,000	5,072E+1
1088,973	69,745	70,000	4,905E+1
1091,435	69,745	70,000	4,906E+1
1091,435	69,689	70,000	4,907E+1
1093,898	69,689	70,000	5,130E+1
1093,898	69,689	70,000	5,132E+1
1096,359	69,751	70,000	4,883E+1
1096,359	69,751	70,000	4,884E+1
1096,359	69,694	70,000	4,886E+1
1098,823	69,694	70,000	5,115E+1
1098,823	69,694	70,000	5,116E+1
1101,288	69,738	70,000	4,943E+1
1101,288	69,738	70,000	4,944E+1
1101,288	69,753	70,000	4,886E+1
1103,750	69,753	70,000	4,887E+1
1103,750	69,753	70,000	4,888E+1
1106,213	69,793	70,000	4,733E+1
1106,213	69,793	70,000	4,734E+1
1106,213	69,511	70,000	5,852E+1
1108,676	69,511	70,000	5,854E+1
1108,676	69,511	70,000	5,856E+1
1111,140	69,734	70,000	4,971E+1
1111,140	69,734	70,000	4,972E+1
1111,140	69,483	70,000	5,970E+1
1113,599	69,483	70,000	5,972E+1
1113,599	69,483	70,000	5,975E+1
1116,063	69,651	70,000	5,309E+1
1116,063	69,651	70,000	5,311E+1
1116,063	69,600	70,000	5,515E+1
1118,526	69,600	70,000	5,516E+1
1118,526	69,556	70,000	5,518E+1
1120,989	69,556	70,000	5,696E+1
1120,989	69,556	70,000	5,698E+1
1120,989	69,395	70,000	6,336E+1
1123,451	69,395	70,000	6,339E+1
1123,451	69,248	70,000	6,342E+1
1125,914	69,248	70,000	6,931E+1
1125,914	69,248	70,000	6,934E+1
1128,375	69,344	70,000	6,555E+1
1128,375	69,344	70,000	6,558E+1
1128,375	69,441	70,000	6,561E+1
1130,839	69,441	70,000	6,180E+1
1130,839	69,441	70,000	6,182E+1
1133,302	69,544	70,000	5,777E+1
1133,302	69,544	70,000	5,779E+1
1133,302	69,523	70,000	5,866E+1
1135,766	69,523	70,000	5,868E+1
1135,766	69,523	70,000	5,870E+1
1138,227	69,362	70,000	6,510E+1
1138,227	69,362	70,000	6,513E+1
1138,227	69,395	70,000	6,383E+1
1140,690	69,395	70,000	6,386E+1
1140,690	69,395	70,000	6,389E+1
1143,154	69,488	70,000	6,023E+1
1143,154	69,488	70,000	6,025E+1
1143,154	69,514	70,000	5,925E+1
1145,619	69,514	70,000	5,927E+1
1145,619	69,514	70,000	5,929E+1
1148,083	69,475	70,000	6,086E+1
1148,083	69,475	70,000	6,088E+1
1148,083	69,440	70,000	6,231E+1
1150,546	69,440	70,000	6,234E+1
1150,546	69,411	70,000	6,236E+1
1153,010	69,411	70,000	6,354E+1
1153,010	69,411	70,000	6,356E+1
1153,010	69,630	70,000	5,487E+1
1155,473	69,630	70,000	5,489E+1
1155,473	69,607	70,000	5,491E+1
1157,936	69,607	70,000	5,586E+1
1157,936	69,607	70,000	5,587E+1
1157,936	69,687	70,000	5,272E+1
1160,400	69,687	70,000	5,273E+1
1160,400	69,773	70,000	5,275E+1
1162,857	69,773	70,000	4,934E+1
1162,857	69,773	70,000	4,935E+1
1165,321	69,848	70,000	4,640E+1
1165,321	69,848	70,000	4,641E+1
1165,321	69,580	70,000	4,642E+1
1167,784	69,580	70,000	5,704E+1
1167,784	69,580	70,000	5,706E+1
1170,247	69,663	70,000	5,377E+1
1170,247	69,663	70,000	5,379E+1
1170,247	69,519	70,000	5,955E+1
1172,709	69,519	70,000	5,957E+1
1172,709	69,519	70,000	5,959E+1
1175,171	69,541	70,000	5,872E+1
1175,171	69,541	70,000	5,874E+1
1175,171	69,658	70,000	5,413E+1
1177,634	69,658	70,000	5,414E+1
1177,634	69,658	70,000	5,416E+1
1180,093	69,714	70,000	5,196E+1
1180,093	69,714	70,000	5,197E+1
1180,093	69,826	70,000	4,754E+1
1182,557	69,826	70,000	4,755E+1
1182,557	69,767	70,000	4,756E+1
1185,018	69,767	70,000	4,992E+1
1185,018	69,767	70,000	4,994E+1
1185,018	69,760	70,000	5,022E+1
1187,481	69,760	70,000	5,023E+1
1187,481	69,826	70,000	5,025E+1
1189,945	69,826	70,000	4,762E+1
1189,945	69,826	70,000	4,763E+1
1189,945	69,758	70,000	5,033E+1
1192,406	69,758	70,000	5,034E+1
1192,406	69,824	70,000	5,035E+1
1194,872	69,824	70,000	4,775E+1
1194,872	69,824	70,000	4,776E+1
1197,335	69,709	70,000	5,232E+1
1197,335	69,709	70,000	5,233E+1
1197,335	69,751	70,000	5,235E+1
1199,798	69,751	70,000	5,068E+1
1199,798	69,751	70,000	5,069E+1
1202,260	69,718	70,000	5,205E+1
1202,260	69,718	70,000	5,206E+1
1202,260	69,755	70,000	5,059E+1
1204,723	69,755	70,000	5,060E+1
1204,723	69,755	70,000	5,061E+1
1207,186	69,660	70,000	5,440E+1
1207,186	69,660	70,000	5,442E+1
1207,186	69,567	70,000	5,812E+1
1209,648	69,567	70,000	5,814E+1
1209,648	69,567	70,000	5,816E+1
1212,111	69,450	70,000	6,281E+1
1212,111	69,450	70,000	6,284E+1
1212,111	69,597	70,000	5,702E+1
1214,573	69,597	70,000	5,704E+1
1214,573	69,580	70,000	5,706E+1
1217,036	69,580	70,000	5,775E+1
1217,036	69,580	70,000	5,777E+1
1217,036	69,706	70,000	5,281E+1
1219,497	69,706	70,000	5,283E+1
1219,497	69,713	70,000	5,284E+1
1221,961	69,713	70,000	5,257E+1
1221,961	69,713	70,000	5,259E+1
1221,961	69,714	70,000	5,254E+1
1224,424	69,714	70,000	5,255E+1
1224,424	69,573	70,000	5,257E+1
1226,888	69,573	70,000	5,817E+1
1226,888	69,573	70,000	5,819E+1
1229,351	69,513	70,000	6,056E+1
1229,351	69,513	70,000	6,058E+1
1229,351	69,551	70,000	6,061E+1
1231,815	69,551	70,000	5,914E+1
1231,815	69,551	70,000	5,916E+1
1234,278	69,585	70,000	5,784E+1
1234,278	69,585	70,000	5,786E+1
1234,278	69,673	70,000	5,439E+1
1236,739	69,673	70,000	5,440E+1
1236,739	69,673	70,000	5,442E+1
1239,203	69,554	70,000	5,913E+1
1239,203	69,554	70,000	5,915E+1
1239,203	69,622	70,000	5,649E+1
1241,666	69,622	70,000	5,651E+1
1241,666	69,622	70,000	5,653E+1
1244,130	69,713	70,000	5,296E+1
1244,130	69,713	70,000	5,297E+1
1244,130	69,731	70,000	5,225E+1
1246,595	69,731	70,000	5,226E+1
1246,595	69,731	70,000	5,227E+1
1249,054	69,758	70,000	5,120E+1
1249,054	69,758	70,000	5,121E+1
1249,054	69,548	70,000	5,956E+1
1251,516	69,548	70,000	5,958E+1
1251,516	69,702	70,000	5,960E+1
1253,973	69,702	70,000	5,352E+1
1253,973	69,702	70,000	5,353E+1
1253,973	69,600	70,000	5,757E+1
1256,436	69,600	70,000	5,759E+1
1256,436	69,701	70,000	5,760E+1
1258,894	69,701	70,000	5,366E+1
1258,894	69,701	70,000	5,367E+1
1261,355	69,716	70,000	5,307E+1
1261,355	69,716	70,000	5,309E+1
1261,355	69,636	70,000	5,310E+1
1263,819	69,636	70,000	5,628E+1
1263,819	69,636	70,000	5,630E+1
1266,282	69,547	70,000	5,982E+1
1266,282	69,547	70,000	5,984E+1
1266,282	69,578	70,000	5,863E+1
1268,745	69,578	70,000	5,865E+1
1268,745	69,578	70,000	5,867E+1
1271,209	69,677	70,000	5,481E+1
1271,209	69,677	70,000	5,482E+1
1271,209	69,843	70,000	4,824E+1
1273,670	69,843	70,000	4,825E+1
1273,670	69,843	70,000	4,825E+1
1276,134	69,856	70,000	4,773E+1
1276,134	69,856	70,000	4,773E+1
1276,134	69,921	70,000	4,518E+1
1278,597	69,921	70,000	4,519E+1
1278,597	69,921	70,000	4,519E+1
1281,059	69,809	70,000	4,963E+1
1281,059	69,809	70,000	4,964E+1
1281,059	69,758	70,000	5,167E+1
1283,522	69,758	70,000	5,168E+1
1283,522	69,739	70,000	5,169E+1
1285,983	69,739	70,000	5,243E+1
1285,983	69,739	70,000	5,245E+1
1285,983	69,738	70,000	5,254E+1
1288,447	69,738	70,000	5,255E+1
1288,447	69,790	70,000	5,256E+1
1290,908	69,790	70,000	5,047E+1
1290,908	69,790	70,000	5,048E+1
1293,372	69,666	70,000	5,541E+1
1293,372	69,666	70,000	5,542E+1
1293,372	69,663	70,000	5,544E+1
1295,835	69,663	70,000	5,559E+1
1295,835	69,663	70,000	5,560E+1
1298,298	69,681	70,000	5,489E+1
1298,298	69,681	70,000	5,490E+1
1298,298	69,736	70,000	5,276E+1
1300,762	69,736	70,000	5,277E+1
1300,762	69,736	70,000	5,278E+1
1303,223	69,762	70,000	5,176E+1
1303,223	69,762	70,000	5,177E+1
1303,223	69,835	70,000	4,891E+1
1305,687	69,835	70,000	4,892E+1
1305,687	69,835	70,000	4,893E+1
1308,146	69,853	70,000	4,818E+1
1308,146	69,853	70,000	4,819E+1
1308,146	69,723	70,000	5,336E+1
1310,609	69,723	70,000	5,338E+1
1310,609	69,723	70,000	5,339E+1
1313,073	69,650	70,000	5,631E+1
1313,073	69,650	70,000	5,633E+1
1313,073	69,602	70,000	5,823E+1
1315,536	69,602	70,000	5,825E+1
1315,536	69,776	70,000	5,826E+1
1317,997	69,776	70,000	5,137E+1
1317,997	69,776	70,000	5,138E+1
1317,997	69,551	70,000	6,032E+1
1320,461	69,551	70,000	6,034E+1
1320,461	69,658	70,000	6,036E+1
1322,924	69,658	70,000	5,614E+1
1322,924	69,658	70,000	5,616E+1
1325,390	69,663	70,000	5,598E+1
1325,390	69,663	70,000	5,599E+1
1325,390	69,736	70,000	5,601E+1
1327,853	69,736	70,000	5,313E+1
1327,853	69,736	70,000	5,314E+1
1330,314	69,572	70,000	5,965E+1
1330,314	69,572	70,000	5,967E+1
1330,314	69,641	70,000	5,696E+1
1332,704	69,641	70,000	5,697E+1
1332,704	69,641	70,000	5,699E+1
1335,093	69,672	70,000	5,580E+1
1335,093	69,672	70,000	5,581E+1
1335,093	69,668	70,000	5,596E+1
1337,480	69,668	70,000	5,598E+1
1337,480	69,549	70,000	5,599E+1
1339,868	69,549	70,000	6,070E+1
1339,868	69,549	70,000	6,073E+1
1342,261	69,580	70,000	5,954E+1
1342,261	69,580	70,000	5,956E+1
1342,261	69,637	70,000	5,730E+1
1344,646	69,637	70,000	5,731E+1
1344,646	69,631	70,000	5,733E+1
1347,036	69,631	70,000	5,760E+1
1347,036	69,631	70,000	5,762E+1
1349,423	69,594	70,000	5,912E+1
1349,423	69,594	70,000	5,914E+1
1349,423	69,585	70,000	5,916E+1
1351,812	69,585	70,000	5,951E+1
1351,812	69,585	70,000	5,953E+1
1354,201	69,492	70,000	6,324E+1
1354,201	69,492	70,000	6,326E+1
1354,201	69,470	70,000	6,415E+1
1356,589	69,470	70,000	6,418E+1
1356,589	69,466	70,000	6,420E+1
1358,980	69,466	70,000	6,438E+1
1358,980	69,466	70,000	6,441E+1
1361,365	69,516	70,000	6,247E+1
1361,365	69,516	70,000	6,249E+1
1361,365	69,584	70,000	5,982E+1
1363,749	69,584	70,000	5,984E+1
1363,749	69,584	70,000	5,986E+1
1366,138	69,576	70,000	6,015E+1
1366,138	69,576	70,000	6,017E+1
1366,138	69,702	70,000	5,522E+1
1368,529	69,702	70,000	5,523E+1
1368,529	69,524	70,000	5,525E+1
1370,917	69,524	70,000	6,231E+1
1370,917	69,524	70,000	6,233E+1
1373,304	69,376	70,000	6,822E+1
1373,304	69,376	70,000	6,825E+1
1373,304	69,602	70,000	5,932E+1
1375,693	69,602	70,000	5,934E+1
1375,693	69,757	70,000	5,936E+1
1378,081	69,757	70,000	5,325E+1
1378,081	69,757	70,000	5,327E+1
1378,081	69,763	70,000	5,302E+1
1380,470	69,763	70,000	5,303E+1
1380,470	69,772	70,000	5,304E+1
1382,857	69,772	70,000	5,271E+1
1382,857	69,772	70,000	5,272E+1
1385,247	69,832	70,000	5,036E+1
1385,247	69,832	70,000	5,037E+1
1385,247	69,871	70,000	4,879E+1
1387,636	69,871	70,000	4,879E+1
1387,636	69,692	70,000	4,880E+1
1390,023	69,692	70,000	5,592E+1
1390,023	69,692	70,000	5,593E+1
1392,411	69,765	70,000	5,305E+1
1392,411	69,765	70,000	5,306E+1
1392,411	69,789	70,000	5,307E+1
1394,800	69,789	70,000	5,213E+1
1394,800	69,789	70,000	5,214E+1
1397,187	69,870	70,000	4,892E+1
1397,187	69,870	70,000	4,893E+1
1397,187	69,892	70,000	4,808E+1
1399,577	69,892	70,000	4,809E+1
1399,577	69,825	70,000	4,809E+1
1401,966	69,825	70,000	5,077E+1
1401,966	69,825	70,000	5,078E+1
1404,353	69,820	70,000	5,099E+1
1404,353	69,820	70,000	5,099E+1
1404,353	69,865	70,000	4,920E+1
1406,743	69,865	70,000	4,921E+1
1406,743	69,865	70,000	4,921E+1
1409,130	69,869	70,000	4,908E+1
1409,130	69,869	70,000	4,909E+1
1409,130	69,687	70,000	5,628E+1
1411,517	69,687	70,000	5,630E+1
1411,517	69,559	70,000	5,631E+1
1413,905	69,559	70,000	6,138E+1
1413,905	69,559	70,000	6,140E+1
1416,294	69,689	70,000	5,631E+1
1416,294	69,689	70,000	5,632E+1
1416,294	69,751	70,000	5,384E+1
1418,681	69,751	70,000	5,385E+1
1418,681	69,907	70,000	5,386E+1
1421,071	69,907	70,000	4,769E+1
1421,071	69,907	70,000	4,769E+1
1421,071	69,957	70,000	4,576E+1
1423,462	69,957	70,000	4,576E+1
1423,462	69,962	70,000	4,576E+1
1425,851	69,962	70,000	4,554E+1
1425,851	69,962	70,000	4,555E+1
1428,243	69,967	70,000	4,535E+1
1428,243	69,967	70,000	4,535E+1
1428,243	69,921	70,000	4,718E+1
1430,628	69,921	70,000	4,718E+1
1430,628	69,834	70,000	4,718E+1
1433,019	69,834	70,000	5,061E+1
1433,019	69,834	70,000	5,062E+1
1435,409	69,746	70,000	5,412E+1
1435,409	69,746	70,000	5,413E+1
1435,409	69,773	70,000	5,414E+1
1437,798	69,773	70,000	5,308E+1
1437,798	69,773	70,000	5,309E+1
1440,187	69,654	70,000	5,782E+1
1440,187	69,654	70,000	5,783E+1
1440,187	69,531	70,000	6,276E+1
1442,579	69,531	70,000	6,278E+1
1442,579	69,470	70,000	6,280E+1
1444,966	69,470	70,000	6,522E+1
1444,966	69,470	70,000	6,524E+1
1447,355	69,488	70,000	6,454E+1
1447,355	69,488	70,000	6,456E+1
1447,355	69,485	70,000	6,472E+1
1449,743	69,485	70,000	6,474E+1
1449,743	69,485	70,000	6,477E+1
1452,134	69,419	70,000	6,741E+1
1452,134	69,419	70,000	6,743E+1
1452,134	69,601	70,000	6,027E+1
1454,521	69,601	70,000	6,028E+1
1454,521	69,594	70,000	6,030E+1
1456,910	69,594	70,000	6,058E+1
1456,910	69,594	70,000	6,060E+1
1459,298	69,443	70,000	6,660E+1
1459,298	69,443	70,000	6,662E+1
1459,298	69,333	70,000	7,103E+1
1461,687	69,333	70,000	7,106E+1
1461,687	69,485	70,000	7,109E+1
1464,076	69,485	70,000	6,507E+1
1464,076	69,485	70,000	6,510E+1
1466,466	69,419	70,000	6,774E+1
1466,466	69,419	70,000	6,776E+1
1466,466	69,502	70,000	6,779E+1
1468,853	69,502	70,000	6,453E+1
1468,853	69,502	70,000	6,455E+1
1471,242	69,480	70,000	6,544E+1
1471,242	69,480	70,000	6,547E+1
1471,242	69,582	70,000	6,145E+1
1473,632	69,582	70,000	6,147E+1
1473,632	69,602	70,000	6,149E+1
1476,021	69,602	70,000	6,071E+1
1476,021	69,602	70,000	6,073E+1
1478,408	69,577	70,000	6,174E+1
1478,408	69,577	70,000	6,176E+1
1478,408	69,559	70,000	6,178E+1
1480,798	69,559	70,000	6,249E+1
1480,798	69,559	70,000	6,251E+1
1483,183	69,805	70,000	5,278E+1
1483,183	69,805	70,000	5,279E+1
1483,183	69,736	70,000	5,555E+1
1485,572	69,736	70,000	5,557E+1
1485,572	69,659	70,000	5,558E+1
1487,959	69,659	70,000	5,866E+1
1487,959	69,659	70,000	5,868E+1
1490,351	69,732	70,000	5,576E+1
1490,351	69,732	70,000	5,577E+1
1490,351	69,731	70,000	5,584E+1
1492,740	69,731	70,000	5,585E+1
1492,740	69,731	70,000	5,587E+1
1495,127	69,776	70,000	5,408E+1
1495,127	69,776	70,000	5,409E+1
1495,127	69,738	70,000	5,564E+1
1497,517	69,738	70,000	5,565E+1
1497,517	69,743	70,000	5,566E+1
1499,906	69,743	70,000	5,548E+1
1499,906	69,743	70,000	5,549E+1
1502,289	69,710	70,000	5,677E+1
1502,289	69,710	70,000	5,678E+1
1502,289	69,858	70,000	5,095E+1
1504,679	69,858	70,000	5,096E+1
1504,679	69,775	70,000	5,096E+1
1507,066	69,775	70,000	5,426E+1
1507,066	69,775	70,000	5,427E+1
1509,455	69,589	70,000	6,167E+1
1509,455	69,589	70,000	6,169E+1
1509,455	69,631	70,000	6,171E+1
1511,845	69,631	70,000	6,004E+1
1511,845	69,631	70,000	6,006E+1
1514,232	69,392	70,000	6,956E+1
1514,232	69,392	70,000	6,959E+1
1514,232	69,599	70,000	6,140E+1
1516,623	69,599	70,000	6,142E+1
1516,623	69,707	70,000	6,143E+1
1519,009	69,707	70,000	5,717E+1
1519,009	69,707	70,000	5,719E+1
1521,396	69,867	70,000	5,086E+1
1521,396	69,867	70,000	5,087E+1
1521,396	69,736	70,000	5,087E+1
1523,787	69,736	70,000	5,607E+1
1523,787	69,736	70,000	5,608E+1
1526,178	69,714	70,000	5,696E+1
1526,178	69,714	70,000	5,698E+1
1526,178	69,673	70,000	5,861E+1
1528,566	69,673	70,000	5,863E+1
1528,566	69,710	70,000	5,864E+1
1530,955	69,710	70,000	5,717E+1
1530,955	69,710	70,000	5,719E+1
1533,344	69,796	70,000	5,383E+1
1533,344	69,796	70,000	5,384E+1
1533,344	69,912	70,000	4,921E+1
1535,734	69,912	70,000	4,922E+1
1535,734	69,926	70,000	4,922E+1
1538,121	69,926	70,000	4,869E+1
1538,121	69,926	70,000	4,869E+1
1538,121	69,845	70,000	5,193E+1
1540,510	69,845	70,000	5,193E+1
1540,510	69,753	70,000	5,194E+1
1542,899	69,753	70,000	5,557E+1
1542,899	69,753	70,000	5,558E+1
1545,287	69,812	70,000	5,324E+1
1545,287	69,812	70,000	5,325E+1
1545,287	69,572	70,000	6,280E+1
1547,676	69,572	70,000	6,282E+1
1547,676	69,588	70,000	6,284E+1
1550,065	69,588	70,000	6,219E+1
1550,065	69,588	70,000	6,221E+1
1552,453	69,572	70,000	6,290E+1
1552,453	69,572	70,000	6,292E+1
1552,453	69,710	70,000	6,294E+1
1554,842	69,710	70,000	5,745E+1
1554,842	69,710	70,000	5,746E+1
1557,229	69,799	70,000	5,397E+1
1557,229	69,799	70,000	5,398E+1
1557,229	69,780	70,000	5,472E+1
1559,617	69,780	70,000	5,473E+1
1559,617	69,743	70,000	5,474E+1
1562,004	69,743	70,000	5,624E+1
1562,004	69,743	70,000	5,625E+1
1564,391	69,711	70,000	5,753E+1
1564,391	69,711	70,000	5,754E+1
1564,391	69,643	70,000	5,755E+1
1566,779	69,643	70,000	6,026E+1
1566,779	69,643	70,000	6,028E+1
1569,168	69,655	70,000	5,984E+1
1569,168	69,655	70,000	5,985E+1
1569,168	69,763	70,000	5,557E+1
1571,553	69,763	70,000	5,558E+1
1571,553	69,857	70,000	5,559E+1
1573,942	69,857	70,000	5,190E+1
1573,942	69,857	70,000	5,190E+1
1576,332	69,829	70,000	5,298E+1
1576,332	69,829	70,000	5,299E+1
1576,332	69,790	70,000	5,456E+1
1578,719	69,790	70,000	5,457E+1
1578,719	69,779	70,000	5,458E+1
1581,109	69,779	70,000	5,504E+1
1581,109	69,779	70,000	5,505E+1
1583,500	69,770	70,000	5,540E+1
1583,500	69,770	70,000	5,541E+1
1583,500	69,871	70,000	5,542E+1
1585,889	69,871	70,000	5,141E+1
1585,889	69,871	70,000	5,142E+1
1588,276	69,833	70,000	5,295E+1
1588,276	69,833	70,000	5,295E+1
1588,276	69,684	70,000	5,889E+1
1590,666	69,684	70,000	5,890E+1
1590,666	69,791	70,000	5,891E+1
1593,055	69,791	70,000	5,469E+1
1593,055	69,791	70,000	5,470E+1
1595,442	69,749	70,000	5,633E+1
1595,442	69,749	70,000	5,634E+1
1595,442	69,895	70,000	5,635E+1
1597,830	69,895	70,000	5,058E+1
1597,830	69,895	70,000	5,059E+1
1600,219	69,895	70,000	5,059E+1
1600,219	69,895	70,000	5,060E+1
1600,219	69,826	70,000	5,335E+1
1602,608	69,826	70,000	5,336E+1
1602,608	69,690	70,000	5,337E+1
1604,994	69,690	70,000	5,877E+1
1604,994	69,690	70,000	5,878E+1
1607,383	69,651	70,000	6,034E+1
1607,383	69,651	70,000	6,036E+1
1607,383	69,680	70,000	5,920E+1
1609,772	69,680	70,000	5,922E+1
1609,772	69,680	70,000	5,923E+1
1612,162	69,828	70,000	5,340E+1
1612,162	69,828	70,000	5,341E+1
1612,162	69,770	70,000	5,571E+1
1614,549	69,770	70,000	5,572E+1
1614,549	69,580	70,000	5,574E+1
1616,938	69,580	70,000	6,327E+1
1616,938	69,580	70,000	6,329E+1
1619,327	69,634	70,000	6,117E+1
1619,327	69,634	70,000	6,119E+1
1619,327	69,777	70,000	5,554E+1
1621,715	69,777	70,000	5,555E+1
1621,715	69,748	70,000	5,556E+1
1624,104	69,748	70,000	5,672E+1
1624,104	69,748	70,000	5,673E+1
1626,495	69,853	70,000	5,258E+1
1626,495	69,853	70,000	5,259E+1
1626,495	69,904	70,000	5,259E+1
1628,887	69,904	70,000	5,058E+1
1628,887	69,904	70,000	5,058E+1
1631,274	69,750	70,000	5,671E+1
1631,274	69,750	70,000	5,672E+1
1631,274	69,840	70,000	5,315E+1
1633,663	69,840	70,000	5,315E+1
1633,663	69,857	70,000	5,316E+1
1636,053	69,857	70,000	5,252E+1
1636,053	69,857	70,000	5,252E+1
1638,438	69,853	70,000	5,265E+1
1638,438	69,853	70,000	5,265E+1
1638,438	69,814	70,000	5,266E+1
1640,827	69,814	70,000	5,423E+1
1640,827	69,814	70,000	5,424E+1
1643,217	69,874	70,000	5,189E+1
1643,217	69,874	70,000	5,190E+1
1643,217	69,904	70,000	5,069E+1
1645,604	69,904	70,000	5,070E+1
1645,604	69,856	70,000	5,070E+1
1647,995	69,856	70,000	5,259E+1
1647,995	69,856	70,000	5,260E+1
1650,384	69,867	70,000	5,221E+1
1650,384	69,867	70,000	5,221E+1
1650,384	69,788	70,000	5,531E+1
1652,772	69,788	70,000	5,532E+1
1652,772	69,788	70,000	5,533E+1
1655,159	69,808	70,000	5,458E+1
1655,159	69,808	70,000	5,459E+1
1655,159	69,777	70,000	5,581E+1
1657,622	69,777	70,000	5,582E+1
1657,622	69,812	70,000	5,583E+1
1660,086	69,812	70,000	5,443E+1
1660,086	69,812	70,000	5,444E+1
1660,086	69,802	70,000	5,487E+1
1662,549	69,802	70,000	5,488E+1
1662,549	69,787	70,000	5,488E+1
1665,011	69,787	70,000	5,549E+1
1665,011	69,787	70,000	5,550E+1
1667,474	69,855	70,000	5,283E+1
1667,474	69,855	70,000	5,284E+1
1667,474	69,765	70,000	5,285E+1
1669,938	69,765	70,000	5,640E+1
1669,938	69,765	70,000	5,641E+1
1672,401	69,768	70,000	5,628E+1
1672,401	69,768	70,000	5,629E+1
1672,401	69,686	70,000	5,630E+1
1674,863	69,686	70,000	5,956E+1
1674,863	69,686	70,000	5,958E+1
1677,324	69,685	70,000	5,965E+1
1677,324	69,685	70,000	5,966E+1
1677,324	69,822	70,000	5,423E+1
1679,713	69,822	70,000	5,424E+1
1679,713	69,863	70,000	5,425E+1
1682,101	69,863	70,000	5,265E+1
1682,101	69,863	70,000	5,266E+1
1684,490	69,959	70,000	4,888E+1
1684,490	69,959	70,000	4,888E+1
1684,490	69,805	70,000	4,888E+1
1686,879	69,805	70,000	5,495E+1
1686,879	69,805	70,000	5,495E+1
1689,269	69,726	70,000	5,811E+1
1689,269	69,726	70,000	5,813E+1
1689,269	69,600	70,000	6,311E+1
1691,658	69,600	70,000	6,313E+1
1691,658	69,578	70,000	6,315E+1
1694,049	69,578	70,000	6,404E+1
1694,049	69,578	70,000	6,406E+1
1696,439	69,471	70,000	6,831E+1
1696,439	69,471	70,000	6,834E+1
1696,439	69,599	70,000	6,836E+1
1698,828	69,599	70,000	6,335E+1
1698,828	69,599	70,000	6,337E+1
1701,218	69,646	70,000	6,151E+1
1701,218	69,646	70,000	6,152E+1
1701,218	69,687	70,000	5,991E+1
1703,607	69,687	70,000	5,993E+1
1703,607	69,734	70,000	5,994E+1
1705,999	69,734	70,000	5,808E+1
1705,999	69,734	70,000	5,809E+1
1708,385	69,779	70,000	5,636E+1
1708,385	69,779	70,000	5,637E+1
1708,385	69,709	70,000	5,913E+1
1710,773	69,709	70,000	5,914E+1
1710,773	69,742	70,000	5,916E+1
1713,162	69,742	70,000	5,788E+1
1713,162	69,742	70,000	5,789E+1
1713,162	69,907	70,000	5,133E+1
1715,551	69,907	70,000	5,133E+1
1715,551	69,922	70,000	5,134E+1
1717,941	69,922	70,000	5,075E+1
1717,941	69,922	70,000	5,075E+1
1720,332	69,777	70,000	5,652E+1
1720,332	69,777	70,000	5,653E+1
1720,332	69,889	70,000	5,210E+1
1722,721	69,889	70,000	5,210E+1
1722,721	69,889	70,000	5,211E+1
1725,183	69,820	70,000	5,487E+1
1725,183	69,820	70,000	5,488E+1
1725,183	69,819	70,000	5,490E+1
1727,646	69,819	70,000	5,491E+1
1727,646	69,722	70,000	5,492E+1
1730,109	69,722	70,000	5,875E+1
1730,109	69,722	70,000	5,877E+1
1730,109	69,739	70,000	5,810E+1
1732,569	69,739	70,000	5,812E+1
1732,569	69,888	70,000	5,813E+1
1735,032	69,888	70,000	5,224E+1
1735,032	69,888	70,000	5,224E+1
1737,494	69,875	70,000	5,278E+1
1737,494	69,875	70,000	5,279E+1
1737,494	70,004	70,000	5,279E+1
1739,957	70,004	70,000	4,769E+1
1739,957	70,004	70,000	4,769E+1
1742,418	70,066	70,000	4,521E+1
1742,418	70,066	70,000	4,521E+1
1742,418	70,026	70,000	4,520E+1
1744,880	70,026	70,000	4,681E+1
1744,880	70,026	70,000	4,680E+1
1747,341	69,940	70,000	5,021E+1
1747,341	69,940	70,000	5,021E+1
1747,341	69,865	70,000	5,022E+1
1749,805	69,865	70,000	5,319E+1
1749,805	69,865	70,000	5,320E+1
1752,268	69,959	70,000	4,950E+1
1752,268	69,959	70,000	4,950E+1
1752,268	70,036	70,000	4,641E+1
1754,729	70,036	70,000	4,641E+1
1754,729	70,036	70,000	4,641E+1
1757,191	69,899	70,000	5,185E+1
1757,191	69,899	70,000	5,186E+1
1757,191	69,799	70,000	5,583E+1
1759,654	69,799	70,000	5,583E+1
1759,654	69,733	70,000	5,584E+1
1762,120	69,733	70,000	5,849E+1
1762,120	69,733	70,000	5,850E+1
1762,120	69,793	70,000	5,609E+1
1764,587	69,793	70,000	5,610E+1
1764,587	69,867	70,000	5,611E+1
1767,049	69,867	70,000	5,323E+1
1767,049	69,867	70,000	5,324E+1
1769,512	69,763	70,000	5,734E+1
1769,512	69,763	70,000	5,735E+1
1769,512	69,936	70,000	5,736E+1
1771,979	69,936	70,000	5,050E+1
1771,979	69,936	70,000	5,050E+1
1774,443	69,863	70,000	5,340E+1
1774,443	69,863	70,000	5,341E+1
1774,443	69,772	70,000	5,341E+1
1776,906	69,772	70,000	5,706E+1
1776,906	69,772	70,000	5,707E+1
1779,368	69,687	70,000	6,043E+1
1779,368	69,687	70,000	6,045E+1
1779,368	69,516	70,000	6,046E+1
1781,831	69,516	70,000	6,727E+1
1781,831	69,516	70,000	6,729E+1
1784,292	69,672	70,000	6,111E+1
1784,292	69,672	70,000	6,113E+1
1784,292	69,575	70,000	6,501E+1
1786,756	69,575	70,000	6,502E+1
1786,756	69,575	70,000	6,504E+1
1789,215	69,782	70,000	5,684E+1
1789,215	69,782	70,000	5,685E+1
1789,215	69,706	70,000	5,987E+1
1791,678	69,706	70,000	5,989E+1
1791,678	69,770	70,000	5,990E+1
1794,142	69,770	70,000	5,738E+1
1794,142	69,770	70,000	5,739E+1
1794,142	69,701	70,000	6,015E+1
1796,605	69,701	70,000	6,016E+1
1796,605	69,627	70,000	6,018E+1
1799,069	69,627	70,000	6,308E+1
1799,069	69,627	70,000	6,310E+1
1801,530	69,651	70,000	6,217E+1
1801,530	69,651	70,000	6,218E+1
1801,530	69,820	70,000	6,220E+1
1803,994	69,820	70,000	5,556E+1
1803,994	69,820	70,000	5,557E+1
1806,455	69,767	70,000	5,767E+1
1806,455	69,767	70,000	5,768E+1
1806,455	69,696	70,000	5,769E+1
1808,921	69,696	70,000	6,052E+1
1808,921	69,696	70,000	6,053E+1
1811,382	69,663	70,000	6,181E+1
1811,382	69,663	70,000	6,183E+1
1811,382	69,721	70,000	6,184E+1
1813,845	69,721	70,000	5,960E+1
1813,845	69,721	70,000	5,961E+1
1816,307	69,572	70,000	6,553E+1
1816,307	69,572	70,000	6,555E+1
1816,307	69,594	70,000	6,470E+1
1818,772	69,594	70,000	6,471E+1
1818,772	69,594	70,000	6,473E+1
1821,236	69,516	70,000	6,784E+1
1821,236	69,516	70,000	6,786E+1
1821,236	69,338	70,000	7,494E+1
1823,621	69,338	70,000	7,497E+1
1823,621	69,477	70,000	7,500E+1
1826,011	69,477	70,000	6,952E+1
1826,011	69,477	70,000	6,954E+1
1828,400	69,523	70,000	6,775E+1
1828,400	69,523	70,000	6,777E+1
1828,400	69,446	70,000	6,779E+1
1830,789	69,446	70,000	7,084E+1
1830,789	69,588	70,000	7,087E+1
1833,179	69,588	70,000	6,525E+1
1833,179	69,588	70,000	6,526E+1
1835,566	69,900	70,000	5,292E+1
1835,566	69,900	70,000	5,292E+1
1835,566	69,918	70,000	5,293E+1
1837,951	69,918	70,000	5,224E+1
1837,951	69,918	70,000	5,224E+1
1840,343	69,784	70,000	5,758E+1
1840,343	69,784	70,000	5,759E+1
1840,343	69,832	70,000	5,569E+1
1842,732	69,832	70,000	5,570E+1
1842,732	69,809	70,000	5,571E+1
1845,119	69,809	70,000	5,661E+1
1845,119	69,809	70,000	5,662E+1
1847,509	69,760	70,000	5,857E+1
1847,509	69,760	70,000	5,858E+1
1847,509	69,960	70,000	5,859E+1
1849,896	69,960	70,000	5,068E+1
1849,896	69,960	70,000	5,068E+1
1852,285	69,827	70,000	5,597E+1
1852,285	69,827	70,000	5,598E+1
1852,285	69,840	70,000	5,547E+1
1854,670	69,840	70,000	5,548E+1
1854,670	69,825	70,000	5,548E+1
1857,058	69,825	70,000	5,609E+1
1857,058	69,825	70,000	5,609E+1
1859,447	69,943	70,000	5,141E+1
1859,447	69,943	70,000	5,141E+1
1859,447	69,821	70,000	5,141E+1
1861,835	69,821	70,000	5,625E+1
1861,835	69,821	70,000	5,626E+1
1864,222	69,731	70,000	5,983E+1
1864,222	69,731	70,000	5,984E+1
1864,222	69,699	70,000	6,112E+1
1866,611	69,699	70,000	6,114E+1
1866,611	69,731	70,000	6,115E+1
1868,998	69,731	70,000	5,989E+1
1868,998	69,731	70,000	5,991E+1
1871,386	69,805	70,000	5,697E+1
1871,386	69,805	70,000	5,698E+1
1871,386	69,787	70,000	5,772E+1
1873,775	69,787	70,000	5,773E+1
1873,775	69,814	70,000	5,774E+1
1876,165	69,814	70,000	5,668E+1
1876,165	69,814	70,000	5,669E+1
1878,554	69,695	70,000	6,139E+1
1878,554	69,695	70,000	6,140E+1
1878,554	69,812	70,000	6,142E+1
1880,943	69,812	70,000	5,679E+1
1880,943	69,812	70,000	5,680E+1
1883,332	69,755	70,000	5,911E+1
1883,332	69,755	70,000	5,912E+1
1883,332	69,563	70,000	6,672E+1
1885,720	69,563	70,000	6,674E+1
1885,720	69,558	70,000	6,676E+1
1888,109	69,558	70,000	6,700E+1
1888,109	69,558	70,000	6,702E+1
1890,501	69,636	70,000	6,393E+1
1890,501	69,636	70,000	6,394E+1
1890,501	69,805	70,000	6,396E+1
1892,886	69,805	70,000	5,726E+1
1892,886	69,805	70,000	5,727E+1
1895,277	69,699	70,000	6,150E+1
1895,277	69,699	70,000	6,151E+1
1895,277	69,780	70,000	5,831E+1
1897,666	69,780	70,000	5,832E+1
1897,666	69,760	70,000	5,833E+1
1900,054	69,760	70,000	5,914E+1
1900,054	69,760	70,000	5,915E+1
1902,444	69,895	70,000	5,379E+1
1902,444	69,895	70,000	5,379E+1
1902,444	69,848	70,000	5,380E+1
1904,833	69,848	70,000	5,569E+1
1904,833	69,843	70,000	5,569E+1
1907,222	69,843	70,000	5,590E+1
1907,222	69,843	70,000	5,590E+1
1907,222	69,903	70,000	5,355E+1
1909,609	69,903	70,000	5,356E+1
1909,609	70,069	70,000	5,356E+1
1911,997	70,069	70,000	4,699E+1
1911,997	70,069	70,000	4,699E+1
1914,388	69,957	70,000	5,142E+1
1914,388	69,957	70,000	5,142E+1
1914,388	70,142	70,000	4,410E+1
1916,773	70,142	70,000	4,409E+1
1916,773	70,147	70,000	4,408E+1
1919,162	70,147	70,000	4,386E+1
1919,162	70,147	70,000	4,385E+1
1921,552	70,213	70,000	4,123E+1
1921,552	70,213	70,000	4,122E+1
1921,552	70,019	70,000	4,121E+1
1923,941	70,019	70,000	4,889E+1
1923,941	70,019	70,000	4,889E+1
1926,331	69,981	70,000	5,041E+1
1926,331	69,981	70,000	5,041E+1
1926,331	70,031	70,000	4,839E+1
1928,720	70,031	70,000	4,839E+1
1928,720	70,035	70,000	4,839E+1
1931,109	70,035	70,000	4,827E+1
1931,109	70,035	70,000	4,827E+1
1933,497	69,933	70,000	5,231E+1
1933,497	69,933	70,000	5,231E+1
1933,497	70,005	70,000	5,231E+1
1935,884	70,005	70,000	4,946E+1
1935,884	70,005	70,000	4,946E+1
1938,273	69,972	70,000	5,077E+1
1938,273	69,972	70,000	5,077E+1
1938,273	69,943	70,000	5,190E+1
1940,662	69,943	70,000	5,191E+1
1940,662	69,767	70,000	5,191E+1
1943,052	69,767	70,000	5,890E+1
1943,052	69,767	70,000	5,891E+1
1945,443	69,787	70,000	5,811E+1
1945,443	69,787	70,000	5,812E+1
1945,443	69,750	70,000	5,813E+1
1947,833	69,750	70,000	5,961E+1
1947,833	69,897	70,000	5,962E+1
1950,220	69,897	70,000	5,381E+1
1950,220	69,897	70,000	5,381E+1
1952,610	69,841	70,000	5,603E+1
1952,610	69,841	70,000	5,604E+1
1952,610	69,727	70,000	5,605E+1
1954,999	69,727	70,000	6,055E+1
1954,999	69,727	70,000	6,057E+1
1957,386	69,620	70,000	6,482E+1
1957,386	69,620	70,000	6,483E+1
1957,386	69,655	70,000	6,350E+1
1959,776	69,655	70,000	6,352E+1
1959,776	69,819	70,000	6,354E+1
1962,165	69,819	70,000	5,703E+1
1962,165	69,819	70,000	5,704E+1
1964,550	69,867	70,000	5,517E+1
1964,550	69,867	70,000	5,517E+1
1964,550	69,868	70,000	5,518E+1
1966,940	69,868	70,000	5,511E+1
1966,940	69,868	70,000	5,511E+1
1969,329	69,846	70,000	5,599E+1
1969,329	69,846	70,000	5,600E+1
1969,329	69,855	70,000	5,569E+1
1971,716	69,855	70,000	5,569E+1
1971,716	69,906	70,000	5,570E+1
1974,104	69,906	70,000	5,367E+1
1974,104	69,906	70,000	5,367E+1
1976,493	69,826	70,000	5,684E+1
1976,493	69,826	70,000	5,685E+1
1976,493	69,858	70,000	5,686E+1
1978,882	69,858	70,000	5,558E+1
1978,882	69,858	70,000	5,559E+1
1981,270	69,871	70,000	5,508E+1
1981,270	69,871	70,000	5,508E+1
1981,270	69,895	70,000	5,414E+1
1983,659	69,895	70,000	5,414E+1
1983,659	69,892	70,000	5,415E+1
1986,050	69,892	70,000	5,427E+1
1986,050	69,892	70,000	5,428E+1
1988,442	69,984	70,000	5,066E+1
1988,442	69,984	70,000	5,066E+1
1988,442	69,892	70,000	5,066E+1
1990,829	69,892	70,000	5,430E+1
1990,829	69,840	70,000	5,431E+1
1993,218	69,840	70,000	5,639E+1
1993,218	69,840	70,000	5,640E+1
1995,607	69,941	70,000	5,239E+1
1995,607	69,941	70,000	5,239E+1
1995,607	69,977	70,000	5,239E+1
1997,994	69,977	70,000	5,097E+1
1997,994	69,977	70,000	5,097E+1
2000,384	69,976	70,000	5,103E+1
2000,384	69,976	70,000	5,103E+1
2000,384	70,052	70,000	4,802E+1
2002,773	70,052	70,000	4,802E+1
2002,773	69,951	70,000	4,802E+1
2005,162	69,951	70,000	5,198E+1
2005,162	69,951	70,000	5,198E+1
2007,550	70,041	70,000	4,841E+1
2007,550	70,041	70,000	4,841E+1
2007,550	70,060	70,000	4,841E+1
2009,939	70,060	70,000	4,767E+1
2009,939	70,060	70,000	4,767E+1
2012,325	70,132	70,000	4,484E+1
2012,325	70,132	70,000	4,483E+1
2012,325	70,101	70,000	4,603E+1
2014,712	70,101	70,000	4,603E+1
2014,712	70,011	70,000	4,602E+1
2017,103	70,011	70,000	4,959E+1
2017,103	70,011	70,000	4,958E+1
2019,493	69,992	70,000	5,034E+1
2019,493	69,992	70,000	5,034E+1
2019,493	69,948	70,000	5,034E+1
2021,882	69,948	70,000	5,208E+1
2021,882	70,019	70,000	5,208E+1
2024,267	70,019	70,000	4,925E+1
2024,267	70,019	70,000	4,925E+1
2024,267	70,001	70,000	5,000E+1
2026,656	70,001	70,000	5,000E+1
2026,656	69,917	70,000	5,000E+1
2029,043	69,917	70,000	5,329E+1
2029,043	69,917	70,000	5,330E+1
2031,431	69,872	70,000	5,510E+1
2031,431	69,872	70,000	5,511E+1
2031,431	69,983	70,000	5,511E+1
2033,820	69,983	70,000	5,074E+1
2033,820	69,822	70,000	5,074E+1
2036,135	69,822	70,000	5,708E+1
2036,135	69,822	70,000	5,709E+1
2038,452	69,698	70,000	6,201E+1
2038,452	69,698	70,000	6,203E+1
2038,452	69,561	70,000	6,749E+1
2040,768	69,561	70,000	6,751E+1
2040,768	69,619	70,000	6,753E+1
2043,083	69,619	70,000	6,525E+1
2043,083	69,619	70,000	6,527E+1
2045,396	69,580	70,000	6,683E+1
2045,396	69,580	70,000	6,685E+1
2045,396	69,544	70,000	6,829E+1
2047,709	69,544	70,000	6,831E+1
2047,709	69,694	70,000	6,833E+1
2050,024	69,694	70,000	6,243E+1
2050,024	69,694	70,000	6,245E+1
2052,338	69,599	70,000	6,620E+1
2052,338	69,599	70,000	6,622E+1
2052,338	69,714	70,000	6,168E+1
2054,653	69,714	70,000	6,170E+1
2054,653	69,608	70,000	6,171E+1
2056,970	69,608	70,000	6,590E+1
2056,970	69,477	70,000	6,592E+1
2059,282	69,477	70,000	7,117E+1
2059,282	69,477	70,000	7,119E+1
2061,525	69,522	70,000	6,941E+1
2061,525	69,522	70,000	6,943E+1
2061,525	69,404	70,000	7,415E+1
2063,766	69,404	70,000	7,418E+1
2063,766	69,551	70,000	7,420E+1
2065,931	69,551	70,000	6,839E+1
2065,931	69,309	70,000	6,841E+1
2068,096	69,309	70,000	7,804E+1
2068,096	69,502	70,000	7,807E+1
2070,265	69,502	70,000	7,043E+1
2070,265	69,502	70,000	7,045E+1
2072,430	69,607	70,000	6,632E+1
2072,430	69,607	70,000	6,633E+1
2074,597	69,653	70,000	6,453E+1
2074,597	69,653	70,000	6,454E+1
2074,597	69,689	70,000	6,315E+1
2076,766	69,689	70,000	6,317E+1
2076,766	69,673	70,000	6,318E+1
2078,933	69,673	70,000	6,379E+1
2078,933	69,777	70,000	6,381E+1
2081,098	69,777	70,000	5,972E+1
2081,098	69,804	70,000	5,973E+1
2083,265	69,804	70,000	5,867E+1
2083,265	69,804	70,000	5,868E+1
2085,426	69,709	70,000	6,245E+1
2085,426	69,709	70,000	6,246E+1
2087,593	69,761	70,000	6,040E+1
2087,593	69,761	70,000	6,041E+1
2087,593	69,661	70,000	6,438E+1
2089,758	69,661	70,000	6,440E+1
2089,758	69,762	70,000	6,441E+1
2091,923	69,762	70,000	6,046E+1
2091,923	69,870	70,000	6,048E+1
2094,090	69,870	70,000	5,617E+1
2094,090	69,926	70,000	5,617E+1
2096,256	69,926	70,000	5,398E+1
2096,256	69,926	70,000	5,398E+1
2098,425	70,024	70,000	5,008E+1
2098,425	70,024	70,000	5,008E+1
2100,590	69,899	70,000	5,505E+1
2100,590	69,899	70,000	5,506E+1
2100,590	69,921	70,000	5,419E+1
2102,755	69,921	70,000	5,420E+1
2102,755	69,816	70,000	5,420E+1
2104,922	69,816	70,000	5,838E+1
2104,922	69,739	70,000	5,839E+1
2107,089	69,739	70,000	6,141E+1
2107,089	69,687	70,000	6,142E+1
2109,258	69,687	70,000	6,351E+1
2109,258	69,687	70,000	6,353E+1
2111,425	69,770	70,000	6,025E+1
2111,425	69,770	70,000	6,026E+1
2113,592	69,745	70,000	6,128E+1
2113,592	69,745	70,000	6,130E+1
2113,592	69,810	70,000	5,869E+1
2115,759	69,810	70,000	5,870E+1
2115,759	69,654	70,000	5,871E+1
2117,924	69,654	70,000	6,490E+1
2117,924	69,713	70,000	6,492E+1
2120,093	69,713	70,000	6,263E+1
2120,093	69,761	70,000	6,265E+1
2122,258	69,761	70,000	6,072E+1
2122,258	69,761	70,000	6,073E+1
2124,425	69,675	70,000	6,417E+1
2124,425	69,675	70,000	6,418E+1
2126,590	69,740	70,000	6,164E+1
2126,590	69,740	70,000	6,165E+1
2126,590	69,834	70,000	5,790E+1
2128,759	69,834	70,000	5,791E+1
2128,759	69,733	70,000	5,791E+1
2130,927	69,733	70,000	6,196E+1
2130,927	69,800	70,000	6,198E+1
2133,095	69,800	70,000	5,929E+1
2133,095	69,635	70,000	5,930E+1
2135,260	69,635	70,000	6,589E+1
2135,260	69,635	70,000	6,590E+1
2137,427	69,630	70,000	6,612E+1
2137,427	69,630	70,000	6,614E+1
2139,594	69,809	70,000	5,904E+1
2139,594	69,809	70,000	5,905E+1
2139,594	69,780	70,000	6,019E+1
2141,761	69,780	70,000	6,020E+1
2141,761	69,765	70,000	6,021E+1
2143,928	69,765	70,000	6,083E+1
2143,928	69,794	70,000	6,084E+1
2146,098	69,794	70,000	5,970E+1
2146,098	69,852	70,000	5,971E+1
2148,263	69,852	70,000	5,744E+1
2148,263	69,852	70,000	5,745E+1
2150,430	69,991	70,000	5,193E+1
2150,430	69,991	70,000	5,193E+1
2152,595	70,123	70,000	4,670E+1
2152,595	70,123	70,000	4,669E+1
2152,595	70,109	70,000	4,722E+1
2154,764	70,109	70,000	4,722E+1
2154,764	70,167	70,000	4,721E+1
2156,933	70,167	70,000	4,493E+1
2156,933	70,099	70,000	4,492E+1
2159,100	70,099	70,000	4,761E+1
2159,100	70,053	70,000	4,761E+1
2161,269	70,053	70,000	4,942E+1
2161,269	70,053	70,000	4,942E+1
2163,510	70,219	70,000	4,282E+1
2163,510	70,219	70,000	4,281E+1
2163,510	70,038	70,000	4,999E+1
2165,749	70,038	70,000	4,999E+1
2165,749	70,093	70,000	4,999E+1
2167,993	70,093	70,000	4,783E+1
2167,993	69,839	70,000	4,782E+1
2170,232	69,839	70,000	5,785E+1
2170,232	69,839	70,000	5,785E+1
2172,473	69,900	70,000	5,544E+1
2172,473	69,900	70,000	5,545E+1
2172,473	69,887	70,000	5,599E+1
2174,714	69,887	70,000	5,599E+1
2174,714	69,999	70,000	5,600E+1
2176,955	69,999	70,000	5,154E+1
2176,955	70,192	70,000	5,154E+1
2179,194	70,192	70,000	4,392E+1
2179,194	70,192	70,000	4,391E+1
2181,433	70,094	70,000	4,778E+1
2181,433	70,094	70,000	4,778E+1
2183,675	70,079	70,000	4,837E+1
2183,675	70,079	70,000	4,836E+1
2183,675	69,891	70,000	4,836E+1
2185,914	69,891	70,000	5,583E+1
2185,914	70,057	70,000	5,583E+1
2188,157	70,057	70,000	4,924E+1
2188,157	70,057	70,000	4,924E+1
2190,398	70,159	70,000	4,521E+1
2190,398	70,159	70,000	4,521E+1
2192,637	70,093	70,000	4,781E+1
2192,637	70,093	70,000	4,781E+1
2192,637	70,070	70,000	4,780E+1
2194,878	70,070	70,000	4,869E+1
2194,878	70,077	70,000	4,869E+1
2197,120	70,077	70,000	4,841E+1
2197,120	70,077	70,000	4,841E+1
2199,363	70,067	70,000	4,880E+1
2199,363	70,067	70,000	4,879E+1
2201,602	70,028	70,000	5,034E+1
2201,602	70,028	70,000	5,034E+1
2201,602	70,223	70,000	5,033E+1
2203,843	70,223	70,000	4,261E+1
2203,843	70,124	70,000	4,260E+1
2206,084	70,124	70,000	4,649E+1
2206,084	69,952	70,000	4,648E+1
2208,325	69,952	70,000	5,333E+1
2208,325	69,952	70,000	5,334E+1
2210,566	69,989	70,000	5,185E+1
2210,566	69,989	70,000	5,185E+1
2210,566	69,950	70,000	5,185E+1
2212,809	69,950	70,000	5,342E+1
2212,809	69,797	70,000	5,342E+1
2215,051	69,797	70,000	5,947E+1
2215,051	69,875	70,000	5,947E+1
2217,288	69,875	70,000	5,639E+1
2217,288	69,875	70,000	5,640E+1
2219,529	69,731	70,000	6,211E+1
2219,529	69,731	70,000	6,212E+1
2219,529	69,643	70,000	6,562E+1
2221,770	69,643	70,000	6,564E+1
2221,770	69,748	70,000	6,565E+1
2224,011	69,748	70,000	6,151E+1
2224,011	69,836	70,000	6,152E+1
2226,256	69,836	70,000	5,804E+1
2226,256	69,836	70,000	5,805E+1
2228,494	70,012	70,000	5,107E+1
2228,494	70,012	70,000	5,107E+1
2228,494	69,875	70,000	5,651E+1
2230,733	69,875	70,000	5,652E+1
2230,733	69,802	70,000	5,652E+1
2232,976	69,802	70,000	5,942E+1
2232,976	69,864	70,000	5,943E+1
2235,219	69,864	70,000	5,700E+1
2235,219	69,864	70,000	5,701E+1
2237,460	69,599	70,000	6,752E+1
2237,460	69,599	70,000	6,753E+1
2237,460	69,764	70,000	6,097E+1
2239,701	69,764	70,000	6,099E+1
2239,701	69,812	70,000	6,100E+1
2241,942	69,812	70,000	5,910E+1
2241,942	69,989	70,000	5,911E+1
2244,182	69,989	70,000	5,213E+1
2244,182	69,989	70,000	5,213E+1
2246,423	70,007	70,000	5,140E+1
2246,423	70,007	70,000	5,140E+1
2248,660	70,062	70,000	4,924E+1
2248,660	70,062	70,000	4,923E+1
2248,660	70,082	70,000	4,923E+1
2250,901	70,082	70,000	4,844E+1
2250,901	70,035	70,000	4,843E+1
2253,142	70,035	70,000	5,029E+1
2253,142	70,035	70,000	5,029E+1
2255,388	69,986	70,000	5,225E+1
2255,388	69,986	70,000	5,225E+1
2257,624	70,033	70,000	5,037E+1
2257,624	70,033	70,000	5,037E+1
2257,624	69,919	70,000	5,036E+1
2259,864	69,919	70,000	5,486E+1
2259,864	69,906	70,000	5,486E+1
2262,105	69,906	70,000	5,542E+1
2262,105	69,906	70,000	5,543E+1
2264,346	69,855	70,000	5,745E+1
2264,346	69,855	70,000	5,746E+1
2266,587	69,770	70,000	6,081E+1
2266,587	69,770	70,000	6,082E+1
2266,587	69,773	70,000	6,083E+1
2268,828	69,773	70,000	6,071E+1
2268,828	69,763	70,000	6,072E+1
2271,069	69,763	70,000	6,114E+1
2271,069	69,875	70,000	6,115E+1
2273,308	69,875	70,000	5,673E+1
2273,308	69,875	70,000	5,673E+1
2275,551	69,833	70,000	5,840E+1
2275,551	69,833	70,000	5,841E+1
2275,551	69,874	70,000	5,842E+1
2277,793	69,874	70,000	5,682E+1
2277,793	69,755	70,000	5,682E+1
2280,032	69,755	70,000	6,153E+1
2280,032	69,709	70,000	6,154E+1
2282,273	69,709	70,000	6,337E+1
2282,273	69,709	70,000	6,338E+1
2284,514	69,668	70,000	6,500E+1
2284,514	69,668	70,000	6,502E+1
