t	IF	IR	VF	VR
0,000	0,000	0,075	0,000E+0	3,000E+1
0,002	0,000	0,075	3,000E-1	3,000E+1
1,003	0,000	0,075	3,000E-1	3,000E+1
2,003	0,000	0,075	3,000E-1	3,000E+1
3,004	0,000	0,075	3,000E-1	3,000E+1
4,006	0,000	0,075	3,000E-1	3,000E+1
5,006	0,000	0,075	3,000E-1	3,000E+1
6,006	0,000	0,075	3,000E-1	3,000E+1
7,007	0,000	0,075	3,000E-1	3,000E+1
8,007	0,000	0,075	3,000E-1	3,000E+1
9,007	0,000	0,075	3,000E-1	3,000E+1
10,007	0,000	0,075	3,000E-1	3,000E+1
11,007	0,000	0,075	3,000E-1	3,000E+1
12,007	0,000	0,075	3,000E-1	3,000E+1
13,007	0,000	0,075	3,000E-1	3,000E+1
14,007	0,000	0,075	3,000E-1	3,000E+1
15,007	0,000	0,075	3,000E-1	3,000E+1
16,008	0,000	0,075	3,000E-1	3,000E+1
17,008	0,000	0,075	3,000E-1	3,000E+1
18,008	0,000	0,075	3,000E-1	3,000E+1
19,008	0,000	0,075	3,000E-1	3,000E+1
20,008	0,000	0,075	3,000E-1	3,000E+1
21,008	0,000	0,075	3,000E-1	3,000E+1
22,008	0,000	0,075	3,000E-1	3,000E+1
23,008	0,000	0,075	3,000E-1	3,000E+1
24,008	0,000	0,075	3,000E-1	3,000E+1
25,008	0,000	0,075	3,000E-1	3,000E+1
26,008	0,000	0,075	3,000E-1	3,000E+1
27,008	0,000	0,075	3,000E-1	3,000E+1
28,008	0,000	0,075	3,000E-1	3,000E+1
29,008	0,000	0,075	3,000E-1	3,000E+1
30,008	0,000	0,075	3,000E-1	3,000E+1
31,008	0,000	0,075	3,000E-1	3,000E+1
32,008	0,000	0,075	3,000E-1	3,000E+1
33,008	0,000	0,075	3,000E-1	3,000E+1
34,008	0,000	0,075	3,000E-1	3,000E+1
35,007	0,000	0,075	3,000E-1	3,000E+1
36,008	0,000	0,075	3,000E-1	3,000E+1
37,008	0,000	0,075	3,000E-1	3,000E+1
38,008	0,000	0,075	3,000E-1	3,000E+1
39,008	0,000	0,075	3,000E-1	3,000E+1
40,008	0,000	0,075	3,000E-1	3,000E+1
41,008	0,000	0,075	3,000E-1	3,000E+1
42,008	0,000	0,075	3,000E-1	3,000E+1
43,008	0,000	0,075	3,000E-1	3,000E+1
44,008	0,000	0,075	3,000E-1	3,000E+1
45,008	0,000	0,075	3,000E-1	3,000E+1
46,008	0,000	0,075	3,000E-1	3,000E+1
47,008	0,000	0,075	3,000E-1	3,000E+1
48,008	0,000	0,075	3,000E-1	3,000E+1
49,008	0,000	0,075	3,000E-1	3,000E+1
50,008	0,000	0,075	3,000E-1	3,000E+1
51,008	0,000	0,075	3,000E-1	3,000E+1
52,008	0,000	0,075	3,000E-1	3,000E+1
53,008	0,000	0,075	3,000E-1	3,000E+1
54,008	0,000	0,075	3,000E-1	3,000E+1
55,008	0,000	0,075	3,000E-1	3,000E+1
56,008	0,000	0,075	3,000E-1	3,000E+1
57,058	0,000	0,075	3,000E-1	3,000E+1
58,063	0,000	0,075	3,000E-1	3,000E+1
59,079	0,000	0,075	3,000E-1	3,000E+1
60,079	0,000	0,075	3,000E-1	3,000E+1
61,081	0,000	0,075	3,000E-1	3,000E+1
62,082	0,000	0,075	3,000E-1	3,000E+1
63,082	0,000	0,075	3,000E-1	3,000E+1
64,082	0,000	0,075	3,000E-1	3,000E+1
65,082	0,000	0,075	3,000E-1	3,000E+1
66,082	0,199	0,075	1,199E+1	3,000E+1
67,082	0,199	0,075	1,199E+1	3,000E+1
68,082	0,199	0,075	1,199E+1	3,000E+1
69,082	0,199	0,075	1,199E+1	3,000E+1
70,082	0,300	0,075	1,912E+1	3,000E+1
71,082	0,320	0,075	1,910E+1	3,000E+1
72,083	0,320	0,075	1,911E+1	3,000E+1
73,083	0,320	0,075	1,912E+1	3,000E+1
74,083	0,320	0,075	1,912E+1	3,000E+1
75,084	0,320	0,075	1,913E+1	3,000E+1
76,084	0,320	0,075	1,914E+1	3,000E+1
77,084	0,320	0,075	1,914E+1	3,000E+1
78,084	0,320	0,075	1,915E+1	3,000E+1
79,085	0,320	0,075	1,916E+1	3,000E+1
80,086	0,320	0,075	1,916E+1	3,000E+1
81,086	0,320	0,075	1,917E+1	3,000E+1
82,086	0,320	0,075	1,917E+1	3,000E+1
83,087	0,320	0,075	1,918E+1	3,000E+1
84,089	0,320	0,075	1,919E+1	3,000E+1
85,088	0,320	0,075	1,920E+1	3,000E+1
86,088	0,320	0,075	1,920E+1	3,000E+1
87,088	0,320	0,075	1,921E+1	3,000E+1
88,089	0,320	0,075	1,922E+1	3,000E+1
89,089	0,320	0,075	1,922E+1	3,000E+1
90,089	0,320	0,075	1,923E+1	3,000E+1
91,089	0,320	0,075	1,924E+1	3,000E+1
92,089	0,320	0,075	1,925E+1	3,000E+1
93,090	0,320	0,075	1,925E+1	3,000E+1
94,090	0,320	0,075	1,926E+1	3,000E+1
95,090	0,320	0,075	1,927E+1	3,000E+1
96,092	0,320	0,075	1,928E+1	3,000E+1
97,092	0,320	0,075	1,928E+1	3,000E+1
98,092	0,320	0,075	1,929E+1	3,000E+1
99,092	0,320	0,075	1,930E+1	3,000E+1
100,093	0,320	0,075	1,931E+1	3,000E+1
101,092	0,320	0,075	1,931E+1	3,000E+1
102,092	0,320	0,075	1,932E+1	3,000E+1
103,092	0,320	0,075	1,933E+1	3,000E+1
104,092	0,320	0,075	1,934E+1	3,000E+1
105,093	0,320	0,075	1,934E+1	3,000E+1
106,093	0,320	0,075	1,935E+1	3,000E+1
107,093	0,320	0,075	1,936E+1	3,000E+1
108,093	0,320	0,075	1,937E+1	3,000E+1
109,093	0,320	0,075	1,938E+1	3,000E+1
110,093	0,320	0,075	1,938E+1	3,000E+1
111,093	0,320	0,075	1,939E+1	3,000E+1
112,095	0,320	0,075	1,940E+1	3,000E+1
113,094	0,320	0,075	1,941E+1	3,000E+1
114,094	0,320	0,075	1,942E+1	3,000E+1
115,094	0,320	0,075	1,943E+1	3,000E+1
116,095	0,320	0,075	1,943E+1	3,000E+1
117,094	0,320	0,075	1,944E+1	3,000E+1
118,094	0,320	0,075	1,945E+1	3,000E+1
119,094	0,320	0,075	1,945E+1	3,000E+1
120,095	0,320	0,075	1,946E+1	3,000E+1
121,096	0,320	0,075	1,947E+1	3,000E+1
122,096	0,320	0,075	1,948E+1	3,000E+1
123,096	0,320	0,075	1,949E+1	3,000E+1
124,096	0,320	0,075	1,950E+1	3,000E+1
125,096	0,320	0,075	1,950E+1	3,000E+1
126,096	0,320	0,075	1,951E+1	3,000E+1
127,096	0,320	0,075	1,952E+1	3,000E+1
128,096	0,320	0,075	1,952E+1	3,000E+1
129,097	0,320	0,075	1,953E+1	3,000E+1
130,096	0,320	0,075	1,954E+1	3,000E+1
131,096	0,320	0,075	1,955E+1	3,000E+1
132,097	0,320	0,075	1,956E+1	3,000E+1
133,097	0,320	0,075	1,957E+1	3,000E+1
134,098	0,320	0,075	1,957E+1	3,000E+1
135,099	0,320	0,075	1,958E+1	3,000E+1
136,098	0,320	0,075	1,959E+1	3,000E+1
137,099	0,320	0,075	1,959E+1	3,000E+1
138,099	0,320	0,075	1,960E+1	3,000E+1
139,100	0,320	0,075	1,962E+1	3,000E+1
140,100	0,320	0,075	1,962E+1	3,000E+1
141,100	0,320	0,075	1,963E+1	3,000E+1
142,101	0,320	0,075	1,964E+1	3,000E+1
143,101	0,320	0,075	1,965E+1	3,000E+1
144,101	0,320	0,075	1,966E+1	3,000E+1
145,101	0,320	0,075	1,966E+1	3,000E+1
146,101	0,320	0,075	1,967E+1	3,000E+1
147,101	0,320	0,075	1,968E+1	3,000E+1
148,102	0,320	0,075	1,969E+1	3,000E+1
149,102	0,320	0,075	1,970E+1	3,000E+1
150,102	0,320	0,075	1,970E+1	3,000E+1
151,102	0,320	0,075	1,971E+1	3,000E+1
152,103	0,320	0,075	1,972E+1	3,000E+1
153,102	0,320	0,075	1,973E+1	3,000E+1
154,102	0,320	0,075	1,974E+1	3,000E+1
155,104	0,320	0,075	1,974E+1	3,000E+1
156,104	0,320	0,075	1,975E+1	3,000E+1
157,103	0,320	0,075	1,976E+1	3,000E+1
158,103	0,320	0,075	1,977E+1	3,000E+1
159,103	0,320	0,075	1,978E+1	3,000E+1
160,103	0,320	0,075	1,978E+1	3,000E+1
161,103	0,320	0,075	1,979E+1	3,000E+1
162,105	0,320	0,075	1,980E+1	3,000E+1
163,105	0,320	0,075	1,981E+1	3,000E+1
164,106	0,320	0,075	1,982E+1	3,000E+1
165,107	0,320	0,075	1,982E+1	3,000E+1
166,107	0,320	0,075	1,983E+1	3,000E+1
167,108	0,320	0,075	1,984E+1	3,000E+1
168,109	0,320	0,075	1,985E+1	3,000E+1
169,111	0,320	0,075	1,985E+1	3,000E+1
170,110	0,320	0,075	1,986E+1	3,000E+1
171,111	0,320	0,075	1,987E+1	3,000E+1
172,113	0,320	0,075	1,988E+1	3,000E+1
173,112	0,320	0,075	1,988E+1	3,000E+1
174,113	0,320	0,075	1,989E+1	3,000E+1
175,112	0,320	0,075	1,990E+1	3,000E+1
176,113	0,320	0,075	1,991E+1	3,000E+1
177,113	0,320	0,075	1,991E+1	3,000E+1
178,113	0,320	0,075	1,992E+1	3,000E+1
179,114	0,320	0,075	1,993E+1	3,000E+1
180,114	0,320	0,075	1,994E+1	3,000E+1
181,115	0,320	0,075	1,995E+1	3,000E+1
182,115	0,320	0,075	1,995E+1	3,000E+1
183,115	0,320	0,075	1,996E+1	3,000E+1
184,115	0,320	0,075	1,997E+1	3,000E+1
185,115	0,320	0,075	1,997E+1	3,000E+1
186,115	0,320	0,075	1,998E+1	3,000E+1
187,115	0,320	0,075	1,999E+1	3,000E+1
188,117	0,320	0,075	1,999E+1	3,000E+1
189,116	0,320	0,075	2,000E+1	3,000E+1
190,116	0,320	0,075	2,001E+1	3,000E+1
191,116	0,320	0,075	2,002E+1	3,000E+1
192,118	0,320	0,075	2,003E+1	3,000E+1
193,117	0,320	0,075	2,003E+1	3,000E+1
194,117	0,320	0,075	2,004E+1	3,000E+1
195,117	0,320	0,075	2,005E+1	3,000E+1
196,117	0,320	0,075	2,005E+1	3,000E+1
197,118	0,320	0,075	2,006E+1	3,000E+1
198,118	0,320	0,075	2,007E+1	3,000E+1
199,118	0,320	0,075	2,008E+1	3,000E+1
200,118	0,320	0,075	2,008E+1	3,000E+1
201,118	0,320	0,075	2,009E+1	3,000E+1
202,119	0,320	0,075	2,010E+1	3,000E+1
203,119	0,320	0,075	2,011E+1	3,000E+1
204,119	0,320	0,075	2,011E+1	3,000E+1
205,119	0,320	0,075	2,011E+1	3,000E+1
206,120	0,320	0,075	2,012E+1	3,000E+1
207,122	0,320	0,075	2,013E+1	3,000E+1
208,121	0,320	0,075	2,014E+1	3,000E+1
209,122	0,320	0,075	2,014E+1	3,000E+1
210,121	0,320	0,075	2,015E+1	3,000E+1
211,121	0,320	0,075	2,015E+1	3,000E+1
212,122	0,320	0,075	2,016E+1	3,000E+1
213,122	0,320	0,075	2,017E+1	3,000E+1
214,122	0,320	0,075	2,017E+1	3,000E+1
215,123	0,320	0,075	2,018E+1	3,000E+1
216,122	0,320	0,075	2,019E+1	3,000E+1
217,122	0,320	0,075	2,020E+1	3,000E+1
218,123	0,320	0,075	2,021E+1	3,000E+1
219,123	0,320	0,075	2,021E+1	3,000E+1
220,123	0,320	0,075	2,022E+1	3,000E+1
221,124	0,320	0,075	2,022E+1	3,000E+1
222,124	0,320	0,075	2,023E+1	3,000E+1
223,124	0,320	0,075	2,024E+1	3,000E+1
224,124	0,320	0,075	2,024E+1	3,000E+1
225,125	0,320	0,075	2,025E+1	3,000E+1
226,125	0,320	0,075	2,026E+1	3,000E+1
227,125	0,320	0,075	2,026E+1	3,000E+1
228,125	0,320	0,075	2,027E+1	3,000E+1
229,127	0,320	0,075	2,028E+1	3,000E+1
230,126	0,320	0,075	2,028E+1	3,000E+1
231,126	0,320	0,075	2,029E+1	3,000E+1
232,126	0,320	0,075	2,030E+1	3,000E+1
233,127	0,320	0,075	2,030E+1	3,000E+1
234,127	0,320	0,075	2,031E+1	3,000E+1
235,127	0,320	0,075	2,031E+1	3,000E+1
236,128	0,320	0,075	2,032E+1	3,000E+1
237,128	0,320	0,075	2,032E+1	3,000E+1
238,128	0,320	0,075	2,033E+1	3,000E+1
239,128	0,320	0,075	2,033E+1	3,000E+1
240,129	0,320	0,075	2,034E+1	3,000E+1
241,130	0,320	0,075	2,035E+1	3,000E+1
242,130	0,320	0,075	2,035E+1	3,000E+1
243,130	0,320	0,075	2,036E+1	3,000E+1
244,130	0,320	0,075	2,037E+1	3,000E+1
245,131	0,320	0,075	2,037E+1	3,000E+1
246,132	0,320	0,075	2,038E+1	3,000E+1
247,132	0,320	0,075	2,039E+1	3,000E+1
248,133	0,320	0,075	2,039E+1	3,000E+1
249,133	0,320	0,075	2,040E+1	3,000E+1
250,135	0,320	0,075	2,040E+1	3,000E+1
251,135	0,320	0,075	2,041E+1	3,000E+1
252,135	0,320	0,075	2,041E+1	3,000E+1
253,135	0,320	0,075	2,042E+1	3,000E+1
254,136	0,320	0,075	2,042E+1	3,000E+1
255,136	0,320	0,075	2,043E+1	3,000E+1
256,136	0,320	0,075	2,044E+1	3,000E+1
257,137	0,320	0,075	2,044E+1	3,000E+1
258,137	0,320	0,075	2,045E+1	3,000E+1
259,137	0,320	0,075	2,045E+1	3,000E+1
260,139	0,320	0,075	2,046E+1	3,000E+1
261,139	0,320	0,075	2,046E+1	3,000E+1
262,140	0,320	0,075	2,047E+1	3,000E+1
263,141	0,320	0,075	2,048E+1	3,000E+1
264,141	0,320	0,075	2,048E+1	3,000E+1
265,141	0,320	0,075	2,049E+1	3,000E+1
266,141	0,320	0,075	2,049E+1	3,000E+1
267,141	0,320	0,075	2,050E+1	3,000E+1
268,142	0,320	0,075	2,050E+1	3,000E+1
269,142	0,320	0,075	2,051E+1	3,000E+1
270,142	0,320	0,075	2,051E+1	3,000E+1
271,143	0,320	0,075	2,052E+1	3,000E+1
272,143	0,320	0,075	2,053E+1	3,000E+1
273,143	0,320	0,075	2,053E+1	3,000E+1
274,143	0,320	0,075	2,054E+1	3,000E+1
275,144	0,320	0,075	2,054E+1	3,000E+1
276,146	0,320	0,075	2,055E+1	3,000E+1
277,147	0,320	0,075	2,055E+1	3,000E+1
278,147	0,320	0,075	2,056E+1	3,000E+1
279,147	0,320	0,075	2,056E+1	3,000E+1
280,147	0,320	0,075	2,057E+1	3,000E+1
281,147	0,320	0,075	2,057E+1	3,000E+1
282,149	0,320	0,075	2,057E+1	3,000E+1
283,148	0,320	0,075	2,058E+1	3,000E+1
284,149	0,320	0,075	2,059E+1	3,000E+1
285,149	0,320	0,075	2,059E+1	3,000E+1
286,149	0,320	0,075	2,059E+1	3,000E+1
287,149	0,320	0,075	2,060E+1	3,000E+1
288,149	0,320	0,075	2,061E+1	3,000E+1
289,149	0,320	0,075	2,061E+1	3,000E+1
290,150	0,320	0,075	2,062E+1	3,000E+1
291,151	0,320	0,075	2,062E+1	3,000E+1
292,151	0,320	0,075	2,063E+1	3,000E+1
293,151	0,320	0,075	2,063E+1	3,000E+1
294,151	0,320	0,075	2,064E+1	3,000E+1
295,152	0,320	0,075	2,064E+1	3,000E+1
296,152	0,320	0,075	2,064E+1	3,000E+1
297,152	0,320	0,075	2,065E+1	3,000E+1
298,152	0,320	0,075	2,065E+1	3,000E+1
299,153	0,320	0,075	2,066E+1	3,000E+1
300,154	0,320	0,075	2,067E+1	3,000E+1
301,154	0,320	0,075	2,067E+1	3,000E+1
302,154	0,320	0,075	2,067E+1	3,000E+1
303,155	0,320	0,075	2,068E+1	3,000E+1
304,155	0,320	0,075	2,068E+1	3,000E+1
305,155	0,320	0,075	2,069E+1	3,000E+1
306,155	0,320	0,075	2,069E+1	3,000E+1
307,155	0,320	0,075	2,070E+1	3,000E+1
308,156	0,320	0,075	2,070E+1	3,000E+1
309,156	0,320	0,075	2,070E+1	3,000E+1
310,156	0,320	0,075	2,071E+1	3,000E+1
311,156	0,320	0,075	2,071E+1	3,000E+1
312,157	0,320	0,075	2,072E+1	3,000E+1
313,156	0,320	0,075	2,072E+1	3,000E+1
314,156	0,320	0,075	2,073E+1	3,000E+1
315,157	0,320	0,075	2,073E+1	3,000E+1
316,158	0,320	0,075	2,074E+1	3,000E+1
317,158	0,320	0,075	2,074E+1	3,000E+1
318,158	0,320	0,075	2,075E+1	3,000E+1
319,158	0,320	0,075	2,075E+1	3,000E+1
320,159	0,320	0,075	2,076E+1	3,000E+1
321,159	0,320	0,075	2,076E+1	3,000E+1
322,159	0,320	0,075	2,076E+1	3,000E+1
323,160	0,320	0,075	2,077E+1	3,000E+1
324,161	0,320	0,075	2,077E+1	3,000E+1
325,161	0,320	0,075	2,078E+1	3,000E+1
326,161	0,320	0,075	2,078E+1	3,000E+1
327,161	0,320	0,075	2,078E+1	3,000E+1
328,161	0,320	0,075	2,079E+1	3,000E+1
329,161	0,320	0,075	2,079E+1	3,000E+1
330,161	0,320	0,075	2,080E+1	3,000E+1
331,161	0,320	0,075	2,080E+1	3,000E+1
332,161	0,320	0,075	2,081E+1	3,000E+1
333,161	0,320	0,075	2,081E+1	3,000E+1
334,161	0,320	0,075	2,081E+1	3,000E+1
335,161	0,320	0,075	2,082E+1	3,000E+1
336,162	0,320	0,075	2,082E+1	3,000E+1
337,162	0,320	0,075	2,082E+1	3,000E+1
338,162	0,320	0,075	2,083E+1	3,000E+1
339,163	0,320	0,075	2,083E+1	3,000E+1
340,163	0,320	0,075	2,083E+1	3,000E+1
341,163	0,320	0,075	2,084E+1	3,000E+1
342,163	0,320	0,075	2,084E+1	3,000E+1
343,163	0,320	0,075	2,085E+1	3,000E+1
344,163	0,320	0,075	2,085E+1	3,000E+1
345,163	0,320	0,075	2,086E+1	3,000E+1
346,163	0,320	0,075	2,086E+1	3,000E+1
347,163	0,320	0,075	2,086E+1	3,000E+1
348,164	0,320	0,075	2,087E+1	3,000E+1
349,164	0,320	0,075	2,087E+1	3,000E+1
350,165	0,320	0,075	2,087E+1	3,000E+1
351,165	0,320	0,075	2,088E+1	3,000E+1
352,165	0,320	0,075	2,088E+1	3,000E+1
353,165	0,320	0,075	2,089E+1	3,000E+1
354,165	0,320	0,075	2,089E+1	3,000E+1
355,166	0,320	0,075	2,090E+1	3,000E+1
356,166	0,320	0,075	2,090E+1	3,000E+1
357,166	0,320	0,075	2,090E+1	3,000E+1
358,166	0,320	0,075	2,090E+1	3,000E+1
359,166	0,320	0,075	2,090E+1	3,000E+1
360,167	0,320	0,075	2,091E+1	3,000E+1
361,168	0,320	0,075	2,091E+1	3,000E+1
362,167	0,320	0,075	2,092E+1	3,000E+1
363,167	0,320	0,075	2,093E+1	3,000E+1
364,167	0,320	0,075	2,092E+1	3,000E+1
365,167	0,320	0,075	2,093E+1	3,000E+1
366,167	0,320	0,075	2,093E+1	3,000E+1
367,168	0,320	0,075	2,093E+1	3,000E+1
368,169	0,320	0,075	2,094E+1	3,000E+1
369,169	0,320	0,075	2,095E+1	3,000E+1
370,169	0,320	0,075	2,095E+1	3,000E+1
371,169	0,320	0,075	2,095E+1	3,000E+1
372,169	0,320	0,075	2,095E+1	3,000E+1
373,170	0,320	0,075	2,096E+1	3,000E+1
374,170	0,320	0,075	2,096E+1	3,000E+1
375,170	0,320	0,075	2,096E+1	3,000E+1
376,171	0,320	0,075	2,097E+1	3,000E+1
377,171	0,320	0,075	2,097E+1	3,000E+1
378,171	0,320	0,075	2,097E+1	3,000E+1
379,171	0,320	0,075	2,098E+1	3,000E+1
380,171	0,320	0,075	2,098E+1	3,000E+1
381,172	0,320	0,075	2,099E+1	3,000E+1
382,172	0,320	0,075	2,099E+1	3,000E+1
383,173	0,320	0,075	2,099E+1	3,000E+1
384,174	0,320	0,075	2,099E+1	3,000E+1
385,173	0,320	0,075	2,100E+1	3,000E+1
386,173	0,320	0,075	2,100E+1	3,000E+1
387,174	0,320	0,075	2,100E+1	3,000E+1
388,174	0,320	0,075	2,101E+1	3,000E+1
389,174	0,320	0,075	2,101E+1	3,000E+1
390,175	0,320	0,075	2,102E+1	3,000E+1
391,174	0,320	0,075	2,102E+1	3,000E+1
392,175	0,320	0,075	2,102E+1	3,000E+1
393,176	0,320	0,075	2,102E+1	3,000E+1
394,176	0,320	0,075	2,103E+1	3,000E+1
395,177	0,320	0,075	2,103E+1	3,000E+1
396,177	0,320	0,075	2,103E+1	3,000E+1
397,177	0,320	0,075	2,103E+1	3,000E+1
398,177	0,320	0,075	2,104E+1	3,000E+1
399,177	0,320	0,075	2,104E+1	3,000E+1
400,177	0,320	0,075	2,104E+1	3,000E+1
401,178	0,320	0,075	2,105E+1	3,000E+1
402,177	0,320	0,075	2,105E+1	3,000E+1
403,177	0,320	0,075	2,105E+1	3,000E+1
404,177	0,320	0,075	2,106E+1	3,000E+1
405,178	0,320	0,075	2,106E+1	3,000E+1
406,180	0,320	0,075	2,106E+1	3,000E+1
407,179	0,320	0,075	2,107E+1	3,000E+1
408,179	0,320	0,075	2,107E+1	3,000E+1
409,180	0,320	0,075	2,108E+1	3,000E+1
410,181	0,320	0,075	2,107E+1	3,000E+1
411,181	0,320	0,075	2,108E+1	3,000E+1
412,182	0,320	0,075	2,108E+1	3,000E+1
413,181	0,320	0,075	2,108E+1	3,000E+1
414,182	0,320	0,075	2,109E+1	3,000E+1
415,182	0,320	0,075	2,109E+1	3,000E+1
416,183	0,320	0,075	2,109E+1	3,000E+1
417,183	0,320	0,075	2,109E+1	3,000E+1
418,184	0,320	0,075	2,110E+1	3,000E+1
419,184	0,320	0,075	2,110E+1	3,000E+1
420,185	0,320	0,075	2,110E+1	3,000E+1
421,185	0,320	0,075	2,111E+1	3,000E+1
422,186	0,320	0,075	2,111E+1	3,000E+1
423,186	0,320	0,075	2,111E+1	3,000E+1
424,187	0,320	0,075	2,112E+1	3,000E+1
425,187	0,320	0,075	2,112E+1	3,000E+1
426,187	0,320	0,075	2,112E+1	3,000E+1
427,187	0,320	0,075	2,112E+1	3,000E+1
428,187	0,320	0,075	2,112E+1	3,000E+1
429,188	0,320	0,075	2,113E+1	3,000E+1
430,188	0,320	0,075	2,113E+1	3,000E+1
431,188	0,320	0,075	2,113E+1	3,000E+1
432,188	0,320	0,075	2,113E+1	3,000E+1
433,188	0,320	0,075	2,114E+1	3,000E+1
434,188	0,320	0,075	2,114E+1	3,000E+1
435,188	0,320	0,075	2,114E+1	3,000E+1
436,189	0,320	0,075	2,115E+1	3,000E+1
437,189	0,320	0,075	2,115E+1	3,000E+1
438,189	0,320	0,075	2,115E+1	3,000E+1
439,189	0,320	0,075	2,115E+1	3,000E+1
440,189	0,320	0,075	2,115E+1	3,000E+1
441,189	0,320	0,075	2,116E+1	3,000E+1
442,189	0,320	0,075	2,116E+1	3,000E+1
443,189	0,320	0,075	2,116E+1	3,000E+1
444,189	0,320	0,075	2,116E+1	3,000E+1
445,189	0,320	0,075	2,117E+1	3,000E+1
446,189	0,320	0,075	2,117E+1	3,000E+1
447,189	0,320	0,075	2,117E+1	3,000E+1
448,190	0,320	0,075	2,118E+1	3,000E+1
449,190	0,320	0,075	2,118E+1	3,000E+1
450,191	0,320	0,075	2,118E+1	3,000E+1
451,191	0,320	0,075	2,118E+1	3,000E+1
452,191	0,320	0,075	2,119E+1	3,000E+1
453,191	0,320	0,075	2,119E+1	3,000E+1
454,191	0,320	0,075	2,119E+1	3,000E+1
455,191	0,320	0,075	2,119E+1	3,000E+1
456,191	0,320	0,075	2,119E+1	3,000E+1
457,191	0,320	0,075	2,120E+1	3,000E+1
458,192	0,320	0,075	2,120E+1	3,000E+1
459,192	0,320	0,075	2,120E+1	3,000E+1
460,193	0,320	0,075	2,120E+1	3,000E+1
461,194	0,320	0,075	2,120E+1	3,000E+1
462,195	0,320	0,075	2,121E+1	3,000E+1
463,195	0,320	0,075	2,121E+1	3,000E+1
464,195	0,320	0,075	2,121E+1	3,000E+1
465,195	0,320	0,075	2,121E+1	3,000E+1
466,195	0,320	0,075	2,122E+1	3,000E+1
467,195	0,320	0,075	2,122E+1	3,000E+1
468,195	0,320	0,075	2,122E+1	3,000E+1
469,195	0,320	0,075	2,122E+1	3,000E+1
470,195	0,320	0,075	2,123E+1	3,000E+1
471,195	0,320	0,075	2,123E+1	3,000E+1
472,195	0,320	0,075	2,123E+1	3,000E+1
473,195	0,320	0,075	2,123E+1	3,000E+1
474,195	0,320	0,075	2,123E+1	3,000E+1
475,195	0,320	0,075	2,124E+1	3,000E+1
476,195	0,320	0,075	2,124E+1	3,000E+1
477,195	0,320	0,075	2,124E+1	3,000E+1
478,195	0,320	0,075	2,124E+1	3,000E+1
479,195	0,320	0,075	2,124E+1	3,000E+1
480,195	0,320	0,075	2,125E+1	3,000E+1
481,195	0,320	0,075	2,125E+1	3,000E+1
482,195	0,320	0,075	2,125E+1	3,000E+1
483,197	0,320	0,075	2,125E+1	3,000E+1
484,198	0,320	0,075	2,126E+1	3,000E+1
485,197	0,320	0,075	2,125E+1	3,000E+1
486,197	0,320	0,075	2,126E+1	3,000E+1
487,197	0,320	0,075	2,126E+1	3,000E+1
488,197	0,320	0,075	2,126E+1	3,000E+1
489,197	0,320	0,075	2,126E+1	3,000E+1
490,197	0,320	0,075	2,127E+1	3,000E+1
491,197	0,320	0,075	2,127E+1	3,000E+1
492,197	0,320	0,075	2,127E+1	3,000E+1
493,197	0,320	0,075	2,127E+1	3,000E+1
494,198	0,320	0,075	2,127E+1	3,000E+1
495,198	0,320	0,075	2,128E+1	3,000E+1
496,198	0,320	0,075	2,128E+1	3,000E+1
497,198	0,320	0,075	2,128E+1	3,000E+1
498,198	0,320	0,075	2,128E+1	3,000E+1
499,198	0,320	0,075	2,129E+1	3,000E+1
500,200	0,320	0,075	2,129E+1	3,000E+1
501,199	0,320	0,075	2,129E+1	3,000E+1
502,199	0,320	0,075	2,129E+1	3,000E+1
503,199	0,320	0,075	2,129E+1	3,000E+1
504,199	0,320	0,075	2,130E+1	3,000E+1
505,199	0,320	0,075	2,130E+1	3,000E+1
506,201	0,320	0,075	2,130E+1	3,000E+1
507,200	0,320	0,075	2,130E+1	3,000E+1
508,200	0,320	0,075	2,130E+1	3,000E+1
509,200	0,320	0,075	2,131E+1	3,000E+1
510,200	0,320	0,075	2,131E+1	3,000E+1
511,200	0,320	0,075	2,131E+1	3,000E+1
512,200	0,320	0,075	2,131E+1	3,000E+1
513,200	0,320	0,075	2,131E+1	3,000E+1
514,202	0,320	0,075	2,131E+1	3,000E+1
515,201	0,320	0,075	2,132E+1	3,000E+1
516,201	0,320	0,075	2,132E+1	3,000E+1
517,201	0,320	0,075	2,132E+1	3,000E+1
518,201	0,320	0,075	2,132E+1	3,000E+1
519,201	0,320	0,075	2,132E+1	3,000E+1
520,201	0,320	0,075	2,132E+1	3,000E+1
521,201	0,320	0,075	2,133E+1	3,000E+1
522,201	0,320	0,075	2,132E+1	3,000E+1
523,201	0,320	0,075	2,133E+1	3,000E+1
524,201	0,320	0,075	2,133E+1	3,000E+1
525,201	0,320	0,075	2,133E+1	3,000E+1
526,201	0,320	0,075	2,133E+1	3,000E+1
527,202	0,320	0,075	2,133E+1	3,000E+1
528,202	0,320	0,075	2,134E+1	3,000E+1
529,202	0,320	0,075	2,134E+1	3,000E+1
530,203	0,320	0,075	2,134E+1	3,000E+1
531,203	0,320	0,075	2,134E+1	3,000E+1
532,203	0,320	0,075	2,134E+1	3,000E+1
533,203	0,320	0,075	2,134E+1	3,000E+1
534,203	0,320	0,075	2,134E+1	3,000E+1
535,203	0,320	0,075	2,135E+1	3,000E+1
536,203	0,320	0,075	2,135E+1	3,000E+1
537,204	0,320	0,075	2,135E+1	3,000E+1
538,205	0,320	0,075	2,135E+1	3,000E+1
539,205	0,320	0,075	2,136E+1	3,000E+1
540,205	0,320	0,075	2,136E+1	3,000E+1
541,205	0,320	0,075	2,136E+1	3,000E+1
542,205	0,320	0,075	2,136E+1	3,000E+1
543,205	0,320	0,075	2,136E+1	3,000E+1
544,205	0,320	0,075	2,136E+1	3,000E+1
545,205	0,320	0,075	2,137E+1	3,000E+1
546,205	0,320	0,075	2,137E+1	3,000E+1
547,205	0,320	0,075	2,137E+1	3,000E+1
548,205	0,320	0,075	2,137E+1	3,000E+1
549,205	0,320	0,075	2,137E+1	3,000E+1
550,205	0,320	0,075	2,137E+1	3,000E+1
551,205	0,320	0,075	2,137E+1	3,000E+1
552,205	0,320	0,075	2,137E+1	3,000E+1
553,205	0,320	0,075	2,138E+1	3,000E+1
554,205	0,320	0,075	2,138E+1	3,000E+1
555,206	0,320	0,075	2,138E+1	3,000E+1
556,206	0,320	0,075	2,138E+1	3,000E+1
557,206	0,320	0,075	2,138E+1	3,000E+1
558,206	0,320	0,075	2,138E+1	3,000E+1
559,207	0,320	0,075	2,139E+1	3,000E+1
560,207	0,320	0,075	2,139E+1	3,000E+1
561,207	0,320	0,075	2,139E+1	3,000E+1
562,207	0,320	0,075	2,139E+1	3,000E+1
563,208	0,320	0,075	2,139E+1	3,000E+1
564,208	0,320	0,075	2,139E+1	3,000E+1
565,208	0,320	0,075	2,140E+1	3,000E+1
566,208	0,320	0,075	2,140E+1	3,000E+1
567,209	0,320	0,075	2,140E+1	3,000E+1
568,209	0,320	0,075	2,140E+1	3,000E+1
569,209	0,320	0,075	2,140E+1	3,000E+1
570,209	0,320	0,075	2,140E+1	3,000E+1
571,209	0,320	0,075	2,140E+1	3,000E+1
572,209	0,320	0,075	2,140E+1	3,000E+1
573,209	0,320	0,075	2,140E+1	3,000E+1
574,209	0,320	0,075	2,141E+1	3,000E+1
575,210	0,320	0,075	2,141E+1	3,000E+1
576,210	0,320	0,075	2,141E+1	3,000E+1
577,210	0,320	0,075	2,141E+1	3,000E+1
578,210	0,320	0,075	2,141E+1	3,000E+1
579,211	0,320	0,075	2,141E+1	3,000E+1
580,211	0,320	0,075	2,141E+1	3,000E+1
581,211	0,320	0,075	2,142E+1	3,000E+1
582,211	0,320	0,075	2,142E+1	3,000E+1
583,211	0,320	0,075	2,142E+1	3,000E+1
584,211	0,320	0,075	2,142E+1	3,000E+1
585,211	0,320	0,075	2,142E+1	3,000E+1
586,211	0,320	0,075	2,142E+1	3,000E+1
587,211	0,320	0,075	2,142E+1	3,000E+1
588,211	0,320	0,075	2,142E+1	3,000E+1
589,211	0,320	0,075	2,143E+1	3,000E+1
590,211	0,320	0,075	2,143E+1	3,000E+1
591,211	0,320	0,075	2,143E+1	3,000E+1
592,211	0,320	0,075	2,143E+1	3,000E+1
593,211	0,320	0,075	2,143E+1	3,000E+1
594,211	0,320	0,075	2,143E+1	3,000E+1
595,213	0,320	0,075	2,144E+1	3,000E+1
596,212	0,320	0,075	2,143E+1	3,000E+1
597,212	0,320	0,075	2,144E+1	3,000E+1
598,212	0,320	0,075	2,144E+1	3,000E+1
599,212	0,320	0,075	2,144E+1	3,000E+1
600,213	0,320	0,075	2,144E+1	3,000E+1
601,214	0,320	0,075	2,144E+1	3,000E+1
602,214	0,320	0,075	2,145E+1	3,000E+1
603,215	0,320	0,075	2,145E+1	3,000E+1
604,216	0,320	0,075	2,145E+1	3,000E+1
605,216	0,320	0,075	2,144E+1	3,000E+1
606,217	0,320	0,075	2,145E+1	3,000E+1
607,217	0,320	0,075	2,145E+1	3,000E+1
608,217	0,320	0,075	2,145E+1	3,000E+1
609,217	0,320	0,075	2,145E+1	3,000E+1
610,217	0,320	0,075	2,145E+1	3,000E+1
611,217	0,320	0,075	2,145E+1	3,000E+1
612,218	0,320	0,075	2,145E+1	3,000E+1
613,219	0,320	0,075	2,145E+1	3,000E+1
614,219	0,320	0,075	2,145E+1	3,000E+1
615,220	0,320	0,075	2,146E+1	3,000E+1
616,221	0,320	0,075	2,146E+1	3,000E+1
617,222	0,320	0,075	2,146E+1	3,000E+1
618,222	0,320	0,075	2,146E+1	3,000E+1
619,222	0,320	0,075	2,146E+1	3,000E+1
620,222	0,320	0,075	2,146E+1	3,000E+1
621,222	0,320	0,075	2,146E+1	3,000E+1
622,222	0,320	0,075	2,146E+1	3,000E+1
623,222	0,320	0,075	2,147E+1	3,000E+1
624,222	0,320	0,075	2,147E+1	3,000E+1
625,223	0,320	0,075	2,147E+1	3,000E+1
626,223	0,320	0,075	2,147E+1	3,000E+1
627,223	0,320	0,075	2,147E+1	3,000E+1
628,223	0,320	0,075	2,147E+1	3,000E+1
629,224	0,320	0,075	2,148E+1	3,000E+1
630,224	0,320	0,075	2,148E+1	3,000E+1
631,224	0,320	0,075	2,148E+1	3,000E+1
632,225	0,320	0,075	2,148E+1	3,000E+1
633,225	0,320	0,075	2,148E+1	3,000E+1
634,225	0,320	0,075	2,148E+1	3,000E+1
635,225	0,320	0,075	2,148E+1	3,000E+1
636,225	0,320	0,075	2,148E+1	3,000E+1
637,226	0,320	0,075	2,148E+1	3,000E+1
638,226	0,320	0,075	2,148E+1	3,000E+1
639,226	0,320	0,075	2,149E+1	3,000E+1
640,226	0,320	0,075	2,149E+1	3,000E+1
641,226	0,320	0,075	2,148E+1	3,000E+1
642,227	0,320	0,075	2,149E+1	3,000E+1
643,227	0,320	0,075	2,149E+1	3,000E+1
644,228	0,320	0,075	2,149E+1	3,000E+1
645,230	0,320	0,075	2,149E+1	3,000E+1
646,230	0,320	0,075	2,149E+1	3,000E+1
647,230	0,320	0,075	2,149E+1	3,000E+1
648,230	0,320	0,075	2,149E+1	3,000E+1
649,230	0,320	0,075	2,149E+1	3,000E+1
650,230	0,320	0,075	2,149E+1	3,000E+1
651,231	0,320	0,075	2,149E+1	3,000E+1
652,231	0,320	0,075	2,150E+1	3,000E+1
653,231	0,320	0,075	2,150E+1	3,000E+1
654,233	0,320	0,075	2,150E+1	3,000E+1
655,232	0,320	0,075	2,150E+1	3,000E+1
656,232	0,320	0,075	2,150E+1	3,000E+1
657,232	0,320	0,075	2,150E+1	3,000E+1
658,232	0,320	0,075	2,150E+1	3,000E+1
659,233	0,320	0,075	2,150E+1	3,000E+1
660,234	0,320	0,075	2,150E+1	3,000E+1
661,234	0,320	0,075	2,151E+1	3,000E+1
662,234	0,320	0,075	2,151E+1	3,000E+1
663,234	0,320	0,075	2,151E+1	3,000E+1
664,234	0,320	0,075	2,151E+1	3,000E+1
665,235	0,320	0,075	2,151E+1	3,000E+1
666,235	0,320	0,075	2,151E+1	3,000E+1
667,236	0,320	0,075	2,151E+1	3,000E+1
668,236	0,320	0,075	2,151E+1	3,000E+1
669,235	0,320	0,075	2,151E+1	3,000E+1
670,235	0,320	0,075	2,151E+1	3,000E+1
671,235	0,320	0,075	2,151E+1	3,000E+1
672,236	0,320	0,075	2,151E+1	3,000E+1
673,237	0,320	0,075	2,151E+1	3,000E+1
674,237	0,320	0,075	2,151E+1	3,000E+1
675,237	0,320	0,075	2,152E+1	3,000E+1
676,237	0,320	0,075	2,152E+1	3,000E+1
677,238	0,320	0,075	2,152E+1	3,000E+1
678,237	0,320	0,075	2,152E+1	3,000E+1
679,237	0,320	0,075	2,152E+1	3,000E+1
680,237	0,320	0,075	2,152E+1	3,000E+1
681,237	0,320	0,075	2,152E+1	3,000E+1
682,237	0,320	0,075	2,152E+1	3,000E+1
683,238	0,320	0,075	2,152E+1	3,000E+1
684,239	0,320	0,075	2,152E+1	3,000E+1
685,239	0,320	0,075	2,153E+1	3,000E+1
686,240	0,320	0,075	2,153E+1	3,000E+1
687,241	0,320	0,075	2,153E+1	3,000E+1
688,242	0,320	0,075	2,153E+1	3,000E+1
689,242	0,320	0,075	2,153E+1	3,000E+1
690,242	0,320	0,075	2,153E+1	3,000E+1
691,242	0,320	0,075	2,153E+1	3,000E+1
692,243	0,320	0,075	2,153E+1	3,000E+1
693,245	0,320	0,075	2,153E+1	3,000E+1
694,244	0,320	0,075	2,153E+1	3,000E+1
695,245	0,320	0,075	2,153E+1	3,000E+1
696,245	0,320	0,075	2,153E+1	3,000E+1
697,247	0,320	0,075	2,154E+1	3,000E+1
698,247	0,320	0,075	2,154E+1	3,000E+1
699,248	0,320	0,075	2,153E+1	3,000E+1
700,249	0,320	0,075	2,153E+1	3,000E+1
701,250	0,320	0,075	2,154E+1	3,000E+1
702,250	0,320	0,075	2,154E+1	3,000E+1
703,250	0,320	0,075	2,154E+1	3,000E+1
704,251	0,320	0,075	2,154E+1	3,000E+1
705,252	0,320	0,075	2,154E+1	3,000E+1
706,253	0,320	0,075	2,154E+1	3,000E+1
707,253	0,320	0,075	2,154E+1	3,000E+1
708,254	0,320	0,075	2,155E+1	3,000E+1
709,254	0,320	0,075	2,154E+1	3,000E+1
710,254	0,320	0,075	2,154E+1	3,000E+1
711,254	0,320	0,075	2,154E+1	3,000E+1
712,255	0,320	0,075	2,155E+1	3,000E+1
713,254	0,320	0,075	2,154E+1	3,000E+1
714,254	0,320	0,075	2,155E+1	3,000E+1
715,254	0,320	0,075	2,155E+1	3,000E+1
716,255	0,320	0,075	2,155E+1	3,000E+1
717,255	0,320	0,075	2,155E+1	3,000E+1
718,257	0,320	0,075	2,155E+1	3,000E+1
719,257	0,320	0,075	2,155E+1	3,000E+1
720,257	0,320	0,075	2,155E+1	3,000E+1
721,257	0,320	0,075	2,155E+1	3,000E+1
722,257	0,320	0,075	2,155E+1	3,000E+1
723,257	0,320	0,075	2,155E+1	3,000E+1
724,257	0,320	0,075	2,155E+1	3,000E+1
725,257	0,320	0,075	2,155E+1	3,000E+1
726,258	0,320	0,075	2,156E+1	3,000E+1
727,258	0,320	0,075	2,156E+1	3,000E+1
728,257	0,320	0,075	2,156E+1	3,000E+1
729,257	0,320	0,075	2,156E+1	3,000E+1
730,257	0,320	0,075	2,156E+1	3,000E+1
731,258	0,320	0,075	2,156E+1	3,000E+1
732,257	0,320	0,075	2,156E+1	3,000E+1
733,258	0,320	0,075	2,156E+1	3,000E+1
734,258	0,320	0,075	2,156E+1	3,000E+1
735,258	0,320	0,075	2,156E+1	3,000E+1
736,258	0,320	0,075	2,156E+1	3,000E+1
737,259	0,320	0,075	2,156E+1	3,000E+1
738,259	0,320	0,075	2,156E+1	3,000E+1
739,261	0,320	0,075	2,156E+1	3,000E+1
740,260	0,320	0,075	2,157E+1	3,000E+1
741,261	0,320	0,075	2,156E+1	3,000E+1
742,261	0,320	0,075	2,157E+1	3,000E+1
743,263	0,320	0,075	2,157E+1	3,000E+1
744,262	0,320	0,075	2,157E+1	3,000E+1
745,262	0,320	0,075	2,157E+1	3,000E+1
746,263	0,320	0,075	2,157E+1	3,000E+1
747,264	0,320	0,075	2,157E+1	3,000E+1
748,263	0,320	0,075	2,157E+1	3,000E+1
749,263	0,320	0,075	2,157E+1	3,000E+1
750,263	0,320	0,075	2,157E+1	3,000E+1
751,264	0,320	0,075	2,157E+1	3,000E+1
752,263	0,320	0,075	2,157E+1	3,000E+1
753,263	0,320	0,075	2,157E+1	3,000E+1
754,263	0,320	0,075	2,158E+1	3,000E+1
755,263	0,320	0,075	2,157E+1	3,000E+1
756,263	0,320	0,075	2,157E+1	3,000E+1
757,263	0,320	0,075	2,158E+1	3,000E+1
758,264	0,320	0,075	2,157E+1	3,000E+1
759,264	0,320	0,075	2,158E+1	3,000E+1
760,264	0,320	0,075	2,157E+1	3,000E+1
761,265	0,320	0,075	2,158E+1	3,000E+1
762,266	0,320	0,075	2,158E+1	3,000E+1
763,267	0,320	0,075	2,158E+1	3,000E+1
764,266	0,320	0,075	2,158E+1	3,000E+1
765,266	0,320	0,075	2,158E+1	3,000E+1
766,266	0,320	0,075	2,158E+1	3,000E+1
767,267	0,320	0,075	2,158E+1	3,000E+1
768,267	0,320	0,075	2,158E+1	3,000E+1
769,267	0,320	0,075	2,158E+1	3,000E+1
770,268	0,320	0,075	2,158E+1	3,000E+1
771,269	0,320	0,075	2,158E+1	3,000E+1
772,269	0,320	0,075	2,158E+1	3,000E+1
773,268	0,320	0,075	2,158E+1	3,000E+1
774,268	0,320	0,075	2,158E+1	3,000E+1
775,269	0,320	0,075	2,159E+1	3,000E+1
776,270	0,320	0,075	2,159E+1	3,000E+1
777,271	0,320	0,075	2,159E+1	3,000E+1
778,271	0,320	0,075	2,159E+1	3,000E+1
779,272	0,320	0,075	2,158E+1	3,000E+1
780,271	0,320	0,075	2,159E+1	3,000E+1
781,272	0,320	0,075	2,159E+1	3,000E+1
782,273	0,320	0,075	2,159E+1	3,000E+1
783,273	0,320	0,075	2,159E+1	3,000E+1
784,275	0,320	0,075	2,159E+1	3,000E+1
785,275	0,320	0,075	2,159E+1	3,000E+1
786,274	0,320	0,075	2,159E+1	3,000E+1
787,274	0,320	0,075	2,159E+1	3,000E+1
788,274	0,320	0,075	2,159E+1	3,000E+1
789,274	0,320	0,075	2,160E+1	3,000E+1
790,275	0,320	0,075	2,159E+1	3,000E+1
791,275	0,320	0,075	2,160E+1	3,000E+1
792,275	0,320	0,075	2,159E+1	3,000E+1
793,276	0,320	0,075	2,159E+1	3,000E+1
794,276	0,320	0,075	2,159E+1	3,000E+1
795,276	0,320	0,075	2,160E+1	3,000E+1
796,276	0,320	0,075	2,160E+1	3,000E+1
797,276	0,320	0,075	2,159E+1	3,000E+1
798,276	0,320	0,075	2,160E+1	3,000E+1
799,277	0,320	0,075	2,160E+1	3,000E+1
800,277	0,320	0,075	2,160E+1	3,000E+1
801,277	0,320	0,075	2,160E+1	3,000E+1
802,278	0,320	0,075	2,160E+1	3,000E+1
803,279	0,320	0,075	2,160E+1	3,000E+1
804,280	0,320	0,075	2,160E+1	3,000E+1
805,281	0,320	0,075	2,160E+1	3,000E+1
806,281	0,320	0,075	2,160E+1	3,000E+1
807,281	0,320	0,075	2,160E+1	3,000E+1
808,281	0,320	0,075	2,160E+1	3,000E+1
809,281	0,320	0,075	2,160E+1	3,000E+1
810,283	0,320	0,075	2,160E+1	3,000E+1
811,282	0,320	0,075	2,160E+1	3,000E+1
812,282	0,320	0,075	2,160E+1	3,000E+1
813,282	0,320	0,075	2,160E+1	3,000E+1
814,282	0,320	0,075	2,160E+1	3,000E+1
815,283	0,320	0,075	2,161E+1	3,000E+1
816,282	0,320	0,075	2,161E+1	3,000E+1
817,282	0,320	0,075	2,161E+1	3,000E+1
818,282	0,320	0,075	2,161E+1	3,000E+1
819,282	0,320	0,075	2,160E+1	3,000E+1
820,282	0,320	0,075	2,161E+1	3,000E+1
821,282	0,320	0,075	2,161E+1	3,000E+1
822,282	0,320	0,075	2,161E+1	3,000E+1
823,283	0,320	0,075	2,161E+1	3,000E+1
824,283	0,320	0,075	2,161E+1	3,000E+1
825,283	0,320	0,075	2,161E+1	3,000E+1
826,283	0,320	0,075	2,161E+1	3,000E+1
827,283	0,320	0,075	2,161E+1	3,000E+1
828,283	0,320	0,075	2,161E+1	3,000E+1
829,283	0,320	0,075	2,161E+1	3,000E+1
830,283	0,320	0,075	2,161E+1	3,000E+1
831,284	0,320	0,075	2,161E+1	3,000E+1
832,283	0,320	0,075	2,161E+1	3,000E+1
833,284	0,320	0,075	2,161E+1	3,000E+1
834,285	0,320	0,075	2,161E+1	3,000E+1
835,285	0,320	0,075	2,161E+1	3,000E+1
836,285	0,320	0,075	2,161E+1	3,000E+1
837,285	0,320	0,075	2,161E+1	3,000E+1
838,285	0,320	0,075	2,162E+1	3,000E+1
839,285	0,320	0,075	2,161E+1	3,000E+1
840,285	0,320	0,075	2,161E+1	3,000E+1
841,285	0,320	0,075	2,162E+1	3,000E+1
842,286	0,320	0,075	2,162E+1	3,000E+1
843,286	0,320	0,075	2,162E+1	3,000E+1
844,286	0,320	0,075	2,162E+1	3,000E+1
845,287	0,320	0,075	2,162E+1	3,000E+1
846,287	0,320	0,075	2,162E+1	3,000E+1
847,289	0,320	0,075	2,162E+1	3,000E+1
848,288	0,320	0,075	2,162E+1	3,000E+1
849,288	0,320	0,075	2,162E+1	3,000E+1
850,288	0,320	0,075	2,162E+1	3,000E+1
851,289	0,320	0,075	2,162E+1	3,000E+1
852,290	0,320	0,075	2,162E+1	3,000E+1
853,290	0,320	0,075	2,162E+1	3,000E+1
854,291	0,320	0,075	2,162E+1	3,000E+1
855,292	0,320	0,075	2,162E+1	3,000E+1
856,291	0,320	0,075	2,162E+1	3,000E+1
857,293	0,320	0,075	2,162E+1	3,000E+1
858,292	0,320	0,075	2,162E+1	3,000E+1
859,293	0,320	0,075	2,162E+1	3,000E+1
860,293	0,320	0,075	2,162E+1	3,000E+1
861,293	0,320	0,075	2,162E+1	3,000E+1
862,293	0,320	0,075	2,163E+1	3,000E+1
863,294	0,320	0,075	2,162E+1	3,000E+1
864,294	0,320	0,075	2,162E+1	3,000E+1
865,294	0,320	0,075	2,163E+1	3,000E+1
866,295	0,320	0,075	2,163E+1	3,000E+1
867,296	0,320	0,075	2,163E+1	3,000E+1
868,295	0,320	0,075	2,162E+1	3,000E+1
869,295	0,320	0,075	2,162E+1	3,000E+1
870,295	0,255	0,075	1,552E+1	3,000E+1
871,296	0,255	0,075	1,728E+1	3,000E+1
872,297	0,320	0,075	2,292E+1	3,000E+1
873,296	0,320	0,075	2,162E+1	3,000E+1
874,296	0,320	0,075	2,163E+1	3,000E+1
875,298	0,320	0,075	2,163E+1	3,000E+1
876,297	0,320	0,075	2,163E+1	3,000E+1
877,297	0,320	0,075	2,163E+1	3,000E+1
878,297	0,320	0,075	2,162E+1	3,000E+1
879,298	0,320	0,075	2,163E+1	3,000E+1
880,298	0,320	0,075	2,163E+1	3,000E+1
881,297	0,320	0,075	2,163E+1	3,000E+1
882,297	0,320	0,075	2,163E+1	3,000E+1
883,298	0,320	0,075	2,163E+1	3,000E+1
884,299	0,320	0,075	2,162E+1	3,000E+1
885,298	0,320	0,075	2,163E+1	3,000E+1
886,299	0,320	0,075	2,163E+1	3,000E+1
887,301	0,320	0,075	2,163E+1	3,000E+1
888,300	0,320	0,075	2,163E+1	3,000E+1
889,301	0,320	0,075	2,163E+1	3,000E+1
890,301	0,320	0,075	2,163E+1	3,000E+1
891,302	0,320	0,075	2,163E+1	3,000E+1
892,302	0,320	0,075	2,164E+1	3,000E+1
893,304	0,320	0,075	2,163E+1	3,000E+1
894,303	0,320	0,075	2,163E+1	3,000E+1
895,304	0,320	0,075	2,163E+1	3,000E+1
896,304	0,320	0,075	2,163E+1	3,000E+1
897,305	0,320	0,075	2,163E+1	3,000E+1
898,305	0,320	0,075	2,163E+1	3,000E+1
899,306	0,320	0,075	2,164E+1	3,000E+1
900,307	0,320	0,075	2,163E+1	3,000E+1
901,308	0,320	0,075	2,163E+1	3,000E+1
902,307	0,320	0,075	2,163E+1	3,000E+1
903,309	0,320	0,075	2,163E+1	3,000E+1
904,308	0,320	0,075	2,164E+1	3,000E+1
905,308	0,320	0,075	2,163E+1	3,000E+1
906,308	0,320	0,075	2,164E+1	3,000E+1
907,308	0,320	0,075	2,164E+1	3,000E+1
908,308	0,320	0,075	2,164E+1	3,000E+1
909,308	0,320	0,075	2,164E+1	3,000E+1
910,309	0,320	0,075	2,163E+1	3,000E+1
911,308	0,320	0,075	2,164E+1	3,000E+1
912,309	0,320	0,075	2,164E+1	3,000E+1
913,310	0,320	0,075	2,164E+1	3,000E+1
914,310	0,320	0,075	2,163E+1	3,000E+1
915,310	0,320	0,075	2,164E+1	3,000E+1
916,311	0,320	0,075	2,164E+1	3,000E+1
917,312	0,320	0,075	2,164E+1	3,000E+1
918,311	0,320	0,075	2,164E+1	3,000E+1
919,312	0,320	0,075	2,164E+1	3,000E+1
920,312	0,320	0,075	2,164E+1	3,000E+1
921,314	0,320	0,075	2,164E+1	3,000E+1
922,314	0,320	0,075	2,164E+1	3,000E+1
923,314	0,320	0,075	2,164E+1	3,000E+1
924,314	0,320	0,075	2,164E+1	3,000E+1
925,315	0,320	0,075	2,164E+1	3,000E+1
926,315	0,320	0,075	2,164E+1	3,000E+1
927,315	0,320	0,075	2,164E+1	3,000E+1
928,315	0,320	0,075	2,164E+1	3,000E+1
929,316	0,320	0,075	2,164E+1	3,000E+1
930,316	0,320	0,075	2,164E+1	3,000E+1
931,318	0,320	0,075	2,165E+1	3,000E+1
932,317	0,320	0,075	2,164E+1	3,000E+1
933,318	0,320	0,075	2,165E+1	3,000E+1
934,319	0,320	0,075	2,164E+1	3,000E+1
935,320	0,320	0,075	2,164E+1	3,000E+1
936,319	0,320	0,075	2,164E+1	3,000E+1
937,320	0,320	0,075	2,165E+1	3,000E+1
938,320	0,320	0,075	2,165E+1	3,000E+1
939,321	0,320	0,075	2,164E+1	3,000E+1
940,321	0,320	0,075	2,165E+1	3,000E+1
941,321	0,320	0,075	2,165E+1	3,000E+1
942,322	0,320	0,075	2,165E+1	3,000E+1
943,322	0,320	0,075	2,165E+1	3,000E+1
944,322	0,320	0,075	2,164E+1	3,000E+1
945,322	0,320	0,075	2,165E+1	3,000E+1
946,323	0,320	0,075	2,165E+1	3,000E+1
947,323	0,320	0,075	2,165E+1	3,000E+1
948,324	0,320	0,075	2,165E+1	3,000E+1
949,325	0,320	0,075	2,165E+1	3,000E+1
950,325	0,320	0,075	2,165E+1	3,000E+1
951,325	0,320	0,075	2,165E+1	3,000E+1
952,326	0,320	0,075	2,165E+1	3,000E+1
953,326	0,320	0,075	2,165E+1	3,000E+1
954,327	0,320	0,075	2,165E+1	3,000E+1
955,327	0,320	0,075	2,165E+1	3,000E+1
956,327	0,320	0,075	2,165E+1	3,000E+1
957,329	0,320	0,075	2,165E+1	3,000E+1
958,328	0,320	0,075	2,165E+1	3,000E+1
959,329	0,320	0,075	2,165E+1	3,000E+1
960,329	0,038	0,075	2,920E+0	3,000E+1
961,330	0,038	0,075	2,930E+0	3,000E+1
962,330	0,320	0,075	2,164E+1	3,000E+1
963,330	0,320	0,075	2,164E+1	3,000E+1
964,332	0,320	0,075	2,164E+1	3,000E+1
965,331	0,320	0,075	2,164E+1	3,000E+1
966,332	0,320	0,075	2,164E+1	3,000E+1
967,332	0,320	0,075	2,164E+1	3,000E+1
968,332	0,320	0,075	2,164E+1	3,000E+1
969,332	0,320	0,075	2,164E+1	3,000E+1
970,333	0,320	0,075	2,164E+1	3,000E+1
971,334	0,320	0,075	2,164E+1	3,000E+1
972,334	0,320	0,075	2,164E+1	3,000E+1
973,335	0,320	0,075	2,164E+1	3,000E+1
974,336	0,320	0,075	2,164E+1	3,000E+1
975,336	0,320	0,075	2,164E+1	3,000E+1
976,336	0,320	0,075	2,164E+1	3,000E+1
977,337	0,320	0,075	2,164E+1	3,000E+1
978,337	0,248	0,075	1,685E+1	3,000E+1
979,337	0,248	0,075	1,685E+1	3,000E+1
980,337	0,320	0,075	2,163E+1	3,000E+1
981,338	0,320	0,075	2,163E+1	3,000E+1
982,339	0,320	0,075	2,163E+1	3,000E+1
983,339	0,320	0,075	2,163E+1	3,000E+1
984,340	0,320	0,075	2,163E+1	3,000E+1
985,341	0,320	0,075	2,163E+1	3,000E+1
986,343	0,320	0,075	2,163E+1	3,000E+1
987,342	0,320	0,075	2,163E+1	3,000E+1
988,342	0,320	0,075	2,164E+1	3,000E+1
989,342	0,320	0,075	2,163E+1	3,000E+1
990,343	0,320	0,075	2,164E+1	3,000E+1
991,345	0,320	0,075	2,164E+1	3,000E+1
992,345	0,320	0,075	2,164E+1	3,000E+1
993,345	0,320	0,075	2,164E+1	3,000E+1
994,346	0,320	0,075	2,164E+1	3,000E+1
995,345	0,320	0,075	2,164E+1	3,000E+1
996,345	0,320	0,075	2,164E+1	3,000E+1
997,346	0,320	0,075	2,163E+1	3,000E+1
998,346	0,174	0,075	1,194E+1	3,000E+1
999,347	0,174	0,075	1,194E+1	3,000E+1
1000,346	0,320	0,075	2,163E+1	3,000E+1
1001,346	0,320	0,075	2,163E+1	3,000E+1
1002,347	0,320	0,075	2,163E+1	3,000E+1
1003,347	0,320	0,075	2,163E+1	3,000E+1
1004,347	0,320	0,075	2,163E+1	3,000E+1
1005,348	0,320	0,075	2,163E+1	3,000E+1
1006,347	0,320	0,075	2,163E+1	3,000E+1
1007,347	0,320	0,075	2,162E+1	3,000E+1
1008,349	0,320	0,075	2,163E+1	3,000E+1
1009,348	0,320	0,075	2,163E+1	3,000E+1
1010,348	0,320	0,075	2,163E+1	3,000E+1
1011,349	0,320	0,075	2,163E+1	3,000E+1
1012,350	0,320	0,075	2,163E+1	3,000E+1
1013,349	0,320	0,075	2,163E+1	3,000E+1
1014,349	0,320	0,075	2,163E+1	3,000E+1
1015,349	0,320	0,075	2,163E+1	3,000E+1
1016,349	0,320	0,075	2,163E+1	3,000E+1
1017,350	0,320	0,075	2,163E+1	3,000E+1
1018,349	0,320	0,075	2,163E+1	3,000E+1
1019,349	0,320	0,075	2,163E+1	3,000E+1
1020,350	0,320	0,075	2,163E+1	3,000E+1
1021,350	0,320	0,075	2,163E+1	3,000E+1
1022,350	0,320	0,075	2,163E+1	3,000E+1
1023,350	0,320	0,075	2,163E+1	3,000E+1
1024,351	0,320	0,075	2,163E+1	3,000E+1
1025,352	0,320	0,075	2,163E+1	3,000E+1
1026,352	0,309	0,075	2,093E+1	3,000E+1
1027,352	0,309	0,075	2,093E+1	3,000E+1
1028,352	0,320	0,075	2,163E+1	3,000E+1
1029,352	0,320	0,075	2,163E+1	3,000E+1
1030,353	0,320	0,075	2,163E+1	3,000E+1
1031,353	0,320	0,075	2,163E+1	3,000E+1
1032,354	0,320	0,075	2,163E+1	3,000E+1
1033,353	0,320	0,075	2,163E+1	3,000E+1
1034,355	0,320	0,075	2,163E+1	3,000E+1
1035,354	0,320	0,075	2,163E+1	3,000E+1
1036,355	0,320	0,075	2,163E+1	3,000E+1
1037,357	0,320	0,075	2,163E+1	3,000E+1
1038,357	0,320	0,075	2,163E+1	3,000E+1
1039,357	0,320	0,075	2,163E+1	3,000E+1
1040,357	0,320	0,075	2,163E+1	3,000E+1
1041,357	0,320	0,075	2,163E+1	3,000E+1
1042,359	0,320	0,075	2,163E+1	3,000E+1
1043,358	0,320	0,075	2,163E+1	3,000E+1
1044,358	0,320	0,075	2,163E+1	3,000E+1
1045,359	0,320	0,075	2,163E+1	3,000E+1
1046,360	0,320	0,075	2,164E+1	3,000E+1
1047,362	0,320	0,075	2,164E+1	3,000E+1
1048,361	0,320	0,075	2,164E+1	3,000E+1
1049,361	0,320	0,075	2,163E+1	3,000E+1
1050,361	0,320	0,075	2,164E+1	3,000E+1
1051,361	0,320	0,075	2,163E+1	3,000E+1
1052,361	0,320	0,075	2,163E+1	3,000E+1
1053,361	0,320	0,075	2,164E+1	3,000E+1
1054,362	0,320	0,075	2,164E+1	3,000E+1
1055,362	0,320	0,075	2,164E+1	3,000E+1
1056,362	0,320	0,075	2,164E+1	3,000E+1
1057,363	0,320	0,075	2,164E+1	3,000E+1
1058,365	0,320	0,075	2,164E+1	3,000E+1
1059,364	0,320	0,075	2,164E+1	3,000E+1
1060,365	0,320	0,075	2,164E+1	3,000E+1
1061,364	0,320	0,075	2,164E+1	3,000E+1
1062,365	0,320	0,075	2,164E+1	3,000E+1
1063,367	0,320	0,075	2,164E+1	3,000E+1
1064,366	0,320	0,075	2,164E+1	3,000E+1
1065,366	0,320	0,075	2,164E+1	3,000E+1
1066,367	0,320	0,075	2,164E+1	3,000E+1
1067,368	0,320	0,075	2,164E+1	3,000E+1
1068,368	0,221	0,075	1,503E+1	3,000E+1
1069,369	0,221	0,075	1,503E+1	3,000E+1
1070,369	0,320	0,075	2,163E+1	3,000E+1
1071,369	0,320	0,075	2,163E+1	3,000E+1
1072,371	0,320	0,075	2,164E+1	3,000E+1
1073,370	0,320	0,075	2,164E+1	3,000E+1
1074,370	0,320	0,075	2,164E+1	3,000E+1
1075,370	0,320	0,075	2,164E+1	3,000E+1
1076,370	0,320	0,075	2,164E+1	3,000E+1
1077,371	0,320	0,075	2,164E+1	3,000E+1
1078,372	0,320	0,075	2,164E+1	3,000E+1
1079,372	0,320	0,075	2,164E+1	3,000E+1
1080,373	0,320	0,075	2,164E+1	3,000E+1
1081,373	0,320	0,075	2,164E+1	3,000E+1
1082,374	0,320	0,075	2,164E+1	3,000E+1
1083,374	0,320	0,075	2,164E+1	3,000E+1
1084,376	0,320	0,075	2,164E+1	3,000E+1
1085,377	0,320	0,075	2,164E+1	3,000E+1
1086,376	0,320	0,075	2,164E+1	3,000E+1
1087,377	0,320	0,075	2,164E+1	3,000E+1
1088,378	0,320	0,075	2,164E+1	3,000E+1
1089,377	0,320	0,075	2,164E+1	3,000E+1
1090,377	0,320	0,075	2,164E+1	3,000E+1
1091,379	0,320	0,075	2,164E+1	3,000E+1
1092,378	0,272	0,075	1,845E+1	3,000E+1
1093,378	0,272	0,075	1,845E+1	3,000E+1
1094,378	0,320	0,075	2,163E+1	3,000E+1
1095,378	0,320	0,075	2,164E+1	3,000E+1
1096,378	0,320	0,075	2,164E+1	3,000E+1
1097,378	0,320	0,075	2,164E+1	3,000E+1
1098,378	0,320	0,075	2,164E+1	3,000E+1
1099,378	0,320	0,075	2,164E+1	3,000E+1
1100,379	0,320	0,075	2,164E+1	3,000E+1
1101,379	0,320	0,075	2,164E+1	3,000E+1
1102,379	0,320	0,075	2,164E+1	3,000E+1
1103,380	0,320	0,075	2,164E+1	3,000E+1
1104,380	0,067	0,075	4,880E+0	3,000E+1
1105,379	0,067	0,075	4,830E+0	3,000E+1
1106,379	0,320	0,075	2,935E+1	3,000E+1
1107,380	0,320	0,075	2,163E+1	3,000E+1
1108,381	0,320	0,075	2,163E+1	3,000E+1
1109,382	0,320	0,075	2,163E+1	3,000E+1
1110,381	0,320	0,075	2,162E+1	3,000E+1
1111,381	0,320	0,075	2,163E+1	3,000E+1
1112,381	0,320	0,075	2,163E+1	3,000E+1
1113,381	0,320	0,075	2,163E+1	3,000E+1
1114,382	0,320	0,075	2,163E+1	3,000E+1
1115,382	0,320	0,075	2,163E+1	3,000E+1
1116,384	0,320	0,075	2,163E+1	3,000E+1
1117,383	0,320	0,075	2,163E+1	3,000E+1
1118,383	0,320	0,075	2,163E+1	3,000E+1
1119,384	0,320	0,075	2,163E+1	3,000E+1
1120,385	0,320	0,075	2,163E+1	3,000E+1
1121,384	0,320	0,075	2,163E+1	3,000E+1
1122,385	0,320	0,075	2,163E+1	3,000E+1
1123,385	0,320	0,075	2,163E+1	3,000E+1
1124,385	0,000	0,075	3,000E-1	3,000E+1
1125,385	0,000	0,075	3,600E-1	3,000E+1
1126,386	0,320	0,075	2,162E+1	3,000E+1
1127,385	0,320	0,075	2,162E+1	3,000E+1
1128,385	0,320	0,075	2,162E+1	3,000E+1
1129,386	0,320	0,075	2,162E+1	3,000E+1
1130,386	0,320	0,075	2,162E+1	3,000E+1
1131,387	0,320	0,075	2,162E+1	3,000E+1
1132,386	0,320	0,075	2,162E+1	3,000E+1
1133,387	0,320	0,075	2,162E+1	3,000E+1
1134,387	0,320	0,075	2,162E+1	3,000E+1
1135,387	0,320	0,075	2,162E+1	3,000E+1
1136,388	0,320	0,075	2,162E+1	3,000E+1
1137,388	0,320	0,075	2,162E+1	3,000E+1
1138,388	0,320	0,075	2,162E+1	3,000E+1
1139,388	0,320	0,075	2,162E+1	3,000E+1
1140,388	0,320	0,075	2,162E+1	3,000E+1
1141,389	0,320	0,075	2,162E+1	3,000E+1
1142,389	0,320	0,075	2,162E+1	3,000E+1
1143,390	0,320	0,075	2,162E+1	3,000E+1
1144,391	0,320	0,075	2,162E+1	3,000E+1
1145,391	0,320	0,075	2,162E+1	3,000E+1
1146,392	0,320	0,075	2,162E+1	3,000E+1
1147,392	0,320	0,075	2,162E+1	3,000E+1
1148,392	0,302	0,075	2,041E+1	3,000E+1
1149,392	0,302	0,075	2,040E+1	3,000E+1
1150,392	0,320	0,075	2,162E+1	3,000E+1
1151,394	0,320	0,075	2,162E+1	3,000E+1
1152,394	0,320	0,075	2,162E+1	3,000E+1
1153,396	0,320	0,075	2,162E+1	3,000E+1
1154,395	0,320	0,075	2,162E+1	3,000E+1
1155,395	0,320	0,075	2,162E+1	3,000E+1
1156,397	0,320	0,075	2,163E+1	3,000E+1
1157,396	0,320	0,075	2,162E+1	3,000E+1
1158,398	0,264	0,075	1,790E+1	3,000E+1
1159,397	0,264	0,075	1,792E+1	3,000E+1
1160,398	0,320	0,075	2,163E+1	3,000E+1
1161,398	0,320	0,075	2,162E+1	3,000E+1
1162,400	0,320	0,075	2,163E+1	3,000E+1
1163,400	0,320	0,075	2,162E+1	3,000E+1
1164,400	0,320	0,075	2,162E+1	3,000E+1
1165,400	0,320	0,075	2,162E+1	3,000E+1
1166,400	0,278	0,075	1,882E+1	3,000E+1
1167,400	0,278	0,075	1,881E+1	3,000E+1
1168,401	0,320	0,075	2,162E+1	3,000E+1
1169,401	0,320	0,075	2,162E+1	3,000E+1
1170,401	0,320	0,075	2,162E+1	3,000E+1
1171,401	0,320	0,075	2,162E+1	3,000E+1
1172,402	0,320	0,075	2,162E+1	3,000E+1
1173,402	0,320	0,075	2,162E+1	3,000E+1
1174,402	0,320	0,075	2,162E+1	3,000E+1
1175,403	0,320	0,075	2,162E+1	3,000E+1
1176,403	0,320	0,075	2,162E+1	3,000E+1
1177,403	0,320	0,075	2,162E+1	3,000E+1
1178,403	0,320	0,075	2,163E+1	3,000E+1
1179,403	0,320	0,075	2,162E+1	3,000E+1
1180,403	0,320	0,075	2,162E+1	3,000E+1
1181,403	0,320	0,075	2,163E+1	3,000E+1
1182,403	0,320	0,075	2,162E+1	3,000E+1
1183,403	0,320	0,075	2,163E+1	3,000E+1
1184,403	0,320	0,075	2,163E+1	3,000E+1
1185,403	0,320	0,075	2,163E+1	3,000E+1
1186,404	0,320	0,075	2,163E+1	3,000E+1
1187,403	0,320	0,075	2,163E+1	3,000E+1
1188,403	0,320	0,075	2,163E+1	3,000E+1
1189,403	0,320	0,075	2,163E+1	3,000E+1
1190,404	0,320	0,075	2,163E+1	3,000E+1
1191,405	0,320	0,075	2,163E+1	3,000E+1
1192,405	0,320	0,075	2,163E+1	3,000E+1
1193,406	0,320	0,075	2,163E+1	3,000E+1
1194,406	0,320	0,075	2,163E+1	3,000E+1
1195,406	0,320	0,075	2,163E+1	3,000E+1
1196,406	0,320	0,075	2,163E+1	3,000E+1
1197,406	0,320	0,075	2,163E+1	3,000E+1
1198,407	0,052	0,075	3,850E+0	3,000E+1
1199,407	0,052	0,075	3,840E+0	3,000E+1
1200,407	0,320	0,075	2,162E+1	3,000E+1
1201,407	0,320	0,075	2,162E+1	3,000E+1
1202,407	0,320	0,075	2,162E+1	3,000E+1
1203,407	0,320	0,075	2,162E+1	3,000E+1
1204,408	0,320	0,075	2,162E+1	3,000E+1
1205,408	0,320	0,075	2,162E+1	3,000E+1
1206,408	0,320	0,075	2,162E+1	3,000E+1
1207,410	0,320	0,075	2,162E+1	3,000E+1
1208,409	0,320	0,075	2,162E+1	3,000E+1
1209,410	0,320	0,075	2,162E+1	3,000E+1
1210,410	0,320	0,075	2,162E+1	3,000E+1
1211,410	0,320	0,075	2,162E+1	3,000E+1
1212,410	0,320	0,075	2,162E+1	3,000E+1
1213,411	0,320	0,075	2,162E+1	3,000E+1
1214,411	0,320	0,075	2,162E+1	3,000E+1
1215,411	0,320	0,075	2,162E+1	3,000E+1
1216,412	0,320	0,075	2,162E+1	3,000E+1
1217,412	0,320	0,075	2,162E+1	3,000E+1
1218,412	0,320	0,075	2,162E+1	3,000E+1
1219,412	0,320	0,075	2,163E+1	3,000E+1
1220,412	0,320	0,075	2,163E+1	3,000E+1
1221,412	0,320	0,075	2,162E+1	3,000E+1
1222,412	0,319	0,075	2,155E+1	3,000E+1
1223,412	0,319	0,075	2,155E+1	3,000E+1
1224,412	0,320	0,075	2,162E+1	3,000E+1
1225,412	0,320	0,075	2,163E+1	3,000E+1
1226,412	0,320	0,075	2,163E+1	3,000E+1
1227,412	0,320	0,075	2,163E+1	3,000E+1
1228,412	0,320	0,075	2,163E+1	3,000E+1
1229,412	0,320	0,075	2,163E+1	3,000E+1
1230,412	0,320	0,075	2,163E+1	3,000E+1
1231,412	0,320	0,075	2,163E+1	3,000E+1
1232,412	0,320	0,075	2,163E+1	3,000E+1
1233,413	0,320	0,075	2,163E+1	3,000E+1
1234,412	0,320	0,075	2,163E+1	3,000E+1
1235,413	0,320	0,075	2,163E+1	3,000E+1
1236,413	0,320	0,075	2,163E+1	3,000E+1
1237,414	0,320	0,075	2,163E+1	3,000E+1
1238,414	0,320	0,075	2,163E+1	3,000E+1
1239,415	0,320	0,075	2,163E+1	3,000E+1
1240,415	0,320	0,075	2,163E+1	3,000E+1
1241,415	0,320	0,075	2,163E+1	3,000E+1
1242,416	0,320	0,075	2,163E+1	3,000E+1
1243,416	0,320	0,075	2,163E+1	3,000E+1
1244,416	0,320	0,075	2,163E+1	3,000E+1
1245,418	0,320	0,075	2,164E+1	3,000E+1
1246,417	0,320	0,075	2,163E+1	3,000E+1
1247,417	0,320	0,075	2,163E+1	3,000E+1
1248,417	0,320	0,075	2,164E+1	3,000E+1
1249,418	0,320	0,075	2,164E+1	3,000E+1
1250,418	0,320	0,075	2,164E+1	3,000E+1
1251,418	0,320	0,075	2,163E+1	3,000E+1
1252,418	0,320	0,075	2,164E+1	3,000E+1
1253,418	0,320	0,075	2,164E+1	3,000E+1
1254,418	0,267	0,075	1,814E+1	3,000E+1
1255,418	0,267	0,075	1,814E+1	3,000E+1
1256,418	0,320	0,075	2,163E+1	3,000E+1
1257,419	0,320	0,075	2,163E+1	3,000E+1
1258,419	0,320	0,075	2,163E+1	3,000E+1
1259,420	0,320	0,075	2,163E+1	3,000E+1
1260,420	0,320	0,075	2,164E+1	3,000E+1
1261,420	0,320	0,075	2,163E+1	3,000E+1
1262,420	0,320	0,075	2,163E+1	3,000E+1
1263,420	0,320	0,075	2,164E+1	3,000E+1
1264,420	0,320	0,075	2,164E+1	3,000E+1
1265,420	0,320	0,075	2,164E+1	3,000E+1
1266,420	0,320	0,075	2,164E+1	3,000E+1
1267,420	0,320	0,075	2,164E+1	3,000E+1
1268,420	0,320	0,075	2,164E+1	3,000E+1
1269,420	0,320	0,075	2,164E+1	3,000E+1
1270,420	0,209	0,075	1,423E+1	3,000E+1
1271,420	0,209	0,075	1,423E+1	3,000E+1
1272,420	0,320	0,075	2,163E+1	3,000E+1
1273,421	0,320	0,075	2,163E+1	3,000E+1
1274,421	0,320	0,075	2,163E+1	3,000E+1
1275,421	0,320	0,075	2,163E+1	3,000E+1
1276,421	0,320	0,075	2,163E+1	3,000E+1
1277,421	0,320	0,075	2,164E+1	3,000E+1
1278,421	0,320	0,075	2,164E+1	3,000E+1
1279,422	0,320	0,075	2,163E+1	3,000E+1
1280,421	0,320	0,075	2,164E+1	3,000E+1
1281,422	0,320	0,075	2,164E+1	3,000E+1
1282,422	0,000	0,075	3,000E-1	3,000E+1
1283,423	0,000	0,075	3,600E-1	3,000E+1
1284,423	0,320	0,075	2,163E+1	3,000E+1
1285,423	0,320	0,075	2,162E+1	3,000E+1
1286,423	0,320	0,075	2,162E+1	3,000E+1
1287,424	0,320	0,075	2,162E+1	3,000E+1
1288,424	0,320	0,075	2,163E+1	3,000E+1
1289,424	0,320	0,075	2,163E+1	3,000E+1
1290,424	0,320	0,075	2,161E+1	3,000E+1
1291,424	0,320	0,075	2,160E+1	3,000E+1
1292,424	0,320	0,075	2,162E+1	3,000E+1
1293,425	0,320	0,075	2,162E+1	3,000E+1
1294,426	0,320	0,075	2,161E+1	3,000E+1
1295,426	0,320	0,075	2,168E+1	3,000E+1
1296,427	0,320	0,075	2,162E+1	3,000E+1
1297,427	0,320	0,075	2,161E+1	3,000E+1
1298,427	0,320	0,075	2,160E+1	3,000E+1
1299,427	0,320	0,075	2,160E+1	3,000E+1
1300,427	0,320	0,075	2,161E+1	3,000E+1
1301,428	0,320	0,075	2,159E+1	3,000E+1
1302,428	0,320	0,075	2,161E+1	3,000E+1
1303,428	0,320	0,075	2,160E+1	3,000E+1
1304,429	0,320	0,075	2,160E+1	3,000E+1
1305,429	0,320	0,075	2,158E+1	3,000E+1
1306,429	0,320	0,075	2,163E+1	3,000E+1
1307,429	0,320	0,075	2,159E+1	3,000E+1
1308,429	0,320	0,075	2,158E+1	3,000E+1
1309,429	0,320	0,075	2,158E+1	3,000E+1
1310,429	0,320	0,075	2,196E+1	3,000E+1
1311,429	0,320	0,075	2,158E+1	3,000E+1
1312,430	0,320	0,075	2,157E+1	3,000E+1
1313,431	0,320	0,075	2,155E+1	3,000E+1
1314,431	0,314	0,075	2,114E+1	3,000E+1
1315,431	0,314	0,075	2,114E+1	3,000E+1
1316,431	0,320	0,075	2,154E+1	3,000E+1
1317,432	0,320	0,075	2,156E+1	3,000E+1
1318,432	0,320	0,075	2,155E+1	3,000E+1
1319,432	0,320	0,075	2,155E+1	3,000E+1
1320,432	0,320	0,075	2,154E+1	3,000E+1
1321,433	0,320	0,075	2,157E+1	3,000E+1
1322,433	0,320	0,075	2,153E+1	3,000E+1
1323,434	0,320	0,075	2,153E+1	3,000E+1
1324,435	0,320	0,075	2,144E+1	3,000E+1
1325,436	0,320	0,075	2,152E+1	3,000E+1
1326,436	0,320	0,075	2,151E+1	3,000E+1
1327,436	0,320	0,075	2,151E+1	3,000E+1
1328,436	0,320	0,075	2,149E+1	3,000E+1
1329,437	0,320	0,075	2,150E+1	3,000E+1
1330,438	0,320	0,075	2,149E+1	3,000E+1
1331,438	0,320	0,075	2,149E+1	3,000E+1
1332,438	0,320	0,075	2,148E+1	3,000E+1
1333,438	0,320	0,075	2,148E+1	3,000E+1
1334,438	0,320	0,075	2,148E+1	3,000E+1
1335,438	0,320	0,075	2,147E+1	3,000E+1
1336,438	0,271	0,075	1,820E+1	3,000E+1
1337,440	0,271	0,075	1,819E+1	3,000E+1
1338,439	0,076	0,075	5,360E+0	3,000E+1
1339,439	0,076	0,075	5,350E+0	3,000E+1
1340,440	0,086	0,075	6,020E+0	3,000E+1
1341,440	0,086	0,075	6,020E+0	3,000E+1
1342,440	0,317	0,075	2,122E+1	3,000E+1
1343,441	0,317	0,075	2,122E+1	3,000E+1
1344,441	0,320	0,075	2,140E+1	3,000E+1
1345,442	0,320	0,075	2,139E+1	3,000E+1
1346,441	0,320	0,075	2,139E+1	3,000E+1
1347,441	0,320	0,075	2,138E+1	3,000E+1
1348,442	0,320	0,075	2,138E+1	3,000E+1
1349,442	0,320	0,075	2,137E+1	3,000E+1
1350,443	0,243	0,075	1,627E+1	3,000E+1
1351,443	0,243	0,075	1,630E+1	3,000E+1
1352,443	0,320	0,075	2,135E+1	3,000E+1
1353,443	0,320	0,075	2,134E+1	3,000E+1
1354,444	0,320	0,075	2,134E+1	3,000E+1
1355,444	0,320	0,075	2,133E+1	3,000E+1
1356,444	0,320	0,075	2,133E+1	3,000E+1
1357,445	0,320	0,075	2,133E+1	3,000E+1
1358,445	0,303	0,075	2,024E+1	3,000E+1
1359,445	0,303	0,075	2,023E+1	3,000E+1
1360,445	0,320	0,075	2,131E+1	3,000E+1
1361,445	0,320	0,075	2,130E+1	3,000E+1
1362,446	0,320	0,075	2,130E+1	3,000E+1
1363,445	0,320	0,075	2,129E+1	3,000E+1
1364,445	0,320	0,075	2,128E+1	3,000E+1
1365,445	0,320	0,075	2,128E+1	3,000E+1
1366,445	0,000	0,075	3,000E-1	3,000E+1
1367,445	0,000	0,075	3,500E-1	3,000E+1
1368,445	0,226	0,075	1,513E+1	3,000E+1
1369,445	0,226	0,075	1,513E+1	3,000E+1
1370,445	0,320	0,075	2,123E+1	3,000E+1
1371,445	0,320	0,075	2,123E+1	3,000E+1
1372,446	0,320	0,075	2,122E+1	3,000E+1
1373,447	0,320	0,075	2,122E+1	3,000E+1
1374,447	0,320	0,075	2,121E+1	3,000E+1
1375,447	0,320	0,075	2,120E+1	3,000E+1
1376,447	0,320	0,075	2,120E+1	3,000E+1
1377,447	0,320	0,075	2,119E+1	3,000E+1
1378,447	0,320	0,075	2,119E+1	3,000E+1
1379,448	0,320	0,075	2,118E+1	3,000E+1
1380,448	0,320	0,075	2,118E+1	3,000E+1
1381,449	0,320	0,075	2,117E+1	3,000E+1
1382,450	0,320	0,075	2,117E+1	3,000E+1
1383,452	0,320	0,075	2,116E+1	3,000E+1
1384,452	0,320	0,075	2,115E+1	3,000E+1
1385,452	0,320	0,075	2,115E+1	3,000E+1
1386,453	0,320	0,075	2,114E+1	3,000E+1
1387,453	0,320	0,075	2,114E+1	3,000E+1
1388,453	0,320	0,075	2,114E+1	3,000E+1
1389,453	0,320	0,075	2,113E+1	3,000E+1
1390,453	0,320	0,075	2,113E+1	3,000E+1
1391,453	0,320	0,075	2,112E+1	3,000E+1
1392,453	0,320	0,075	2,111E+1	3,000E+1
1393,453	0,320	0,075	2,111E+1	3,000E+1
1394,453	0,320	0,075	2,110E+1	3,000E+1
1395,453	0,320	0,075	2,110E+1	3,000E+1
1396,453	0,320	0,075	2,109E+1	3,000E+1
1397,453	0,320	0,075	2,108E+1	3,000E+1
1398,453	0,320	0,075	2,108E+1	3,000E+1
1399,454	0,320	0,075	2,107E+1	3,000E+1
1400,455	0,320	0,075	2,107E+1	3,000E+1
1401,455	0,320	0,075	2,106E+1	3,000E+1
1402,455	0,320	0,075	2,105E+1	3,000E+1
1403,456	0,320	0,075	2,105E+1	3,000E+1
1404,456	0,320	0,075	2,105E+1	3,000E+1
1405,456	0,320	0,075	2,104E+1	3,000E+1
1406,456	0,303	0,075	1,995E+1	3,000E+1
1407,456	0,303	0,075	1,995E+1	3,000E+1
1408,456	0,320	0,075	2,102E+1	3,000E+1
1409,456	0,320	0,075	2,102E+1	3,000E+1
1410,456	0,320	0,075	2,101E+1	3,000E+1
1411,456	0,320	0,075	2,101E+1	3,000E+1
1412,456	0,320	0,075	2,100E+1	3,000E+1
1413,458	0,320	0,075	2,100E+1	3,000E+1
1414,459	0,320	0,075	2,099E+1	3,000E+1
1415,459	0,320	0,075	2,098E+1	3,000E+1
1416,459	0,320	0,075	2,098E+1	3,000E+1
1417,459	0,320	0,075	2,097E+1	3,000E+1
1418,459	0,320	0,075	2,096E+1	3,000E+1
1419,460	0,320	0,075	2,096E+1	3,000E+1
1420,461	0,320	0,075	2,095E+1	3,000E+1
1421,461	0,320	0,075	2,095E+1	3,000E+1
1422,461	0,308	0,075	2,019E+1	3,000E+1
1423,461	0,308	0,075	2,018E+1	3,000E+1
1424,462	0,254	0,075	1,672E+1	3,000E+1
1425,462	0,254	0,075	1,671E+1	3,000E+1
1426,462	0,320	0,075	2,092E+1	3,000E+1
1427,462	0,320	0,075	2,091E+1	3,000E+1
1428,463	0,320	0,075	2,091E+1	3,000E+1
1429,463	0,320	0,075	2,090E+1	3,000E+1
1430,464	0,214	0,075	1,409E+1	3,000E+1
1431,465	0,214	0,075	1,408E+1	3,000E+1
1432,465	0,320	0,075	2,088E+1	3,000E+1
1433,465	0,320	0,075	2,088E+1	3,000E+1
1434,465	0,320	0,075	2,087E+1	3,000E+1
1435,465	0,320	0,075	2,087E+1	3,000E+1
1436,465	0,320	0,075	2,086E+1	3,000E+1
1437,466	0,320	0,075	2,085E+1	3,000E+1
1438,466	0,320	0,075	2,085E+1	3,000E+1
1439,466	0,320	0,075	2,084E+1	3,000E+1
1440,466	0,320	0,075	2,084E+1	3,000E+1
1441,466	0,320	0,075	2,083E+1	3,000E+1
1442,467	0,320	0,075	2,083E+1	3,000E+1
1443,467	0,320	0,075	2,082E+1	3,000E+1
1444,467	0,273	0,075	1,782E+1	3,000E+1
1445,467	0,273	0,075	1,782E+1	3,000E+1
1446,467	0,320	0,075	2,081E+1	3,000E+1
1447,467	0,320	0,075	2,080E+1	3,000E+1
1448,468	0,320	0,075	2,080E+1	3,000E+1
1449,469	0,320	0,075	2,079E+1	3,000E+1
1450,469	0,320	0,075	2,079E+1	3,000E+1
1451,469	0,320	0,075	2,078E+1	3,000E+1
1452,469	0,320	0,075	2,078E+1	3,000E+1
1453,469	0,320	0,075	2,077E+1	3,000E+1
1454,469	0,320	0,075	2,077E+1	3,000E+1
1455,469	0,320	0,075	2,076E+1	3,000E+1
1456,469	0,320	0,075	2,076E+1	3,000E+1
1457,469	0,320	0,075	2,075E+1	3,000E+1
1458,469	0,320	0,075	2,075E+1	3,000E+1
1459,470	0,320	0,075	2,074E+1	3,000E+1
1460,471	0,320	0,075	2,074E+1	3,000E+1
1461,471	0,320	0,075	2,074E+1	3,000E+1
1462,471	0,320	0,075	2,073E+1	3,000E+1
1463,472	0,320	0,075	2,073E+1	3,000E+1
1464,472	0,320	0,075	2,072E+1	3,000E+1
1465,472	0,320	0,075	2,071E+1	3,000E+1
1466,472	0,320	0,075	2,071E+1	3,000E+1
1467,472	0,320	0,075	2,071E+1	3,000E+1
1468,472	0,294	0,075	1,903E+1	3,000E+1
1469,473	0,294	0,075	1,903E+1	3,000E+1
1470,473	0,320	0,075	2,069E+1	3,000E+1
1471,473	0,320	0,075	2,069E+1	3,000E+1
1472,474	0,320	0,075	2,068E+1	3,000E+1
1473,474	0,320	0,075	2,068E+1	3,000E+1
1474,474	0,191	0,075	1,246E+1	3,000E+1
1475,474	0,191	0,075	1,245E+1	3,000E+1
1476,474	0,320	0,075	2,066E+1	3,000E+1
1477,474	0,320	0,075	2,065E+1	3,000E+1
1478,475	0,320	0,075	2,065E+1	3,000E+1
1479,475	0,320	0,075	2,065E+1	3,000E+1
1480,475	0,152	0,075	1,003E+1	3,000E+1
1481,476	0,152	0,075	1,002E+1	3,000E+1
1482,477	0,320	0,075	2,062E+1	3,000E+1
1483,478	0,320	0,075	2,062E+1	3,000E+1
1484,478	0,320	0,075	2,061E+1	3,000E+1
1485,478	0,320	0,075	2,061E+1	3,000E+1
1486,479	0,320	0,075	2,061E+1	3,000E+1
1487,479	0,320	0,075	2,060E+1	3,000E+1
1488,480	0,320	0,075	2,059E+1	3,000E+1
1489,479	0,320	0,075	2,059E+1	3,000E+1
1490,480	0,320	0,075	2,059E+1	3,000E+1
1491,480	0,320	0,075	2,059E+1	3,000E+1
1492,480	0,320	0,075	2,058E+1	3,000E+1
1493,480	0,320	0,075	2,058E+1	3,000E+1
1494,480	0,320	0,075	2,057E+1	3,000E+1
1495,480	0,320	0,075	2,057E+1	3,000E+1
1496,481	0,303	0,075	1,950E+1	3,000E+1
1497,482	0,303	0,075	1,950E+1	3,000E+1
1498,482	0,320	0,075	2,056E+1	3,000E+1
1499,482	0,320	0,075	2,055E+1	3,000E+1
1500,483	0,320	0,075	2,055E+1	3,000E+1
1501,483	0,320	0,075	2,054E+1	3,000E+1
1502,483	0,320	0,075	2,054E+1	3,000E+1
1503,483	0,320	0,075	2,053E+1	3,000E+1
1504,484	0,320	0,075	2,053E+1	3,000E+1
1505,483	0,320	0,075	2,053E+1	3,000E+1
1506,483	0,248	0,075	1,601E+1	3,000E+1
1507,484	0,248	0,075	1,601E+1	3,000E+1
1508,485	0,218	0,075	1,409E+1	3,000E+1
1509,486	0,218	0,075	1,409E+1	3,000E+1
1510,487	0,320	0,075	2,050E+1	3,000E+1
1511,486	0,320	0,075	2,050E+1	3,000E+1
1512,487	0,320	0,075	2,049E+1	3,000E+1
1513,487	0,320	0,075	2,049E+1	3,000E+1
1514,489	0,320	0,075	2,048E+1	3,000E+1
1515,489	0,320	0,075	2,048E+1	3,000E+1
1516,490	0,135	0,075	8,850E+0	3,000E+1
1517,490	0,135	0,075	8,840E+0	3,000E+1
1518,490	0,320	0,075	2,046E+1	3,000E+1
1519,491	0,320	0,075	2,046E+1	3,000E+1
1520,492	0,267	0,075	1,713E+1	3,000E+1
1521,493	0,267	0,075	1,713E+1	3,000E+1
1522,493	0,248	0,075	1,590E+1	3,000E+1
1523,493	0,248	0,075	1,590E+1	3,000E+1
1524,493	0,320	0,075	2,043E+1	3,000E+1
1525,493	0,320	0,075	2,043E+1	3,000E+1
1526,493	0,320	0,075	2,043E+1	3,000E+1
1527,493	0,320	0,075	2,042E+1	3,000E+1
1528,494	0,320	0,075	2,042E+1	3,000E+1
1529,494	0,320	0,075	2,042E+1	3,000E+1
1530,495	0,320	0,075	2,041E+1	3,000E+1
1531,495	0,320	0,075	2,041E+1	3,000E+1
1532,497	0,320	0,075	2,041E+1	3,000E+1
1533,497	0,320	0,075	2,040E+1	3,000E+1
1534,497	0,320	0,075	2,040E+1	3,000E+1
1535,498	0,320	0,075	2,039E+1	3,000E+1
1536,498	0,320	0,075	2,039E+1	3,000E+1
1537,498	0,320	0,075	2,039E+1	3,000E+1
1538,498	0,320	0,075	2,039E+1	3,000E+1
1539,498	0,320	0,075	2,039E+1	3,000E+1
1540,498	0,320	0,075	2,038E+1	3,000E+1
1541,498	0,320	0,075	2,038E+1	3,000E+1
1542,498	0,320	0,075	2,037E+1	3,000E+1
1543,498	0,320	0,075	2,037E+1	3,000E+1
1544,498	0,320	0,075	2,037E+1	3,000E+1
1545,498	0,320	0,075	2,037E+1	3,000E+1
1546,498	0,320	0,075	2,036E+1	3,000E+1
1547,498	0,320	0,075	2,036E+1	3,000E+1
1548,500	0,320	0,075	2,036E+1	3,000E+1
1549,499	0,014	0,075	3,000E-1	3,000E+1
1550,499	0,000	0,075	3,000E-1	3,000E+1
1551,499	0,000	0,075	3,000E-1	3,000E+1
1552,499	0,000	0,075	3,000E-1	3,000E+1
1553,499	0,000	0,075	3,000E-1	3,000E+1
1554,500	0,000	0,075	3,000E-1	3,000E+1
1555,499	0,000	0,075	3,000E-1	3,000E+1
1556,500	0,000	0,075	3,000E-1	3,000E+1
1557,500	0,000	0,075	3,000E-1	3,000E+1
1558,500	0,000	0,075	3,000E-1	3,000E+1
1559,501	0,000	0,075	3,000E-1	3,000E+1
1560,502	0,000	0,075	3,000E-1	3,000E+1
1561,501	0,000	0,075	3,000E-1	3,000E+1
1562,501	0,000	0,075	3,000E-1	3,000E+1
1563,501	0,000	0,075	3,000E-1	3,000E+1
1564,501	0,000	0,075	3,000E-1	3,000E+1
1565,502	0,000	0,075	3,000E-1	3,000E+1
1566,502	0,000	0,075	3,000E-1	3,000E+1
1567,502	0,000	0,075	3,000E-1	3,000E+1
1568,502	0,000	0,075	3,000E-1	3,000E+1
1569,502	0,000	0,075	3,000E-1	3,000E+1
1570,503	0,000	0,075	3,000E-1	3,000E+1
1571,504	0,000	0,075	3,000E-1	3,000E+1
1572,504	0,000	0,075	3,000E-1	3,000E+1
1573,504	0,000	0,075	3,000E-1	3,000E+1
1574,504	0,134	0,075	8,630E+0	3,000E+1
1575,505	0,134	0,075	8,630E+0	3,000E+1
1576,506	0,320	0,075	2,018E+1	3,000E+1
1577,506	0,320	0,075	2,018E+1	3,000E+1
1578,506	0,320	0,075	2,019E+1	3,000E+1
1579,506	0,320	0,075	2,019E+1	3,000E+1
1580,506	0,320	0,075	2,019E+1	3,000E+1
1581,506	0,320	0,075	2,018E+1	3,000E+1
1582,506	0,320	0,075	2,018E+1	3,000E+1
1583,506	0,320	0,075	2,019E+1	3,000E+1
1584,506	0,137	0,075	8,810E+0	3,000E+1
1585,506	0,137	0,075	8,840E+0	3,000E+1
1586,507	0,320	0,075	2,018E+1	3,000E+1
1587,507	0,320	0,075	2,018E+1	3,000E+1
1588,507	0,320	0,075	2,018E+1	3,000E+1
1589,507	0,320	0,075	2,018E+1	3,000E+1
1590,508	0,320	0,075	2,018E+1	3,000E+1
1591,508	0,320	0,075	2,018E+1	3,000E+1
1592,509	0,320	0,075	2,019E+1	3,000E+1
1593,510	0,320	0,075	2,019E+1	3,000E+1
1594,510	0,320	0,075	2,019E+1	3,000E+1
1595,510	0,320	0,075	2,019E+1	3,000E+1
1596,511	0,320	0,075	2,019E+1	3,000E+1
1597,512	0,320	0,075	2,019E+1	3,000E+1
1598,512	0,320	0,075	2,020E+1	3,000E+1
1599,513	0,320	0,075	2,020E+1	3,000E+1
1600,513	0,320	0,075	2,020E+1	3,000E+1
1601,513	0,320	0,075	2,020E+1	3,000E+1
1602,513	0,320	0,075	2,020E+1	3,000E+1
1603,514	0,320	0,075	2,021E+1	3,000E+1
1604,514	0,320	0,075	2,021E+1	3,000E+1
1605,514	0,320	0,075	2,021E+1	3,000E+1
1606,516	0,320	0,075	2,021E+1	3,000E+1
1607,515	0,320	0,075	2,021E+1	3,000E+1
1608,515	0,320	0,075	2,022E+1	3,000E+1
1609,515	0,320	0,075	2,022E+1	3,000E+1
1610,515	0,320	0,075	2,023E+1	3,000E+1
1611,515	0,320	0,075	2,022E+1	3,000E+1
1612,516	0,320	0,075	2,023E+1	3,000E+1
1613,516	0,320	0,075	2,023E+1	3,000E+1
1614,517	0,320	0,075	2,024E+1	3,000E+1
1615,517	0,320	0,075	2,024E+1	3,000E+1
1616,517	0,320	0,075	2,024E+1	3,000E+1
1617,517	0,320	0,075	2,024E+1	3,000E+1
1618,518	0,314	0,075	1,987E+1	3,000E+1
1619,518	0,314	0,075	1,988E+1	3,000E+1
1620,518	0,320	0,075	2,025E+1	3,000E+1
1621,518	0,320	0,075	2,026E+1	3,000E+1
1622,519	0,320	0,075	2,026E+1	3,000E+1
1623,519	0,320	0,075	2,027E+1	3,000E+1
1624,519	0,320	0,075	2,027E+1	3,000E+1
1625,519	0,320	0,075	2,028E+1	3,000E+1
1626,520	0,320	0,075	2,028E+1	3,000E+1
1627,520	0,320	0,075	2,028E+1	3,000E+1
1628,520	0,320	0,075	2,028E+1	3,000E+1
1629,520	0,320	0,075	2,029E+1	3,000E+1
1630,520	0,320	0,075	2,029E+1	3,000E+1
1631,521	0,320	0,075	2,030E+1	3,000E+1
1632,522	0,320	0,075	2,030E+1	3,000E+1
1633,522	0,320	0,075	2,031E+1	3,000E+1
1634,522	0,320	0,075	2,031E+1	3,000E+1
1635,522	0,320	0,075	2,031E+1	3,000E+1
1636,522	0,320	0,075	2,032E+1	3,000E+1
1637,522	0,320	0,075	2,032E+1	3,000E+1
1638,522	0,320	0,075	2,033E+1	3,000E+1
1639,522	0,320	0,075	2,033E+1	3,000E+1
1640,522	0,320	0,075	2,033E+1	3,000E+1
1641,522	0,320	0,075	2,034E+1	3,000E+1
1642,522	0,303	0,075	1,929E+1	3,000E+1
1643,522	0,303	0,075	1,930E+1	3,000E+1
1644,523	0,320	0,075	2,035E+1	3,000E+1
1645,523	0,320	0,075	2,036E+1	3,000E+1
1646,523	0,119	0,075	7,820E+0	3,000E+1
1647,523	0,119	0,075	7,820E+0	3,000E+1
1648,523	0,320	0,075	2,036E+1	3,000E+1
1649,523	0,320	0,075	2,036E+1	3,000E+1
1650,523	0,320	0,075	2,037E+1	3,000E+1
1651,523	0,320	0,075	2,037E+1	3,000E+1
1652,523	0,320	0,075	2,037E+1	3,000E+1
1653,523	0,320	0,075	2,038E+1	3,000E+1
1654,523	0,320	0,075	2,038E+1	3,000E+1
1655,523	0,320	0,075	2,039E+1	3,000E+1
1656,523	0,320	0,075	2,039E+1	3,000E+1
1657,523	0,320	0,075	2,040E+1	3,000E+1
1658,523	0,320	0,075	2,040E+1	3,000E+1
1659,523	0,320	0,075	2,041E+1	3,000E+1
1660,523	0,320	0,075	2,041E+1	3,000E+1
1661,523	0,320	0,075	2,042E+1	3,000E+1
1662,524	0,320	0,075	2,042E+1	3,000E+1
1663,524	0,320	0,075	2,042E+1	3,000E+1
1664,525	0,320	0,075	2,043E+1	3,000E+1
1665,525	0,320	0,075	2,043E+1	3,000E+1
1666,525	0,000	0,075	3,000E-1	3,000E+1
1667,525	0,000	0,075	3,400E-1	3,000E+1
1668,525	0,320	0,075	2,044E+1	3,000E+1
1669,525	0,320	0,075	2,044E+1	3,000E+1
1670,525	0,320	0,075	2,044E+1	3,000E+1
1671,525	0,320	0,075	2,030E+1	3,000E+1
1672,525	0,320	0,075	2,046E+1	3,000E+1
1673,525	0,320	0,075	2,046E+1	3,000E+1
1674,526	0,320	0,075	2,045E+1	3,000E+1
1675,527	0,320	0,075	2,048E+1	3,000E+1
1676,527	0,320	0,075	2,047E+1	3,000E+1
1677,527	0,320	0,075	2,047E+1	3,000E+1
1678,528	0,320	0,075	2,047E+1	3,000E+1
1679,528	0,320	0,075	2,048E+1	3,000E+1
1680,528	0,320	0,075	2,048E+1	3,000E+1
1681,529	0,320	0,075	2,047E+1	3,000E+1
1682,529	0,320	0,075	2,045E+1	3,000E+1
1683,529	0,320	0,075	2,049E+1	3,000E+1
1684,529	0,320	0,075	2,049E+1	3,000E+1
1685,529	0,320	0,075	2,049E+1	3,000E+1
1686,530	0,320	0,075	2,049E+1	3,000E+1
1687,530	0,320	0,075	2,049E+1	3,000E+1
1688,530	0,320	0,075	2,049E+1	3,000E+1
1689,530	0,320	0,075	2,047E+1	3,000E+1
1690,531	0,320	0,075	2,050E+1	3,000E+1
1691,530	0,320	0,075	2,050E+1	3,000E+1
1692,530	0,252	0,075	1,624E+1	3,000E+1
1693,531	0,252	0,075	1,624E+1	3,000E+1
1694,531	0,320	0,075	2,049E+1	3,000E+1
1695,531	0,320	0,075	2,050E+1	3,000E+1
1696,531	0,320	0,075	2,049E+1	3,000E+1
1697,531	0,320	0,075	2,049E+1	3,000E+1
1698,531	0,320	0,075	2,050E+1	3,000E+1
1699,531	0,320	0,075	2,050E+1	3,000E+1
1700,532	0,320	0,075	2,050E+1	3,000E+1
1701,532	0,320	0,075	2,050E+1	3,000E+1
1702,532	0,320	0,075	2,050E+1	3,000E+1
1703,533	0,320	0,075	2,050E+1	3,000E+1
1704,533	0,201	0,075	1,236E+1	3,000E+1
1705,533	0,201	0,075	1,297E+1	3,000E+1
1706,533	0,320	0,075	2,049E+1	3,000E+1
1707,534	0,320	0,075	2,049E+1	3,000E+1
1708,535	0,320	0,075	2,049E+1	3,000E+1
1709,535	0,320	0,075	2,049E+1	3,000E+1
1710,536	0,320	0,075	2,049E+1	3,000E+1
1711,536	0,320	0,075	2,049E+1	3,000E+1
1712,536	0,320	0,075	2,050E+1	3,000E+1
1713,536	0,320	0,075	2,049E+1	3,000E+1
1714,536	0,202	0,075	1,308E+1	3,000E+1
1715,536	0,202	0,075	1,308E+1	3,000E+1
1716,536	0,320	0,075	2,049E+1	3,000E+1
1717,536	0,320	0,075	2,048E+1	3,000E+1
1718,536	0,320	0,075	2,049E+1	3,000E+1
1719,536	0,320	0,075	2,050E+1	3,000E+1
1720,538	0,320	0,075	2,049E+1	3,000E+1
1721,539	0,320	0,075	2,050E+1	3,000E+1
1722,540	0,320	0,075	2,050E+1	3,000E+1
1723,539	0,320	0,075	2,051E+1	3,000E+1
1724,539	0,320	0,075	2,050E+1	3,000E+1
1725,541	0,320	0,075	2,050E+1	3,000E+1
1726,540	0,320	0,075	2,050E+1	3,000E+1
1727,540	0,320	0,075	2,051E+1	3,000E+1
1728,541	0,192	0,075	1,244E+1	3,000E+1
1729,542	0,192	0,075	1,244E+1	3,000E+1
1730,543	0,320	0,075	2,050E+1	3,000E+1
1731,544	0,320	0,075	2,050E+1	3,000E+1
1732,545	0,320	0,075	2,051E+1	3,000E+1
1733,546	0,320	0,075	2,051E+1	3,000E+1
1734,546	0,320	0,075	2,051E+1	3,000E+1
1735,546	0,320	0,075	2,052E+1	3,000E+1
1736,546	0,320	0,075	2,052E+1	3,000E+1
1737,546	0,320	0,075	2,052E+1	3,000E+1
1738,546	0,320	0,075	2,052E+1	3,000E+1
1739,546	0,320	0,075	2,052E+1	3,000E+1
1740,546	0,320	0,075	2,052E+1	3,000E+1
1741,546	0,320	0,075	2,053E+1	3,000E+1
1742,546	0,320	0,075	2,053E+1	3,000E+1
1743,546	0,320	0,075	2,053E+1	3,000E+1
1744,546	0,320	0,075	2,054E+1	3,000E+1
1745,546	0,320	0,075	2,054E+1	3,000E+1
1746,546	0,311	0,075	2,000E+1	3,000E+1
1747,546	0,311	0,075	2,000E+1	3,000E+1
1748,546	0,278	0,075	1,789E+1	3,000E+1
1749,546	0,278	0,075	1,790E+1	3,000E+1
1750,546	0,211	0,075	1,365E+1	3,000E+1
1751,546	0,211	0,075	1,366E+1	3,000E+1
1752,547	0,320	0,075	2,055E+1	3,000E+1
1753,547	0,320	0,075	2,055E+1	3,000E+1
1754,547	0,320	0,075	2,056E+1	3,000E+1
1755,548	0,320	0,075	2,056E+1	3,000E+1
1756,547	0,320	0,075	2,056E+1	3,000E+1
1757,548	0,320	0,075	2,056E+1	3,000E+1
1758,550	0,133	0,075	8,810E+0	3,000E+1
1759,550	0,133	0,075	8,730E+0	3,000E+1
1760,549	0,295	0,075	1,898E+1	3,000E+1
1761,549	0,295	0,075	1,898E+1	3,000E+1
1762,550	0,320	0,075	2,057E+1	3,000E+1
1763,550	0,320	0,075	2,057E+1	3,000E+1
1764,550	0,320	0,075	2,058E+1	3,000E+1
1765,551	0,320	0,075	2,058E+1	3,000E+1
1766,552	0,320	0,075	2,058E+1	3,000E+1
1767,552	0,320	0,075	2,059E+1	3,000E+1
1768,553	0,126	0,075	8,300E+0	3,000E+1
1769,553	0,126	0,075	8,290E+0	3,000E+1
1770,553	0,035	0,075	2,520E+0	3,000E+1
1771,553	0,035	0,075	2,580E+0	3,000E+1
1772,553	0,320	0,075	2,062E+1	3,000E+1
1773,554	0,320	0,075	2,058E+1	3,000E+1
1774,554	0,320	0,075	2,059E+1	3,000E+1
1775,555	0,320	0,075	2,058E+1	3,000E+1
1776,555	0,320	0,075	2,059E+1	3,000E+1
1777,555	0,320	0,075	2,059E+1	3,000E+1
1778,555	0,320	0,075	2,060E+1	3,000E+1
1779,555	0,320	0,075	2,060E+1	3,000E+1
1780,555	0,320	0,075	2,061E+1	3,000E+1
1781,555	0,320	0,075	2,061E+1	3,000E+1
1782,555	0,105	0,075	6,990E+0	3,000E+1
1783,556	0,105	0,075	6,990E+0	3,000E+1
1784,556	0,320	0,075	2,061E+1	3,000E+1
1785,556	0,320	0,075	2,061E+1	3,000E+1
1786,556	0,320	0,075	2,061E+1	3,000E+1
1787,557	0,320	0,075	2,061E+1	3,000E+1
1788,558	0,092	0,075	6,160E+0	3,000E+1
1789,559	0,092	0,075	6,180E+0	3,000E+1
1790,560	0,320	0,075	2,061E+1	3,000E+1
1791,560	0,320	0,075	2,062E+1	3,000E+1
1792,560	0,320	0,075	2,062E+1	3,000E+1
1793,560	0,320	0,075	2,063E+1	3,000E+1
1794,560	0,320	0,075	2,063E+1	3,000E+1
1795,561	0,320	0,075	2,063E+1	3,000E+1
1796,561	0,052	0,075	3,310E+0	3,000E+1
1797,562	0,052	0,075	3,630E+0	3,000E+1
1798,562	0,320	0,075	2,066E+1	3,000E+1
1799,562	0,320	0,075	2,063E+1	3,000E+1
1800,562	0,320	0,075	2,064E+1	3,000E+1
1801,563	0,320	0,075	2,064E+1	3,000E+1
1802,562	0,320	0,075	2,064E+1	3,000E+1
1803,562	0,320	0,075	2,064E+1	3,000E+1
1804,562	0,320	0,075	2,065E+1	3,000E+1
1805,563	0,320	0,075	2,065E+1	3,000E+1
1806,563	0,320	0,075	2,065E+1	3,000E+1
1807,563	0,320	0,075	2,065E+1	3,000E+1
1808,564	0,320	0,075	2,066E+1	3,000E+1
1809,566	0,320	0,075	2,066E+1	3,000E+1
1810,566	0,000	0,075	3,000E-1	3,000E+1
1811,566	0,000	0,075	3,400E-1	3,000E+1
1812,566	0,269	0,075	1,741E+1	3,000E+1
1813,568	0,269	0,075	1,741E+1	3,000E+1
1814,568	0,320	0,075	2,066E+1	3,000E+1
1815,568	0,320	0,075	2,065E+1	3,000E+1
1816,569	0,320	0,075	2,067E+1	3,000E+1
1817,569	0,320	0,075	2,068E+1	3,000E+1
1818,569	0,320	0,075	2,068E+1	3,000E+1
1819,569	0,320	0,075	2,071E+1	3,000E+1
1820,570	0,320	0,075	2,068E+1	3,000E+1
1821,570	0,320	0,075	2,068E+1	3,000E+1
1822,570	0,320	0,075	2,066E+1	3,000E+1
1823,570	0,320	0,075	2,069E+1	3,000E+1
1824,570	0,273	0,075	1,768E+1	3,000E+1
1825,570	0,273	0,075	1,767E+1	3,000E+1
1826,570	0,320	0,075	2,064E+1	3,000E+1
1827,572	0,320	0,075	2,069E+1	3,000E+1
1828,572	0,320	0,075	2,069E+1	3,000E+1
1829,572	0,320	0,075	2,068E+1	3,000E+1
1830,572	0,320	0,075	2,067E+1	3,000E+1
1831,572	0,320	0,075	2,069E+1	3,000E+1
1832,572	0,179	0,075	1,174E+1	3,000E+1
1833,572	0,179	0,075	1,169E+1	3,000E+1
1834,574	0,320	0,075	2,070E+1	3,000E+1
1835,573	0,320	0,075	2,069E+1	3,000E+1
1836,573	0,320	0,075	2,069E+1	3,000E+1
1837,575	0,320	0,075	2,068E+1	3,000E+1
1838,575	0,320	0,075	2,069E+1	3,000E+1
1839,575	0,320	0,075	2,069E+1	3,000E+1
1840,575	0,320	0,075	2,068E+1	3,000E+1
1841,576	0,320	0,075	2,068E+1	3,000E+1
1842,576	0,320	0,075	2,069E+1	3,000E+1
1843,578	0,320	0,075	2,068E+1	3,000E+1
1844,577	0,320	0,075	2,066E+1	3,000E+1
1845,577	0,320	0,075	2,069E+1	3,000E+1
1846,577	0,320	0,075	2,069E+1	3,000E+1
1847,577	0,320	0,075	2,068E+1	3,000E+1
1848,578	0,320	0,075	2,064E+1	3,000E+1
1849,579	0,320	0,075	2,068E+1	3,000E+1
1850,579	0,036	0,075	2,680E+0	3,000E+1
1851,580	0,036	0,075	2,840E+0	3,000E+1
1852,580	0,260	0,075	1,688E+1	3,000E+1
1853,580	0,260	0,075	1,688E+1	3,000E+1
1854,581	0,000	0,075	3,000E-1	3,000E+1
1855,580	0,000	0,075	1,050E+0	3,000E+1
1856,581	0,320	0,075	2,064E+1	3,000E+1
1857,581	0,320	0,075	2,065E+1	3,000E+1
1858,581	0,320	0,075	2,064E+1	3,000E+1
1859,582	0,320	0,075	2,065E+1	3,000E+1
1860,582	0,320	0,075	2,064E+1	3,000E+1
1861,582	0,320	0,075	2,064E+1	3,000E+1
1862,582	0,320	0,075	2,064E+1	3,000E+1
1863,582	0,320	0,075	2,064E+1	3,000E+1
1864,582	0,320	0,075	2,063E+1	3,000E+1
1865,582	0,320	0,075	2,060E+1	3,000E+1
1866,584	0,318	0,075	2,051E+1	3,000E+1
1867,583	0,318	0,075	2,050E+1	3,000E+1
1868,583	0,320	0,075	2,063E+1	3,000E+1
1869,583	0,320	0,075	2,063E+1	3,000E+1
1870,584	0,320	0,075	2,063E+1	3,000E+1
1871,585	0,320	0,075	2,063E+1	3,000E+1
1872,586	0,320	0,075	2,062E+1	3,000E+1
1873,586	0,320	0,075	2,062E+1	3,000E+1
1874,588	0,059	0,075	4,090E+0	3,000E+1
1875,587	0,059	0,075	4,090E+0	3,000E+1
1876,587	0,273	0,075	1,760E+1	3,000E+1
1877,587	0,273	0,075	1,760E+1	3,000E+1
1878,589	0,320	0,075	2,059E+1	3,000E+1
1879,588	0,320	0,075	2,060E+1	3,000E+1
1880,588	0,000	0,075	3,000E-1	3,000E+1
1881,590	0,000	0,075	3,400E-1	3,000E+1
1882,590	0,164	0,075	1,071E+1	3,000E+1
1883,590	0,164	0,075	1,071E+1	3,000E+1
1884,591	0,320	0,075	2,057E+1	3,000E+1
1885,591	0,320	0,075	2,057E+1	3,000E+1
1886,592	0,320	0,075	2,056E+1	3,000E+1
1887,593	0,320	0,075	2,056E+1	3,000E+1
1888,593	0,320	0,075	2,056E+1	3,000E+1
1889,593	0,320	0,075	2,056E+1	3,000E+1
1890,593	0,320	0,075	2,056E+1	3,000E+1
1891,593	0,320	0,075	2,055E+1	3,000E+1
1892,594	0,320	0,075	2,055E+1	3,000E+1
1893,593	0,320	0,075	2,054E+1	3,000E+1
1894,594	0,071	0,075	4,830E+0	3,000E+1
1895,594	0,071	0,075	4,830E+0	3,000E+1
1896,595	0,320	0,075	2,053E+1	3,000E+1
1897,596	0,320	0,075	2,053E+1	3,000E+1
1898,596	0,320	0,075	2,053E+1	3,000E+1
1899,596	0,320	0,075	2,052E+1	3,000E+1
1900,597	0,320	0,075	2,052E+1	3,000E+1
1901,598	0,320	0,075	2,052E+1	3,000E+1
1902,598	0,320	0,075	2,052E+1	3,000E+1
1903,598	0,320	0,075	2,051E+1	3,000E+1
1904,599	0,320	0,075	2,051E+1	3,000E+1
1905,599	0,320	0,075	2,051E+1	3,000E+1
1906,600	0,000	0,075	3,800E-1	3,000E+1
1907,600	0,000	0,075	3,400E-1	3,000E+1
1908,602	0,320	0,075	2,048E+1	3,000E+1
1909,601	0,320	0,075	2,049E+1	3,000E+1
1910,601	0,237	0,075	1,524E+1	3,000E+1
1911,601	0,237	0,075	1,523E+1	3,000E+1
1912,601	0,320	0,075	2,047E+1	3,000E+1
1913,602	0,320	0,075	2,047E+1	3,000E+1
1914,602	0,320	0,075	2,047E+1	3,000E+1
1915,602	0,320	0,075	2,047E+1	3,000E+1
1916,603	0,320	0,075	2,047E+1	3,000E+1
1917,603	0,320	0,075	2,047E+1	3,000E+1
1918,604	0,320	0,075	2,046E+1	3,000E+1
1919,605	0,320	0,075	2,046E+1	3,000E+1
1920,606	0,320	0,075	2,046E+1	3,000E+1
1921,607	0,320	0,075	2,045E+1	3,000E+1
1922,607	0,320	0,075	2,045E+1	3,000E+1
1923,607	0,320	0,075	2,045E+1	3,000E+1
1924,607	0,320	0,075	2,045E+1	3,000E+1
1925,609	0,320	0,075	2,045E+1	3,000E+1
1926,608	0,320	0,075	2,044E+1	3,000E+1
1927,608	0,320	0,075	2,044E+1	3,000E+1
1928,608	0,320	0,075	2,044E+1	3,000E+1
1929,608	0,320	0,075	2,044E+1	3,000E+1
1930,608	0,320	0,075	2,043E+1	3,000E+1
1931,608	0,320	0,075	2,043E+1	3,000E+1
1932,608	0,320	0,075	2,043E+1	3,000E+1
1933,608	0,320	0,075	2,042E+1	3,000E+1
1934,609	0,257	0,075	1,647E+1	3,000E+1
1935,611	0,257	0,075	1,647E+1	3,000E+1
1936,611	0,320	0,075	2,041E+1	3,000E+1
1937,611	0,320	0,075	2,041E+1	3,000E+1
1938,612	0,320	0,075	2,041E+1	3,000E+1
1939,611	0,320	0,075	2,040E+1	3,000E+1
1940,611	0,320	0,075	2,040E+1	3,000E+1
1941,611	0,320	0,075	2,040E+1	3,000E+1
1942,611	0,170	0,075	1,098E+1	3,000E+1
1943,611	0,170	0,075	1,098E+1	3,000E+1
1944,612	0,320	0,075	2,038E+1	3,000E+1
1945,612	0,320	0,075	2,038E+1	3,000E+1
1946,612	0,320	0,075	2,038E+1	3,000E+1
1947,613	0,320	0,075	2,038E+1	3,000E+1
1948,613	0,320	0,075	2,037E+1	3,000E+1
1949,613	0,320	0,075	2,037E+1	3,000E+1
1950,613	0,320	0,075	2,037E+1	3,000E+1
1951,614	0,320	0,075	2,036E+1	3,000E+1
1952,614	0,320	0,075	2,036E+1	3,000E+1
1953,616	0,320	0,075	2,036E+1	3,000E+1
1954,616	0,320	0,075	2,036E+1	3,000E+1
1955,617	0,320	0,075	2,036E+1	3,000E+1
1956,617	0,320	0,075	2,035E+1	3,000E+1
1957,617	0,320	0,075	2,035E+1	3,000E+1
1958,617	0,320	0,075	2,035E+1	3,000E+1
1959,617	0,320	0,075	2,035E+1	3,000E+1
1960,617	0,320	0,075	2,035E+1	3,000E+1
1961,618	0,320	0,075	2,034E+1	3,000E+1
1962,619	0,320	0,075	2,034E+1	3,000E+1
1963,619	0,320	0,075	2,033E+1	3,000E+1
1964,619	0,320	0,075	2,033E+1	3,000E+1
1965,619	0,320	0,075	2,033E+1	3,000E+1
1966,621	0,203	0,075	1,300E+1	3,000E+1
1967,622	0,315	0,075	1,300E+1	3,000E+1
1968,622	0,320	0,075	2,031E+1	3,000E+1
1969,621	0,320	0,075	2,031E+1	3,000E+1
1970,622	0,320	0,075	2,031E+1	3,000E+1
1971,624	0,320	0,075	2,030E+1	3,000E+1
1972,623	0,320	0,075	2,030E+1	3,000E+1
1973,624	0,320	0,075	2,030E+1	3,000E+1
1974,624	0,320	0,075	2,030E+1	3,000E+1
1975,624	0,320	0,075	2,029E+1	3,000E+1
1976,624	0,320	0,075	2,029E+1	3,000E+1
1977,625	0,320	0,075	2,029E+1	3,000E+1
1978,625	0,320	0,075	2,029E+1	3,000E+1
1979,626	0,320	0,075	2,029E+1	3,000E+1
1980,626	0,320	0,075	2,029E+1	3,000E+1
1981,626	0,320	0,075	2,028E+1	3,000E+1
1982,626	0,320	0,075	2,028E+1	3,000E+1
1983,627	0,320	0,075	2,028E+1	3,000E+1
1984,627	0,320	0,075	2,028E+1	3,000E+1
1985,628	0,320	0,075	2,027E+1	3,000E+1
1986,627	0,320	0,075	2,027E+1	3,000E+1
1987,627	0,320	0,075	2,027E+1	3,000E+1
1988,627	0,320	0,075	2,026E+1	3,000E+1
1989,627	0,320	0,075	2,026E+1	3,000E+1
1990,628	0,320	0,075	2,026E+1	3,000E+1
1991,628	0,320	0,075	2,026E+1	3,000E+1
1992,628	0,204	0,075	1,302E+1	3,000E+1
1993,629	0,204	0,075	1,302E+1	3,000E+1
1994,630	0,043	0,075	3,000E+0	3,000E+1
1995,630	0,043	0,075	3,000E+0	3,000E+1
1996,630	0,320	0,075	2,023E+1	3,000E+1
1997,631	0,320	0,075	2,023E+1	3,000E+1
1998,630	0,320	0,075	2,022E+1	3,000E+1
1999,630	0,320	0,075	2,022E+1	3,000E+1
2000,630	0,320	0,075	2,022E+1	3,000E+1
2001,631	0,320	0,075	2,022E+1	3,000E+1
2002,631	0,320	0,075	2,021E+1	3,000E+1
2003,631	0,320	0,075	2,021E+1	3,000E+1
2004,633	0,320	0,075	2,021E+1	3,000E+1
2005,634	0,320	0,075	2,021E+1	3,000E+1
2006,633	0,320	0,075	2,021E+1	3,000E+1
2007,635	0,320	0,075	2,020E+1	3,000E+1
2008,634	0,320	0,075	2,020E+1	3,000E+1
2009,636	0,320	0,075	2,020E+1	3,000E+1
2010,635	0,320	0,075	2,020E+1	3,000E+1
2011,635	0,320	0,075	2,019E+1	3,000E+1
2012,635	0,320	0,075	2,019E+1	3,000E+1
2013,635	0,320	0,075	2,019E+1	3,000E+1
2014,635	0,320	0,075	2,019E+1	3,000E+1
2015,635	0,320	0,075	2,019E+1	3,000E+1
2016,636	0,320	0,075	2,018E+1	3,000E+1
2017,636	0,320	0,075	2,018E+1	3,000E+1
2018,638	0,320	0,075	2,018E+1	3,000E+1
2019,638	0,320	0,075	2,018E+1	3,000E+1
2020,637	0,320	0,075	2,018E+1	3,000E+1
2021,638	0,320	0,075	2,017E+1	3,000E+1
2022,638	0,320	0,075	2,017E+1	3,000E+1
2023,638	0,320	0,075	2,017E+1	3,000E+1
2024,638	0,320	0,075	2,016E+1	3,000E+1
2025,638	0,320	0,075	2,016E+1	3,000E+1
2026,638	0,320	0,075	2,017E+1	3,000E+1
2027,639	0,320	0,075	2,016E+1	3,000E+1
2028,640	0,320	0,075	2,016E+1	3,000E+1
2029,640	0,320	0,075	2,016E+1	3,000E+1
2030,640	0,320	0,075	2,016E+1	3,000E+1
2031,641	0,320	0,075	2,015E+1	3,000E+1
2032,641	0,320	0,075	2,015E+1	3,000E+1
2033,641	0,320	0,075	2,014E+1	3,000E+1
2034,642	0,153	0,075	9,810E+0	3,000E+1
2035,642	0,153	0,075	9,800E+0	3,000E+1
2036,642	0,320	0,075	2,013E+1	3,000E+1
2037,642	0,320	0,075	2,013E+1	3,000E+1
2038,642	0,320	0,075	2,013E+1	3,000E+1
2039,642	0,320	0,075	2,013E+1	3,000E+1
2040,642	0,126	0,075	8,130E+0	3,000E+1
2041,643	0,126	0,075	8,120E+0	3,000E+1
2042,643	0,320	0,075	2,011E+1	3,000E+1
2043,644	0,320	0,075	2,011E+1	3,000E+1
2044,643	0,320	0,075	2,011E+1	3,000E+1
2045,644	0,320	0,075	2,010E+1	3,000E+1
2046,644	0,320	0,075	2,010E+1	3,000E+1
2047,644	0,320	0,075	2,010E+1	3,000E+1
2048,644	0,320	0,075	2,010E+1	3,000E+1
2049,645	0,320	0,075	2,010E+1	3,000E+1
2050,645	0,287	0,075	1,807E+1	3,000E+1
2051,646	0,287	0,075	1,807E+1	3,000E+1
2052,646	0,320	0,075	2,009E+1	3,000E+1
2053,646	0,320	0,075	2,009E+1	3,000E+1
2054,648	0,320	0,075	2,009E+1	3,000E+1
2055,647	0,320	0,075	2,009E+1	3,000E+1
2056,648	0,320	0,075	2,009E+1	3,000E+1
2057,649	0,320	0,075	2,008E+1	3,000E+1
2058,648	0,320	0,075	2,008E+1	3,000E+1
2059,648	0,320	0,075	2,007E+1	3,000E+1
2060,648	0,320	0,075	2,008E+1	3,000E+1
2061,648	0,320	0,075	2,008E+1	3,000E+1
2062,648	0,320	0,075	2,007E+1	3,000E+1
2063,648	0,320	0,075	2,007E+1	3,000E+1
2064,648	0,320	0,075	2,007E+1	3,000E+1
2065,649	0,320	0,075	2,007E+1	3,000E+1
2066,649	0,320	0,075	2,007E+1	3,000E+1
2067,650	0,320	0,075	2,006E+1	3,000E+1
2068,650	0,103	0,075	6,670E+0	3,000E+1
2069,650	0,103	0,075	1,409E+1	3,000E+1
2070,650	0,320	0,075	2,005E+1	3,000E+1
2071,651	0,320	0,075	2,005E+1	3,000E+1
2072,652	0,320	0,075	2,005E+1	3,000E+1
2073,652	0,320	0,075	1,742E+1	3,000E+1
2074,652	0,251	0,075	1,580E+1	3,000E+1
2075,652	0,251	0,075	1,579E+1	3,000E+1
2076,652	0,320	0,075	2,003E+1	3,000E+1
2077,653	0,320	0,075	2,004E+1	3,000E+1
2078,655	0,320	0,075	2,003E+1	3,000E+1
2079,654	0,320	0,075	2,003E+1	3,000E+1
2080,655	0,320	0,075	2,003E+1	3,000E+1
2081,655	0,320	0,075	2,003E+1	3,000E+1
2082,656	0,320	0,075	2,003E+1	3,000E+1
2083,656	0,320	0,075	2,002E+1	3,000E+1
2084,657	0,320	0,075	2,002E+1	3,000E+1
2085,658	0,320	0,075	2,002E+1	3,000E+1
2086,660	0,320	0,075	2,002E+1	3,000E+1
2087,660	0,320	0,075	2,002E+1	3,000E+1
2088,660	0,320	0,075	2,002E+1	3,000E+1
2089,660	0,320	0,075	2,002E+1	3,000E+1
2090,660	0,320	0,075	2,001E+1	3,000E+1
2091,661	0,320	0,075	2,001E+1	3,000E+1
2092,661	0,320	0,075	2,001E+1	3,000E+1
2093,661	0,320	0,075	2,000E+1	3,000E+1
2094,661	0,320	0,075	2,001E+1	3,000E+1
2095,662	0,320	0,075	2,000E+1	3,000E+1
2096,663	0,320	0,075	2,000E+1	3,000E+1
2097,662	0,320	0,075	2,000E+1	3,000E+1
2098,663	0,320	0,075	2,000E+1	3,000E+1
2099,662	0,320	0,075	2,000E+1	3,000E+1
2100,664	0,316	0,075	1,999E+1	3,000E+1
2101,664	0,000	0,075	3,000E-1	3,000E+1
2102,664	0,000	0,075	3,000E-1	3,000E+1
2103,664	0,000	0,075	3,000E-1	3,000E+1
2104,664	0,000	0,075	3,000E-1	3,000E+1
2105,664	0,000	0,075	3,000E-1	3,000E+1
2106,665	0,000	0,075	3,000E-1	3,000E+1
2107,666	0,000	0,075	3,000E-1	3,000E+1
2108,666	0,000	0,075	3,000E-1	3,000E+1
2109,667	0,000	0,075	3,000E-1	3,000E+1
2110,667	0,000	0,075	3,000E-1	3,000E+1
2111,667	0,000	0,075	3,000E-1	3,000E+1
2112,668	0,000	0,075	3,000E-1	3,000E+1
2113,667	0,000	0,075	3,000E-1	3,000E+1
2114,667	0,000	0,075	3,000E-1	3,000E+1
2115,668	0,000	0,075	3,000E-1	3,000E+1
2116,668	0,000	0,075	3,000E-1	3,000E+1
2117,669	0,000	0,075	3,000E-1	3,000E+1
2118,669	0,000	0,075	3,000E-1	3,000E+1
2119,669	0,000	0,075	3,000E-1	3,000E+1
2120,670	0,000	0,075	3,000E-1	3,000E+1
2121,670	0,000	0,075	3,000E-1	3,000E+1
2122,670	0,000	0,075	3,000E-1	3,000E+1
2123,670	0,000	0,075	3,000E-1	3,000E+1
2124,671	0,000	0,075	3,000E-1	3,000E+1
2125,671	0,000	0,075	3,000E-1	3,000E+1
2126,671	0,000	0,075	3,000E-1	3,000E+1
2127,671	0,000	0,075	3,000E-1	3,000E+1
2128,671	0,000	0,075	3,000E-1	3,000E+1
2129,671	0,000	0,075	3,000E-1	3,000E+1
2130,672	0,000	0,075	3,000E-1	3,000E+1
2131,672	0,000	0,075	3,000E-1	3,000E+1
2132,672	0,000	0,075	3,000E-1	3,000E+1
2133,672	0,000	0,075	3,000E-1	3,000E+1
2134,673	0,000	0,075	3,000E-1	3,000E+1
2135,674	0,000	0,075	3,000E-1	3,000E+1
2136,675	0,000	0,075	3,000E-1	3,000E+1
2137,675	0,000	0,075	3,000E-1	3,000E+1
2138,675	0,000	0,075	3,000E-1	3,000E+1
2139,676	0,000	0,075	3,000E-1	3,000E+1
2140,676	0,000	0,075	3,000E-1	3,000E+1
2141,676	0,000	0,075	3,000E-1	3,000E+1
2142,676	0,000	0,075	3,000E-1	3,000E+1
2143,676	0,000	0,075	3,000E-1	3,000E+1
2144,677	0,000	0,075	3,000E-1	3,000E+1
2145,678	0,000	0,075	3,000E-1	3,000E+1
2146,678	0,000	0,075	3,000E-1	3,000E+1
2147,678	0,000	0,075	3,000E-1	3,000E+1
2148,679	0,000	0,075	3,000E-1	3,000E+1
2149,679	0,000	0,075	3,000E-1	3,000E+1
2150,679	0,064	0,075	3,000E-1	3,000E+1
2151,680	0,320	0,075	1,978E+1	3,000E+1
2152,680	0,320	0,075	1,979E+1	3,000E+1
2153,680	0,320	0,075	1,979E+1	3,000E+1
2154,680	0,320	0,075	1,979E+1	3,000E+1
2155,680	0,320	0,075	1,980E+1	3,000E+1
2156,680	0,320	0,075	1,980E+1	3,000E+1
2157,680	0,320	0,075	1,980E+1	3,000E+1
2158,680	0,320	0,075	1,980E+1	3,000E+1
2159,681	0,320	0,075	1,981E+1	3,000E+1
2160,681	0,320	0,075	1,981E+1	3,000E+1
2161,681	0,320	0,075	1,981E+1	3,000E+1
2162,681	0,239	0,075	1,487E+1	3,000E+1
2163,681	0,239	0,075	1,488E+1	3,000E+1
2164,682	0,320	0,075	1,982E+1	3,000E+1
2165,683	0,320	0,075	1,982E+1	3,000E+1
2166,684	0,320	0,075	1,983E+1	3,000E+1
2167,684	0,320	0,075	1,983E+1	3,000E+1
2168,684	0,320	0,075	1,983E+1	3,000E+1
2169,684	0,320	0,075	1,984E+1	3,000E+1
2170,684	0,320	0,075	1,984E+1	3,000E+1
2171,685	0,320	0,075	1,984E+1	3,000E+1
2172,686	0,320	0,075	1,985E+1	3,000E+1
2173,686	0,320	0,075	1,985E+1	3,000E+1
2174,686	0,320	0,075	1,985E+1	3,000E+1
2175,686	0,319	0,075	1,986E+1	3,000E+1
2176,686	0,045	0,075	3,100E+0	3,000E+1
2177,686	0,047	0,075	3,100E+0	3,000E+1
2178,686	0,320	0,075	1,986E+1	3,000E+1
2179,687	0,320	0,075	1,987E+1	3,000E+1
2180,687	0,320	0,075	1,987E+1	3,000E+1
2181,688	0,320	0,075	1,987E+1	3,000E+1
2182,688	0,309	0,075	1,922E+1	3,000E+1
2183,688	0,309	0,075	1,922E+1	3,000E+1
2184,688	0,320	0,075	1,989E+1	3,000E+1
2185,688	0,320	0,075	1,990E+1	3,000E+1
2186,689	0,320	0,075	1,990E+1	3,000E+1
2187,689	0,320	0,075	1,990E+1	3,000E+1
2188,689	0,320	0,075	1,991E+1	3,000E+1
2189,689	0,320	0,075	1,992E+1	3,000E+1
2190,690	0,320	0,075	1,992E+1	3,000E+1
2191,690	0,320	0,075	1,992E+1	3,000E+1
2192,690	0,320	0,075	1,993E+1	3,000E+1
2193,692	0,320	0,075	1,993E+1	3,000E+1
2194,692	0,320	0,075	1,994E+1	3,000E+1
2195,693	0,320	0,075	1,994E+1	3,000E+1
2196,693	0,320	0,075	1,995E+1	3,000E+1
2197,693	0,320	0,075	1,995E+1	3,000E+1
2198,693	0,320	0,075	1,996E+1	3,000E+1
2199,693	0,320	0,075	1,996E+1	3,000E+1
2200,693	0,320	0,075	1,997E+1	3,000E+1
2201,693	0,320	0,075	1,997E+1	3,000E+1
2202,693	0,106	0,075	6,920E+0	3,000E+1
2203,693	0,106	0,075	6,880E+0	3,000E+1
2204,693	0,320	0,075	1,998E+1	3,000E+1
2205,694	0,320	0,075	1,999E+1	3,000E+1
2206,694	0,320	0,075	1,999E+1	3,000E+1
2207,695	0,320	0,075	2,000E+1	3,000E+1
2208,695	0,320	0,075	2,000E+1	3,000E+1
2209,695	0,320	0,075	2,001E+1	3,000E+1
2210,696	0,320	0,075	2,001E+1	3,000E+1
2211,696	0,320	0,075	2,002E+1	3,000E+1
2212,698	0,320	0,075	2,003E+1	3,000E+1
2213,697	0,319	0,075	2,003E+1	3,000E+1
2214,697	0,280	0,075	1,758E+1	3,000E+1
2215,697	0,280	0,075	1,758E+1	3,000E+1
2216,697	0,320	0,075	2,004E+1	3,000E+1
2217,697	0,320	0,075	2,005E+1	3,000E+1
2218,698	0,320	0,075	2,005E+1	3,000E+1
2219,698	0,320	0,075	2,006E+1	3,000E+1
2220,698	0,320	0,075	2,007E+1	3,000E+1
2221,698	0,320	0,075	2,007E+1	3,000E+1
2222,698	0,320	0,075	2,008E+1	3,000E+1
2223,698	0,320	0,075	2,009E+1	3,000E+1
2224,699	0,286	0,075	1,797E+1	3,000E+1
2225,700	0,286	0,075	1,797E+1	3,000E+1
2226,700	0,320	0,075	2,010E+1	3,000E+1
2227,700	0,320	0,075	2,011E+1	3,000E+1
2228,700	0,320	0,075	2,011E+1	3,000E+1
2229,700	0,320	0,075	2,012E+1	3,000E+1
2230,700	0,320	0,075	2,012E+1	3,000E+1
2231,700	0,320	0,075	2,013E+1	3,000E+1
2232,701	0,320	0,075	2,013E+1	3,000E+1
2233,700	0,320	0,075	2,014E+1	3,000E+1
2234,701	0,320	0,075	2,015E+1	3,000E+1
2235,701	0,320	0,075	2,015E+1	3,000E+1
2236,701	0,320	0,075	2,016E+1	3,000E+1
2237,701	0,320	0,075	2,016E+1	3,000E+1
2238,701	0,249	0,075	1,579E+1	3,000E+1
2239,701	0,249	0,075	1,579E+1	3,000E+1
2240,702	0,320	0,075	2,018E+1	3,000E+1
2241,702	0,320	0,075	2,019E+1	3,000E+1
2242,702	0,000	0,075	3,000E-1	3,000E+1
2243,704	0,000	0,075	3,300E-1	3,000E+1
2244,703	0,261	0,075	1,656E+1	3,000E+1
2245,703	0,261	0,075	1,656E+1	3,000E+1
2246,704	0,320	0,075	2,020E+1	3,000E+1
2247,704	0,320	0,075	2,020E+1	3,000E+1
2248,704	0,320	0,075	2,021E+1	3,000E+1
2249,704	0,320	0,075	2,022E+1	3,000E+1
2250,704	0,320	0,075	2,022E+1	3,000E+1
2251,705	0,320	0,075	2,023E+1	3,000E+1
2252,705	0,320	0,075	2,023E+1	3,000E+1
2253,705	0,320	0,075	2,024E+1	3,000E+1
2254,705	0,320	0,075	2,025E+1	3,000E+1
2255,705	0,320	0,075	2,024E+1	3,000E+1
2256,706	0,320	0,075	2,025E+1	3,000E+1
2257,706	0,320	0,075	2,026E+1	3,000E+1
2258,707	0,320	0,075	2,026E+1	3,000E+1
2259,707	0,320	0,075	2,027E+1	3,000E+1
2260,707	0,000	0,075	3,400E-1	3,000E+1
2261,707	0,000	0,075	3,300E-1	3,000E+1
2262,707	0,000	0,075	3,300E-1	3,000E+1
2263,707	0,000	0,075	4,400E-1	3,000E+1
2264,707	0,257	0,075	1,632E+1	3,000E+1
2265,709	0,257	0,075	1,632E+1	3,000E+1
2266,710	0,320	0,075	2,029E+1	3,000E+1
2267,711	0,320	0,075	2,029E+1	3,000E+1
2268,711	0,320	0,075	2,029E+1	3,000E+1
2269,711	0,314	0,075	2,030E+1	3,000E+1
2270,711	0,000	0,075	3,000E-1	3,000E+1
2271,711	0,000	0,075	3,000E-1	3,000E+1
2272,711	0,000	0,075	3,000E-1	3,000E+1
2273,711	0,000	0,075	3,000E-1	3,000E+1
2274,711	0,000	0,075	3,000E-1	3,000E+1
2275,711	0,000	0,075	3,000E-1	3,000E+1
2276,711	0,000	0,075	3,000E-1	3,000E+1
2277,711	0,000	0,075	3,000E-1	3,000E+1
2278,711	0,000	0,075	3,000E-1	3,000E+1
2279,712	0,000	0,075	3,000E-1	3,000E+1
2280,712	0,000	0,075	3,000E-1	3,000E+1
2281,712	0,000	0,075	3,000E-1	3,000E+1
2282,712	0,000	0,075	3,000E-1	3,000E+1
2283,713	0,000	0,075	3,000E-1	3,000E+1
2284,713	0,000	0,075	3,000E-1	3,000E+1
