t	PV [ºC]	SP [ºC]	MV[%] 
0,000	0,000	70,000	9,990E+1
0,000	0,000	70,000	9,990E+1
0,000	0,000	70,000	9,990E+1
2,106	69,889	70,000	1,000E-2
2,106	69,889	70,000	1,501E-2
4,275	69,867	70,000	8,917E-1
4,275	69,867	70,000	8,977E-1
6,440	69,772	70,000	4,668E+0
6,440	69,772	70,000	4,678E+0
8,604	69,706	70,000	7,323E+0
8,604	69,706	70,000	7,337E+0
10,771	69,743	70,000	7,350E+0
10,771	69,743	70,000	5,877E+0
12,938	69,796	70,000	5,889E+0
12,938	69,796	70,000	3,820E+0
12,938	69,796	70,000	3,830E+0
15,106	69,690	70,000	8,019E+0
15,106	69,690	70,000	8,033E+0
17,273	69,726	70,000	6,621E+0
17,273	69,726	70,000	6,633E+0
19,440	69,763	70,000	5,179E+0
19,440	69,763	70,000	5,190E+0
21,606	69,710	70,000	7,281E+0
21,606	69,710	70,000	7,294E+0
23,771	69,816	70,000	7,307E+0
23,771	69,816	70,000	3,140E+0
25,938	69,864	70,000	3,148E+0
25,938	69,864	70,000	1,275E+0
25,938	69,864	70,000	1,281E+0
28,106	69,760	70,000	5,388E+0
28,106	69,760	70,000	5,399E+0
30,271	69,855	70,000	1,645E+0
30,271	69,855	70,000	1,652E+0
32,436	69,763	70,000	5,304E+0
32,436	69,763	70,000	5,314E+0
34,602	69,726	70,000	6,791E+0
34,602	69,726	70,000	6,803E+0
36,769	69,529	70,000	6,816E+0
36,769	69,529	70,000	1,463E+1
38,936	69,666	70,000	1,466E+1
38,936	69,666	70,000	9,228E+0
38,936	69,666	70,000	9,243E+0
41,102	69,653	70,000	9,793E+0
41,102	69,653	70,000	9,809E+0
43,269	69,584	70,000	1,258E+1
43,269	69,584	70,000	1,260E+1
45,434	69,626	70,000	1,093E+1
45,434	69,626	70,000	1,095E+1
47,600	69,496	70,000	1,610E+1
47,600	69,496	70,000	1,612E+1
49,767	69,453	70,000	1,614E+1
49,767	69,453	70,000	1,789E+1
51,930	69,487	70,000	1,791E+1
51,930	69,487	70,000	1,659E+1
51,930	69,487	70,000	1,661E+1
54,096	69,547	70,000	1,424E+1
54,096	69,547	70,000	1,426E+1
56,263	69,364	70,000	2,153E+1
56,263	69,364	70,000	2,156E+1
58,432	69,402	70,000	2,010E+1
58,432	69,402	70,000	2,013E+1
60,594	69,483	70,000	1,693E+1
60,594	69,483	70,000	1,695E+1
62,765	69,433	70,000	1,697E+1
62,765	69,433	70,000	1,902E+1
64,932	69,273	70,000	1,904E+1
64,932	69,273	70,000	2,539E+1
64,932	69,273	70,000	2,542E+1
67,098	69,303	70,000	2,425E+1
67,098	69,303	70,000	2,428E+1
69,265	69,361	70,000	2,203E+1
69,265	69,361	70,000	2,206E+1
71,432	69,386	70,000	2,108E+1
71,432	69,386	70,000	2,111E+1
73,600	69,453	70,000	1,850E+1
73,600	69,453	70,000	1,852E+1
75,765	69,419	70,000	1,855E+1
75,765	69,419	70,000	1,992E+1
77,934	69,287	70,000	1,995E+1
77,934	69,287	70,000	2,520E+1
77,934	69,287	70,000	2,524E+1
80,098	69,302	70,000	2,469E+1
80,098	69,302	70,000	2,472E+1
82,265	69,261	70,000	2,636E+1
82,265	69,261	70,000	2,639E+1
84,432	69,219	70,000	2,811E+1
84,432	69,219	70,000	2,815E+1
86,597	69,239	70,000	2,737E+1
86,597	69,239	70,000	2,740E+1
88,761	69,173	70,000	2,744E+1
88,761	69,173	70,000	3,009E+1
90,930	69,189	70,000	3,013E+1
90,930	69,189	70,000	2,955E+1
90,930	69,189	70,000	2,959E+1
93,098	69,286	70,000	2,574E+1
93,098	69,286	70,000	2,577E+1
95,263	69,437	70,000	1,982E+1
95,263	69,437	70,000	1,985E+1
97,430	69,236	70,000	2,788E+1
97,430	69,236	70,000	2,791E+1
99,597	69,266	70,000	2,674E+1
99,597	69,266	70,000	2,677E+1
101,763	69,380	70,000	2,680E+1
101,763	69,380	70,000	2,234E+1
103,930	69,279	70,000	2,237E+1
103,930	69,279	70,000	2,636E+1
103,930	69,279	70,000	2,639E+1
106,097	69,257	70,000	2,729E+1
106,097	69,257	70,000	2,733E+1
108,257	69,108	70,000	3,326E+1
108,257	69,108	70,000	3,330E+1
110,424	69,258	70,000	2,742E+1
110,424	69,258	70,000	2,745E+1
112,591	69,166	70,000	3,111E+1
112,591	69,166	70,000	3,115E+1
114,753	69,084	70,000	3,119E+1
114,753	69,084	70,000	3,448E+1
116,918	69,083	70,000	3,452E+1
116,918	69,083	70,000	3,462E+1
116,918	69,083	70,000	3,466E+1
119,085	69,119	70,000	3,329E+1
119,085	69,119	70,000	3,333E+1
121,249	69,054	70,000	3,591E+1
121,249	69,054	70,000	3,595E+1
123,418	68,820	70,000	4,529E+1
123,418	68,820	70,000	4,534E+1
125,585	68,876	70,000	4,317E+1
125,585	68,876	70,000	4,322E+1
127,752	68,774	70,000	4,328E+1
127,752	68,774	70,000	4,737E+1
129,918	68,939	70,000	4,742E+1
129,918	68,939	70,000	4,094E+1
129,918	68,939	70,000	4,099E+1
132,085	69,110	70,000	3,426E+1
132,085	69,110	70,000	3,430E+1
134,253	69,084	70,000	3,535E+1
134,253	69,084	70,000	3,539E+1
136,422	68,993	70,000	3,906E+1
136,422	68,993	70,000	3,910E+1
138,589	69,062	70,000	3,640E+1
138,589	69,062	70,000	3,644E+1
140,757	69,145	70,000	3,648E+1
140,757	69,145	70,000	3,323E+1
142,924	69,124	70,000	3,327E+1
142,924	69,124	70,000	3,418E+1
142,924	69,124	70,000	3,422E+1
145,091	68,928	70,000	4,199E+1
145,091	68,928	70,000	4,204E+1
147,257	69,005	70,000	3,906E+1
147,257	69,005	70,000	3,910E+1
149,422	69,046	70,000	3,754E+1
149,422	69,046	70,000	3,758E+1
151,591	68,986	70,000	3,998E+1
151,591	68,986	70,000	4,003E+1
153,755	68,946	70,000	4,008E+1
153,755	68,946	70,000	4,173E+1
155,924	68,775	70,000	4,177E+1
155,924	68,775	70,000	4,860E+1
155,924	68,775	70,000	4,865E+1
158,087	68,866	70,000	4,508E+1
158,087	68,866	70,000	4,513E+1
160,253	68,761	70,000	4,936E+1
160,253	68,761	70,000	4,942E+1
162,420	68,457	70,000	6,150E+1
162,420	68,457	70,000	6,157E+1
164,585	68,608	70,000	5,566E+1
164,585	68,608	70,000	5,572E+1
166,749	68,815	70,000	5,578E+1
166,749	68,815	70,000	4,764E+1
168,910	68,811	70,000	4,770E+1
168,910	68,811	70,000	4,789E+1
168,910	68,811	70,000	4,794E+1
171,079	68,715	70,000	5,184E+1
171,079	68,715	70,000	5,190E+1
173,246	68,649	70,000	5,457E+1
173,246	68,649	70,000	5,463E+1
175,412	68,871	70,000	4,588E+1
175,412	68,871	70,000	4,593E+1
177,583	68,901	70,000	4,477E+1
177,583	68,901	70,000	4,482E+1
179,751	68,934	70,000	4,487E+1
179,751	68,934	70,000	4,365E+1
181,920	68,923	70,000	4,370E+1
181,920	68,923	70,000	4,415E+1
181,920	68,923	70,000	4,419E+1
184,087	68,888	70,000	4,565E+1
184,087	68,888	70,000	4,570E+1
186,251	68,959	70,000	4,292E+1
186,251	68,959	70,000	4,296E+1
188,416	68,945	70,000	4,357E+1
188,416	68,945	70,000	4,361E+1
190,583	68,946	70,000	4,366E+1
190,583	68,946	70,000	4,371E+1
192,748	68,923	70,000	4,376E+1
192,748	68,923	70,000	4,469E+1
194,914	68,977	70,000	4,474E+1
194,914	68,977	70,000	4,263E+1
194,914	68,977	70,000	4,268E+1
197,079	68,891	70,000	4,615E+1
197,079	68,891	70,000	4,620E+1
199,245	68,909	70,000	4,556E+1
199,245	68,909	70,000	4,561E+1
201,412	68,811	70,000	4,950E+1
201,412	68,811	70,000	4,955E+1
203,579	68,728	70,000	5,290E+1
203,579	68,728	70,000	5,295E+1
205,745	68,718	70,000	5,301E+1
205,745	68,718	70,000	5,349E+1
207,912	68,761	70,000	5,354E+1
207,912	68,761	70,000	5,192E+1
207,912	68,761	70,000	5,197E+1
210,079	68,868	70,000	4,779E+1
210,079	68,868	70,000	4,784E+1
212,243	68,683	70,000	5,522E+1
212,243	68,683	70,000	5,528E+1
214,410	68,618	70,000	5,788E+1
214,410	68,618	70,000	5,794E+1
216,577	68,633	70,000	5,743E+1
216,577	68,633	70,000	5,749E+1
218,745	68,581	70,000	5,755E+1
218,745	68,581	70,000	5,967E+1
220,914	68,588	70,000	5,974E+1
220,914	68,588	70,000	5,954E+1
220,914	68,588	70,000	5,961E+1
223,081	68,857	70,000	4,897E+1
223,081	68,857	70,000	4,902E+1
225,247	68,660	70,000	5,688E+1
225,247	68,660	70,000	5,694E+1
227,414	68,703	70,000	5,532E+1
227,414	68,703	70,000	5,538E+1
229,581	68,804	70,000	5,141E+1
229,581	68,804	70,000	5,147E+1
231,749	68,815	70,000	5,152E+1
231,749	68,815	70,000	5,116E+1
233,916	68,679	70,000	5,121E+1
233,916	68,679	70,000	5,666E+1
233,916	68,679	70,000	5,672E+1
236,083	68,659	70,000	5,757E+1
236,083	68,659	70,000	5,763E+1
238,252	68,745	70,000	5,426E+1
238,252	68,745	70,000	5,432E+1
240,418	68,743	70,000	5,445E+1
240,418	68,743	70,000	5,451E+1
242,583	68,659	70,000	5,792E+1
242,583	68,659	70,000	5,798E+1
244,750	68,820	70,000	5,804E+1
244,750	68,820	70,000	5,172E+1
246,918	68,739	70,000	5,177E+1
246,918	68,739	70,000	5,505E+1
246,918	68,739	70,000	5,511E+1
249,081	68,827	70,000	5,166E+1
249,081	68,827	70,000	5,171E+1
251,246	68,868	70,000	5,016E+1
251,246	68,868	70,000	5,021E+1
253,412	68,832	70,000	5,167E+1
253,412	68,832	70,000	5,172E+1
255,579	68,958	70,000	4,680E+1
255,579	68,958	70,000	4,685E+1
257,746	68,823	70,000	4,690E+1
257,746	68,823	70,000	5,225E+1
259,912	68,720	70,000	5,231E+1
259,912	68,720	70,000	5,646E+1
259,912	68,720	70,000	5,652E+1
262,079	68,742	70,000	5,571E+1
262,079	68,742	70,000	5,576E+1
264,246	68,842	70,000	5,186E+1
264,246	68,842	70,000	5,191E+1
266,412	68,870	70,000	5,087E+1
266,412	68,870	70,000	5,092E+1
268,581	68,642	70,000	6,001E+1
268,581	68,642	70,000	6,007E+1
270,746	68,724	70,000	6,013E+1
270,746	68,724	70,000	5,694E+1
272,912	68,827	70,000	5,700E+1
272,912	68,827	70,000	5,298E+1
272,912	68,827	70,000	5,303E+1
275,079	68,687	70,000	5,859E+1
275,079	68,687	70,000	5,865E+1
277,246	68,861	70,000	5,185E+1
277,246	68,861	70,000	5,191E+1
279,412	68,776	70,000	5,531E+1
279,412	68,776	70,000	5,536E+1
281,577	68,750	70,000	5,643E+1
281,577	68,750	70,000	5,648E+1
283,744	68,822	70,000	5,654E+1
283,744	68,822	70,000	5,378E+1
285,909	68,689	70,000	5,384E+1
285,909	68,689	70,000	5,912E+1
288,075	68,593	70,000	5,918E+1
288,075	68,593	70,000	6,306E+1
288,075	68,593	70,000	6,312E+1
290,244	68,623	70,000	6,200E+1
290,244	68,623	70,000	6,206E+1
292,413	68,687	70,000	5,957E+1
292,413	68,687	70,000	5,963E+1
294,577	68,576	70,000	6,410E+1
294,577	68,576	70,000	6,417E+1
296,746	68,428	70,000	6,423E+1
296,746	68,428	70,000	7,016E+1
298,913	68,505	70,000	7,023E+1
298,913	68,505	70,000	6,727E+1
301,080	68,574	70,000	6,734E+1
301,080	68,574	70,000	6,465E+1
301,080	68,574	70,000	6,472E+1
303,246	68,695	70,000	6,001E+1
303,246	68,695	70,000	6,007E+1
305,411	68,607	70,000	6,361E+1
305,411	68,607	70,000	6,368E+1
307,577	68,671	70,000	6,118E+1
307,577	68,671	70,000	6,124E+1
309,744	68,781	70,000	6,130E+1
309,744	68,781	70,000	5,700E+1
311,909	68,944	70,000	5,706E+1
311,909	68,944	70,000	5,066E+1
314,075	68,904	70,000	5,070E+1
314,075	68,904	70,000	5,232E+1
314,075	68,904	70,000	5,237E+1
316,242	68,857	70,000	5,428E+1
316,242	68,857	70,000	5,433E+1
318,407	68,993	70,000	4,901E+1
318,407	68,993	70,000	4,906E+1
320,573	68,952	70,000	5,071E+1
320,573	68,952	70,000	5,075E+1
322,738	68,920	70,000	5,080E+1
322,738	68,920	70,000	5,214E+1
324,901	68,852	70,000	5,219E+1
324,901	68,852	70,000	5,493E+1
327,067	68,939	70,000	5,498E+1
327,067	68,939	70,000	5,160E+1
327,067	68,939	70,000	5,165E+1
329,234	69,102	70,000	4,522E+1
329,234	69,102	70,000	4,526E+1
331,401	68,984	70,000	4,996E+1
331,401	68,984	70,000	5,001E+1
333,569	68,828	70,000	5,623E+1
333,569	68,828	70,000	5,628E+1
335,738	68,859	70,000	5,634E+1
335,738	68,859	70,000	5,518E+1
337,907	68,883	70,000	5,523E+1
337,907	68,883	70,000	5,433E+1
340,073	68,775	70,000	5,438E+1
340,073	68,775	70,000	5,869E+1
340,073	68,775	70,000	5,875E+1
342,240	68,862	70,000	5,536E+1
342,240	68,862	70,000	5,541E+1
344,407	68,826	70,000	5,689E+1
344,407	68,826	70,000	5,694E+1
346,573	68,937	70,000	5,261E+1
346,573	68,937	70,000	5,266E+1
348,740	68,868	70,000	5,271E+1
348,740	68,868	70,000	5,551E+1
350,907	68,904	70,000	5,556E+1
350,907	68,904	70,000	5,419E+1
353,074	68,854	70,000	5,424E+1
353,074	68,854	70,000	5,625E+1
353,074	68,854	70,000	5,630E+1
355,240	68,809	70,000	5,812E+1
355,240	68,809	70,000	5,817E+1
357,407	68,883	70,000	5,531E+1
357,407	68,883	70,000	5,536E+1
359,574	68,764	70,000	6,013E+1
359,574	68,764	70,000	6,018E+1
361,738	68,759	70,000	6,024E+1
361,738	68,759	70,000	6,049E+1
363,905	68,790	70,000	6,055E+1
363,905	68,790	70,000	5,940E+1
366,072	68,876	70,000	5,945E+1
366,072	68,876	70,000	5,610E+1
366,072	68,876	70,000	5,615E+1
368,236	68,846	70,000	5,739E+1
368,236	68,846	70,000	5,744E+1
370,403	68,764	70,000	6,072E+1
370,403	68,764	70,000	6,078E+1
372,570	68,798	70,000	5,949E+1
372,570	68,798	70,000	5,954E+1
374,738	68,831	70,000	5,959E+1
374,738	68,831	70,000	5,836E+1
376,905	68,749	70,000	5,841E+1
376,905	68,749	70,000	6,172E+1
379,072	68,791	70,000	6,177E+1
379,072	68,791	70,000	6,014E+1
379,072	68,791	70,000	6,020E+1
381,241	68,767	70,000	6,118E+1
381,241	68,767	70,000	6,124E+1
383,409	68,783	70,000	6,068E+1
383,409	68,783	70,000	6,074E+1
385,574	68,864	70,000	5,758E+1
385,574	68,864	70,000	5,763E+1
387,737	68,803	70,000	5,769E+1
387,737	68,803	70,000	6,015E+1
389,903	68,745	70,000	6,021E+1
389,903	68,745	70,000	6,256E+1
392,066	68,667	70,000	6,262E+1
392,066	68,667	70,000	6,574E+1
392,066	68,667	70,000	6,580E+1
394,233	68,845	70,000	5,881E+1
394,233	68,845	70,000	5,886E+1
396,400	68,951	70,000	5,476E+1
396,400	68,951	70,000	5,480E+1
398,566	68,978	70,000	5,376E+1
398,566	68,978	70,000	5,381E+1
400,733	68,834	70,000	5,385E+1
400,733	68,834	70,000	5,962E+1
402,898	68,991	70,000	5,968E+1
402,898	68,991	70,000	5,349E+1
405,065	69,064	70,000	5,353E+1
405,065	69,064	70,000	5,069E+1
405,065	69,064	70,000	5,073E+1
407,235	68,885	70,000	5,788E+1
407,235	68,885	70,000	5,793E+1
409,400	68,732	70,000	6,403E+1
409,400	68,732	70,000	6,408E+1
411,567	68,886	70,000	5,804E+1
411,567	68,886	70,000	5,809E+1
413,733	68,839	70,000	5,814E+1
413,733	68,839	70,000	6,005E+1
415,902	68,735	70,000	6,011E+1
415,902	68,735	70,000	6,428E+1
418,067	68,724	70,000	6,434E+1
418,067	68,724	70,000	6,485E+1
418,067	68,724	70,000	6,491E+1
420,231	68,759	70,000	6,356E+1
420,231	68,759	70,000	6,361E+1
422,398	68,707	70,000	6,575E+1
422,398	68,707	70,000	6,581E+1
424,565	68,671	70,000	6,729E+1
424,565	68,671	70,000	6,735E+1
426,734	68,759	70,000	6,741E+1
426,734	68,759	70,000	6,397E+1
428,903	68,555	70,000	6,402E+1
428,903	68,555	70,000	7,216E+1
431,073	68,615	70,000	7,223E+1
431,073	68,615	70,000	6,991E+1
431,073	68,615	70,000	6,998E+1
433,238	68,710	70,000	6,628E+1
433,238	68,710	70,000	6,633E+1
435,405	68,695	70,000	6,701E+1
435,405	68,695	70,000	6,707E+1
437,571	68,752	70,000	6,485E+1
437,571	68,752	70,000	6,490E+1
439,738	68,640	70,000	6,496E+1
439,738	68,640	70,000	6,945E+1
441,903	68,827	70,000	6,951E+1
441,903	68,827	70,000	6,219E+1
444,070	68,749	70,000	6,224E+1
444,070	68,749	70,000	6,538E+1
444,070	68,749	70,000	6,544E+1
446,236	68,696	70,000	6,758E+1
446,236	68,696	70,000	6,763E+1
448,401	68,585	70,000	7,207E+1
448,401	68,585	70,000	7,214E+1
450,569	68,762	70,000	6,521E+1
450,569	68,762	70,000	6,526E+1
452,733	68,762	70,000	6,532E+1
452,733	68,762	70,000	6,535E+1
454,898	68,897	70,000	6,541E+1
454,898	68,897	70,000	6,016E+1
457,066	69,060	70,000	6,021E+1
457,066	69,060	70,000	5,376E+1
457,066	69,060	70,000	5,380E+1
459,233	68,910	70,000	5,981E+1
459,233	68,910	70,000	5,986E+1
461,400	68,834	70,000	6,294E+1
461,400	68,834	70,000	6,299E+1
463,567	68,786	70,000	6,492E+1
463,567	68,786	70,000	6,498E+1
465,733	68,935	70,000	6,503E+1
465,733	68,935	70,000	5,918E+1
467,898	68,891	70,000	5,923E+1
467,898	68,891	70,000	6,102E+1
470,065	68,866	70,000	6,107E+1
470,065	68,866	70,000	6,211E+1
470,065	68,866	70,000	6,216E+1
472,234	68,909	70,000	6,049E+1
472,234	68,909	70,000	6,054E+1
474,402	68,991	70,000	5,736E+1
474,402	68,991	70,000	5,741E+1
476,569	68,984	70,000	5,771E+1
476,569	68,984	70,000	5,776E+1
478,736	69,039	70,000	5,780E+1
478,736	69,039	70,000	5,569E+1
480,901	69,025	70,000	5,573E+1
480,901	69,025	70,000	5,631E+1
483,069	69,075	70,000	5,635E+1
483,069	69,075	70,000	5,446E+1
483,069	69,075	70,000	5,450E+1
485,234	69,054	70,000	5,535E+1
485,234	69,054	70,000	5,540E+1
487,403	69,091	70,000	5,395E+1
487,403	69,091	70,000	5,399E+1
489,570	69,122	70,000	5,283E+1
489,570	69,122	70,000	5,287E+1
491,730	69,002	70,000	5,291E+1
491,730	69,002	70,000	5,770E+1
493,897	68,932	70,000	5,774E+1
493,897	68,932	70,000	6,056E+1
496,064	69,064	70,000	6,061E+1
496,064	69,064	70,000	5,541E+1
496,064	69,064	70,000	5,545E+1
498,229	68,949	70,000	6,007E+1
498,229	68,949	70,000	6,012E+1
500,395	69,001	70,000	5,809E+1
500,395	69,001	70,000	5,813E+1
502,562	69,071	70,000	5,542E+1
502,562	69,071	70,000	5,546E+1
504,729	69,047	70,000	5,551E+1
504,729	69,047	70,000	5,650E+1
506,896	69,039	70,000	5,654E+1
506,896	69,039	70,000	5,690E+1
509,065	68,983	70,000	5,694E+1
509,065	68,983	70,000	5,921E+1
509,065	68,983	70,000	5,925E+1
511,229	69,044	70,000	5,688E+1
511,229	69,044	70,000	5,693E+1
513,400	69,029	70,000	5,758E+1
513,400	69,029	70,000	5,763E+1
515,567	68,981	70,000	5,953E+1
515,567	68,981	70,000	5,958E+1
517,734	68,910	70,000	5,962E+1
517,734	68,910	70,000	6,250E+1
519,898	68,808	70,000	6,255E+1
519,898	68,808	70,000	6,664E+1
522,065	68,986	70,000	6,670E+1
522,065	68,986	70,000	5,970E+1
522,065	68,986	70,000	5,974E+1
524,232	69,085	70,000	5,587E+1
524,232	69,085	70,000	5,591E+1
526,399	69,097	70,000	5,547E+1
526,399	69,097	70,000	5,552E+1
528,563	68,934	70,000	6,203E+1
528,563	68,934	70,000	6,208E+1
530,732	69,103	70,000	6,213E+1
530,732	69,103	70,000	5,546E+1
532,899	68,800	70,000	5,550E+1
532,899	68,800	70,000	6,755E+1
535,068	68,862	70,000	6,760E+1
535,068	68,862	70,000	6,518E+1
535,068	68,862	70,000	6,523E+1
537,230	68,796	70,000	6,790E+1
537,230	68,796	70,000	6,795E+1
539,397	68,814	70,000	6,733E+1
539,397	68,814	70,000	6,739E+1
541,566	68,781	70,000	6,873E+1
541,566	68,781	70,000	6,878E+1
543,735	68,915	70,000	6,884E+1
543,735	68,915	70,000	6,358E+1
545,901	69,013	70,000	6,363E+1
545,901	69,013	70,000	5,980E+1
548,068	69,071	70,000	5,984E+1
548,068	69,071	70,000	5,759E+1
548,068	69,071	70,000	5,763E+1
550,235	68,995	70,000	6,071E+1
550,235	68,995	70,000	6,075E+1
552,402	68,959	70,000	6,218E+1
552,402	68,959	70,000	6,223E+1
554,569	69,070	70,000	5,792E+1
554,569	69,070	70,000	5,796E+1
556,735	68,840	70,000	5,800E+1
556,735	68,840	70,000	6,712E+1
558,902	68,901	70,000	6,717E+1
558,902	68,901	70,000	6,481E+1
561,069	68,873	70,000	6,486E+1
561,069	68,873	70,000	6,605E+1
561,069	68,873	70,000	6,611E+1
563,235	68,989	70,000	6,152E+1
563,235	68,989	70,000	6,157E+1
565,400	68,832	70,000	6,785E+1
565,400	68,832	70,000	6,790E+1
567,567	68,770	70,000	7,039E+1
567,567	68,770	70,000	7,045E+1
569,732	68,835	70,000	7,051E+1
569,732	68,835	70,000	6,799E+1
571,899	68,878	70,000	6,804E+1
571,899	68,878	70,000	6,641E+1
574,065	68,782	70,000	6,646E+1
574,065	68,782	70,000	7,029E+1
574,065	68,782	70,000	7,035E+1
576,228	68,911	70,000	6,529E+1
576,228	68,911	70,000	6,534E+1
578,395	68,984	70,000	6,250E+1
578,395	68,984	70,000	6,254E+1
580,562	69,173	70,000	5,512E+1
580,562	69,173	70,000	5,516E+1
582,728	69,156	70,000	5,519E+1
582,728	69,156	70,000	5,590E+1
584,895	69,248	70,000	5,594E+1
584,895	69,248	70,000	5,236E+1
587,062	69,106	70,000	5,239E+1
587,062	69,106	70,000	5,801E+1
587,062	69,106	70,000	5,805E+1
589,233	69,088	70,000	5,882E+1
589,233	69,088	70,000	5,887E+1
591,398	69,079	70,000	5,924E+1
591,398	69,079	70,000	5,928E+1
593,564	68,965	70,000	6,384E+1
593,564	68,965	70,000	6,389E+1
595,729	69,071	70,000	6,394E+1
595,729	69,071	70,000	5,980E+1
597,898	69,106	70,000	5,985E+1
597,898	69,106	70,000	5,848E+1
600,065	69,100	70,000	5,852E+1
600,065	69,100	70,000	5,882E+1
600,065	69,100	70,000	5,886E+1
602,229	68,877	70,000	6,772E+1
602,229	68,877	70,000	6,777E+1
604,398	68,762	70,000	7,237E+1
604,398	68,762	70,000	7,243E+1
606,565	68,786	70,000	7,155E+1
606,565	68,786	70,000	7,161E+1
608,726	68,928	70,000	7,166E+1
608,726	68,928	70,000	6,607E+1
610,895	69,122	70,000	6,612E+1
610,895	69,122	70,000	5,850E+1
613,060	69,227	70,000	5,854E+1
613,060	69,227	70,000	5,442E+1
613,060	69,227	70,000	5,446E+1
615,226	69,184	70,000	5,622E+1
615,226	69,184	70,000	5,625E+1
617,389	69,255	70,000	5,348E+1
617,389	69,255	70,000	5,351E+1
619,556	69,179	70,000	5,651E+1
619,556	69,179	70,000	5,655E+1
621,719	69,298	70,000	5,659E+1
621,719	69,298	70,000	5,191E+1
623,885	69,321	70,000	5,194E+1
623,885	69,321	70,000	5,110E+1
626,052	69,157	70,000	5,113E+1
626,052	69,157	70,000	5,762E+1
626,052	69,157	70,000	5,766E+1
628,219	69,000	70,000	6,394E+1
628,219	69,000	70,000	6,398E+1
630,390	69,090	70,000	6,048E+1
630,390	69,090	70,000	6,052E+1
632,559	69,274	70,000	5,323E+1
632,559	69,274	70,000	5,327E+1
634,728	69,286	70,000	5,330E+1
634,728	69,286	70,000	5,286E+1
636,892	69,202	70,000	5,289E+1
636,892	69,202	70,000	5,627E+1
639,059	69,022	70,000	5,631E+1
639,059	69,022	70,000	6,347E+1
639,059	69,022	70,000	6,352E+1
641,228	69,025	70,000	6,342E+1
641,228	69,025	70,000	6,347E+1
643,389	69,172	70,000	5,769E+1
643,389	69,172	70,000	5,772E+1
645,555	69,203	70,000	5,655E+1
645,555	69,203	70,000	5,659E+1
647,724	69,186	70,000	5,663E+1
647,724	69,186	70,000	5,732E+1
649,889	69,257	70,000	5,735E+1
649,889	69,257	70,000	5,458E+1
652,056	69,367	70,000	5,461E+1
652,056	69,367	70,000	5,032E+1
652,056	69,367	70,000	5,035E+1
654,223	69,475	70,000	4,608E+1
654,223	69,475	70,000	4,611E+1
656,390	69,395	70,000	4,930E+1
656,390	69,395	70,000	4,933E+1
658,558	69,244	70,000	5,534E+1
658,558	69,244	70,000	5,537E+1
660,725	69,335	70,000	5,541E+1
660,725	69,335	70,000	5,181E+1
662,890	69,614	70,000	5,184E+1
662,890	69,614	70,000	4,084E+1
665,059	69,484	70,000	4,086E+1
665,059	69,484	70,000	4,604E+1
665,059	69,484	70,000	4,607E+1
667,225	69,635	70,000	4,011E+1
667,225	69,635	70,000	4,012E+1
669,392	69,376	70,000	5,036E+1
669,392	69,376	70,000	5,039E+1
671,559	69,458	70,000	4,719E+1
671,559	69,458	70,000	4,722E+1
673,724	69,473	70,000	4,724E+1
673,724	69,473	70,000	4,667E+1
675,890	69,394	70,000	4,669E+1
675,890	69,394	70,000	4,987E+1
678,059	69,249	70,000	4,989E+1
678,059	69,249	70,000	5,563E+1
678,059	69,249	70,000	5,566E+1
680,226	69,388	70,000	5,021E+1
680,226	69,388	70,000	5,024E+1
682,389	69,363	70,000	5,125E+1
682,389	69,363	70,000	5,128E+1
684,553	69,398	70,000	4,990E+1
684,553	69,398	70,000	4,993E+1
686,720	69,234	70,000	4,996E+1
686,720	69,234	70,000	5,650E+1
688,887	69,237	70,000	5,654E+1
688,887	69,237	70,000	5,643E+1
691,051	69,229	70,000	5,647E+1
691,051	69,229	70,000	5,684E+1
691,051	69,229	70,000	5,688E+1
693,218	69,107	70,000	6,174E+1
693,218	69,107	70,000	6,178E+1
695,381	69,046	70,000	6,424E+1
695,381	69,046	70,000	6,428E+1
697,544	69,209	70,000	5,789E+1
697,544	69,209	70,000	5,792E+1
699,714	68,959	70,000	5,796E+1
699,714	68,959	70,000	6,788E+1
701,881	69,161	70,000	6,793E+1
701,881	69,161	70,000	5,997E+1
704,046	69,177	70,000	6,001E+1
704,046	69,177	70,000	5,939E+1
704,046	69,177	70,000	5,943E+1
706,215	69,254	70,000	5,644E+1
706,215	69,254	70,000	5,647E+1
708,382	69,295	70,000	5,488E+1
708,382	69,295	70,000	5,491E+1
710,551	69,359	70,000	5,239E+1
710,551	69,359	70,000	5,242E+1
712,717	69,371	70,000	5,245E+1
712,717	69,371	70,000	5,202E+1
714,884	69,337	70,000	5,205E+1
714,884	69,337	70,000	5,342E+1
717,051	69,133	70,000	5,345E+1
717,051	69,133	70,000	6,155E+1
717,051	69,133	70,000	6,159E+1
719,220	69,220	70,000	5,818E+1
719,220	69,220	70,000	5,821E+1
721,384	69,221	70,000	5,825E+1
721,384	69,221	70,000	5,828E+1
723,551	69,181	70,000	5,986E+1
723,551	69,181	70,000	5,990E+1
725,718	69,150	70,000	5,994E+1
725,718	69,150	70,000	6,120E+1
727,883	69,171	70,000	6,124E+1
727,883	69,171	70,000	6,047E+1
730,048	69,115	70,000	6,050E+1
730,048	69,115	70,000	6,276E+1
730,048	69,115	70,000	6,280E+1
732,216	69,017	70,000	6,672E+1
732,216	69,017	70,000	6,677E+1
734,381	68,983	70,000	6,818E+1
734,381	68,983	70,000	6,823E+1
736,546	69,093	70,000	6,389E+1
736,546	69,093	70,000	6,393E+1
738,715	69,228	70,000	6,398E+1
738,715	69,228	70,000	5,865E+1
740,879	69,096	70,000	5,868E+1
740,879	69,096	70,000	6,395E+1
743,046	68,920	70,000	6,399E+1
743,046	68,920	70,000	7,102E+1
743,046	68,920	70,000	7,107E+1
745,211	68,944	70,000	7,019E+1
745,211	68,944	70,000	7,024E+1
747,378	68,798	70,000	7,605E+1
747,378	68,798	70,000	7,610E+1
749,547	68,981	70,000	6,891E+1
749,547	68,981	70,000	6,895E+1
751,713	69,030	70,000	6,900E+1
751,713	69,030	70,000	6,708E+1
753,878	69,149	70,000	6,713E+1
753,878	69,149	70,000	6,248E+1
756,045	69,176	70,000	6,251E+1
756,045	69,176	70,000	6,148E+1
758,214	69,136	70,000	6,152E+1
758,214	69,136	70,000	6,316E+1
758,214	69,136	70,000	6,320E+1
760,379	69,098	70,000	6,473E+1
760,379	69,098	70,000	6,477E+1
762,547	69,139	70,000	6,318E+1
762,547	69,139	70,000	6,322E+1
764,714	69,142	70,000	6,326E+1
764,714	69,142	70,000	6,316E+1
766,881	69,153	70,000	6,320E+1
766,881	69,153	70,000	6,284E+1
769,048	69,233	70,000	6,288E+1
769,048	69,233	70,000	5,975E+1
771,211	69,327	70,000	5,978E+1
771,211	69,327	70,000	5,607E+1
771,211	69,327	70,000	5,610E+1
773,377	69,388	70,000	5,372E+1
773,377	69,388	70,000	5,374E+1
775,542	69,461	70,000	5,088E+1
775,542	69,461	70,000	5,090E+1
777,707	69,473	70,000	5,093E+1
777,707	69,473	70,000	5,048E+1
779,874	69,361	70,000	5,050E+1
779,874	69,361	70,000	5,496E+1
782,041	69,368	70,000	5,499E+1
782,041	69,368	70,000	5,474E+1
784,208	69,175	70,000	5,477E+1
784,208	69,175	70,000	6,245E+1
784,208	69,175	70,000	6,248E+1
786,378	69,156	70,000	6,329E+1
786,378	69,156	70,000	6,333E+1
788,545	69,207	70,000	6,133E+1
788,545	69,207	70,000	6,137E+1
790,712	69,209	70,000	6,140E+1
790,712	69,209	70,000	6,138E+1
792,875	69,178	70,000	6,141E+1
792,875	69,178	70,000	6,266E+1
795,043	69,096	70,000	6,270E+1
795,043	69,096	70,000	6,596E+1
797,210	69,046	70,000	6,600E+1
797,210	69,046	70,000	6,806E+1
797,210	69,046	70,000	6,811E+1
799,379	69,024	70,000	6,900E+1
799,379	69,024	70,000	6,905E+1
801,548	69,127	70,000	6,501E+1
801,548	69,127	70,000	6,505E+1
803,712	69,067	70,000	6,509E+1
803,712	69,067	70,000	6,749E+1
805,877	69,103	70,000	6,753E+1
805,877	69,103	70,000	6,616E+1
808,044	69,215	70,000	6,620E+1
808,044	69,215	70,000	6,181E+1
810,211	69,397	70,000	6,184E+1
810,211	69,397	70,000	5,469E+1
810,211	69,397	70,000	5,471E+1
812,375	69,424	70,000	5,365E+1
812,375	69,424	70,000	5,368E+1
814,536	69,283	70,000	5,929E+1
814,536	69,283	70,000	5,932E+1
816,705	69,531	70,000	5,935E+1
816,705	69,531	70,000	4,956E+1
818,872	69,407	70,000	4,958E+1
818,872	69,407	70,000	5,452E+1
821,035	69,457	70,000	5,454E+1
821,035	69,457	70,000	5,257E+1
823,201	69,445	70,000	5,259E+1
823,201	69,445	70,000	5,313E+1
823,201	69,445	70,000	5,316E+1
825,368	69,504	70,000	5,084E+1
825,368	69,504	70,000	5,087E+1
827,541	69,471	70,000	5,216E+1
827,541	69,471	70,000	5,218E+1
829,706	69,469	70,000	5,220E+1
829,706	69,469	70,000	5,231E+1
831,873	69,558	70,000	5,233E+1
831,873	69,558	70,000	4,887E+1
834,040	69,451	70,000	4,889E+1
834,040	69,451	70,000	5,313E+1
836,204	69,485	70,000	5,315E+1
836,204	69,485	70,000	5,183E+1
836,204	69,485	70,000	5,185E+1
838,371	69,484	70,000	5,194E+1
838,371	69,484	70,000	5,196E+1
840,536	69,608	70,000	4,703E+1
840,536	69,608	70,000	4,705E+1
842,703	69,425	70,000	4,707E+1
842,703	69,425	70,000	5,433E+1
844,869	69,525	70,000	5,436E+1
844,869	69,525	70,000	5,042E+1
847,034	69,490	70,000	5,045E+1
847,034	69,490	70,000	5,187E+1
849,201	69,319	70,000	5,190E+1
849,201	69,319	70,000	5,870E+1
849,201	69,319	70,000	5,873E+1
851,368	69,419	70,000	5,479E+1
851,368	69,419	70,000	5,482E+1
853,531	69,497	70,000	5,176E+1
853,531	69,497	70,000	5,178E+1
855,697	69,522	70,000	5,180E+1
855,697	69,522	70,000	5,083E+1
857,866	69,431	70,000	5,086E+1
857,866	69,431	70,000	5,448E+1
860,031	69,368	70,000	5,451E+1
860,031	69,368	70,000	5,703E+1
862,196	69,380	70,000	5,706E+1
862,196	69,380	70,000	5,663E+1
862,196	69,380	70,000	5,666E+1
864,363	69,471	70,000	5,304E+1
864,363	69,471	70,000	5,307E+1
866,527	69,450	70,000	5,396E+1
866,527	69,450	70,000	5,399E+1
868,694	69,191	70,000	5,401E+1
868,694	69,191	70,000	6,426E+1
870,863	69,291	70,000	6,430E+1
870,863	69,291	70,000	6,037E+1
873,032	69,382	70,000	6,040E+1
873,032	69,382	70,000	5,687E+1
875,201	69,264	70,000	5,690E+1
875,201	69,264	70,000	6,156E+1
875,201	69,264	70,000	6,159E+1
877,363	69,363	70,000	5,772E+1
877,363	69,363	70,000	5,775E+1
879,528	69,419	70,000	5,556E+1
879,528	69,419	70,000	5,559E+1
881,697	69,278	70,000	5,561E+1
881,697	69,278	70,000	6,123E+1
883,864	69,036	70,000	6,126E+1
883,864	69,036	70,000	7,090E+1
886,031	68,996	70,000	7,094E+1
886,031	68,996	70,000	7,253E+1
888,197	69,112	70,000	7,258E+1
888,197	69,112	70,000	6,807E+1
888,197	69,112	70,000	6,811E+1
890,362	69,198	70,000	6,472E+1
890,362	69,198	70,000	6,476E+1
892,527	69,153	70,000	6,660E+1
892,527	69,153	70,000	6,663E+1
894,694	69,125	70,000	6,667E+1
894,694	69,125	70,000	6,780E+1
896,859	69,239	70,000	6,784E+1
896,859	69,239	70,000	6,336E+1
899,028	69,118	70,000	6,340E+1
899,028	69,118	70,000	6,821E+1
901,194	69,219	70,000	6,825E+1
901,194	69,219	70,000	6,432E+1
901,194	69,219	70,000	6,436E+1
903,363	69,248	70,000	6,324E+1
903,363	69,248	70,000	6,328E+1
905,530	69,122	70,000	6,828E+1
905,530	69,122	70,000	6,832E+1
907,699	69,256	70,000	6,836E+1
907,699	69,256	70,000	6,309E+1
909,864	69,098	70,000	6,313E+1
909,864	69,098	70,000	6,942E+1
912,033	69,119	70,000	6,946E+1
912,033	69,119	70,000	6,869E+1
914,202	69,046	70,000	6,873E+1
914,202	69,046	70,000	7,166E+1
914,202	69,046	70,000	7,171E+1
916,370	69,059	70,000	7,121E+1
916,370	69,059	70,000	7,126E+1
918,535	69,065	70,000	7,108E+1
918,535	69,065	70,000	7,112E+1
920,704	69,249	70,000	7,117E+1
920,704	69,249	70,000	6,390E+1
922,870	69,173	70,000	6,393E+1
922,870	69,173	70,000	6,698E+1
925,039	69,355	70,000	6,701E+1
925,039	69,355	70,000	5,986E+1
927,204	69,266	70,000	5,989E+1
927,204	69,266	70,000	6,343E+1
927,204	69,266	70,000	6,346E+1
929,371	69,327	70,000	6,107E+1
929,371	69,327	70,000	6,110E+1
931,538	69,480	70,000	5,507E+1
931,538	69,480	70,000	5,510E+1
933,700	69,473	70,000	5,512E+1
933,700	69,473	70,000	5,542E+1
935,867	69,391	70,000	5,544E+1
935,867	69,391	70,000	5,874E+1
938,034	69,410	70,000	5,876E+1
938,034	69,410	70,000	5,800E+1
940,201	69,317	70,000	5,803E+1
940,201	69,317	70,000	6,176E+1
940,201	69,317	70,000	6,179E+1
942,365	69,292	70,000	6,281E+1
942,365	69,292	70,000	6,284E+1
944,536	69,356	70,000	6,034E+1
944,536	69,356	70,000	6,037E+1
946,701	69,010	70,000	6,040E+1
946,701	69,010	70,000	7,413E+1
948,866	69,245	70,000	7,418E+1
948,866	69,245	70,000	6,489E+1
951,034	69,367	70,000	6,493E+1
951,034	69,367	70,000	6,017E+1
953,203	69,315	70,000	6,020E+1
953,203	69,315	70,000	6,226E+1
953,203	69,315	70,000	6,230E+1
955,368	69,332	70,000	6,163E+1
955,368	69,332	70,000	6,166E+1
957,535	69,390	70,000	5,942E+1
957,535	69,390	70,000	5,944E+1
959,701	69,380	70,000	5,947E+1
959,701	69,380	70,000	5,991E+1
961,870	69,369	70,000	5,994E+1
961,870	69,369	70,000	6,037E+1
964,039	69,358	70,000	6,039E+1
964,039	69,358	70,000	6,090E+1
966,208	69,440	70,000	6,093E+1
966,208	69,440	70,000	5,771E+1
966,208	69,440	70,000	5,773E+1
968,376	69,268	70,000	6,455E+1
968,376	69,268	70,000	6,459E+1
970,541	69,254	70,000	6,517E+1
970,541	69,254	70,000	6,521E+1
972,708	69,227	70,000	6,524E+1
972,708	69,227	70,000	6,633E+1
974,873	69,400	70,000	6,636E+1
974,873	69,400	70,000	5,954E+1
977,040	69,297	70,000	5,957E+1
977,040	69,297	70,000	6,370E+1
979,204	69,271	70,000	6,373E+1
979,204	69,271	70,000	6,479E+1
979,204	69,271	70,000	6,482E+1
981,371	69,380	70,000	6,054E+1
981,371	69,380	70,000	6,056E+1
983,536	69,332	70,000	6,249E+1
983,536	69,332	70,000	6,252E+1
985,703	69,421	70,000	6,255E+1
985,703	69,421	70,000	5,908E+1
987,869	69,381	70,000	5,910E+1
987,869	69,381	70,000	6,068E+1
990,034	69,507	70,000	6,070E+1
990,034	69,507	70,000	5,576E+1
992,203	69,357	70,000	5,578E+1
992,203	69,357	70,000	6,173E+1
992,203	69,357	70,000	6,176E+1
994,366	69,380	70,000	6,089E+1
994,366	69,380	70,000	6,092E+1
996,530	69,505	70,000	5,600E+1
996,530	69,505	70,000	5,602E+1
998,697	69,638	70,000	5,604E+1
998,697	69,638	70,000	5,081E+1
1000,866	69,639	70,000	5,083E+1
1000,866	69,639	70,000	5,077E+1
1003,035	69,632	70,000	5,078E+1
1003,035	69,632	70,000	5,108E+1
1005,203	69,504	70,000	5,109E+1
1005,203	69,504	70,000	5,622E+1
1005,203	69,504	70,000	5,624E+1
1007,368	69,520	70,000	5,559E+1
1007,368	69,520	70,000	5,561E+1
1009,535	69,412	70,000	5,993E+1
1009,535	69,412	70,000	5,996E+1
1011,704	69,392	70,000	5,999E+1
1011,704	69,392	70,000	6,081E+1
1013,871	69,400	70,000	6,083E+1
1013,871	69,400	70,000	6,053E+1
1016,037	69,442	70,000	6,055E+1
1016,037	69,442	70,000	5,892E+1
1018,204	69,319	70,000	5,894E+1
1018,204	69,319	70,000	6,386E+1
1018,204	69,319	70,000	6,389E+1
1020,371	69,219	70,000	6,788E+1
1020,371	69,219	70,000	6,792E+1
1022,538	69,310	70,000	6,435E+1
1022,538	69,310	70,000	6,438E+1
1024,703	69,468	70,000	6,441E+1
1024,703	69,468	70,000	5,818E+1
1026,869	69,570	70,000	5,820E+1
1026,869	69,570	70,000	5,419E+1
1029,036	69,450	70,000	5,421E+1
1029,036	69,450	70,000	5,900E+1
1031,203	69,287	70,000	5,903E+1
1031,203	69,287	70,000	6,551E+1
1031,203	69,287	70,000	6,554E+1
1033,370	69,412	70,000	6,060E+1
1033,370	69,412	70,000	6,063E+1
1035,537	69,364	70,000	6,254E+1
1035,537	69,364	70,000	6,256E+1
1037,703	69,509	70,000	6,259E+1
1037,703	69,509	70,000	5,690E+1
1039,872	69,590	70,000	5,692E+1
1039,872	69,590	70,000	5,371E+1
1042,041	69,405	70,000	5,373E+1
1042,041	69,405	70,000	6,108E+1
1044,206	69,346	70,000	6,111E+1
1044,206	69,346	70,000	6,351E+1
1044,206	69,346	70,000	6,354E+1
1046,375	69,229	70,000	6,818E+1
1046,375	69,229	70,000	6,822E+1
1048,537	69,236	70,000	6,800E+1
1048,537	69,236	70,000	6,803E+1
1050,706	69,156	70,000	6,807E+1
1050,706	69,156	70,000	7,125E+1
1052,875	69,142	70,000	7,129E+1
1052,875	69,142	70,000	7,186E+1
1055,042	69,024	70,000	7,190E+1
1055,042	69,024	70,000	7,665E+1
1057,205	69,078	70,000	7,670E+1
1057,205	69,078	70,000	7,458E+1
1057,205	69,078	70,000	7,462E+1
1059,369	69,166	70,000	7,118E+1
1059,369	69,166	70,000	7,122E+1
1061,534	69,056	70,000	7,561E+1
1061,534	69,056	70,000	7,566E+1
1063,699	69,100	70,000	7,570E+1
1063,699	69,100	70,000	7,400E+1
1065,866	69,068	70,000	7,404E+1
1065,866	69,068	70,000	7,535E+1
1068,030	69,137	70,000	7,539E+1
1068,030	69,137	70,000	7,270E+1
1070,197	69,305	70,000	7,274E+1
1070,197	69,305	70,000	6,610E+1
1070,197	69,305	70,000	6,613E+1
1072,366	69,447	70,000	6,053E+1
1072,366	69,447	70,000	6,056E+1
1074,533	69,421	70,000	6,165E+1
1074,533	69,421	70,000	6,168E+1
1076,699	69,549	70,000	6,171E+1
1076,699	69,549	70,000	5,662E+1
1078,864	69,695	70,000	5,664E+1
1078,864	69,695	70,000	5,088E+1
1081,031	69,670	70,000	5,089E+1
1081,031	69,670	70,000	5,192E+1
1083,198	69,548	70,000	5,193E+1
1083,198	69,548	70,000	5,678E+1
1083,198	69,548	70,000	5,680E+1
1085,363	69,535	70,000	5,735E+1
1085,363	69,535	70,000	5,738E+1
1087,529	69,561	70,000	5,633E+1
1087,529	69,561	70,000	5,635E+1
1089,698	69,668	70,000	5,637E+1
1089,698	69,668	70,000	5,217E+1
1091,867	69,485	70,000	5,218E+1
1091,867	69,485	70,000	5,945E+1
1094,036	69,524	70,000	5,947E+1
1094,036	69,524	70,000	5,795E+1
1096,200	69,473	70,000	5,797E+1
1096,200	69,473	70,000	6,001E+1
1096,200	69,473	70,000	6,004E+1
1098,367	69,543	70,000	5,731E+1
1098,367	69,543	70,000	5,733E+1
1100,534	69,418	70,000	6,226E+1
1100,534	69,418	70,000	6,229E+1
1102,701	69,309	70,000	6,231E+1
1102,701	69,309	70,000	6,670E+1
1104,868	69,594	70,000	6,673E+1
1104,868	69,594	70,000	5,547E+1
1107,035	69,619	70,000	5,549E+1
1107,035	69,619	70,000	5,449E+1
1109,200	69,573	70,000	5,451E+1
1109,200	69,573	70,000	5,635E+1
1109,200	69,573	70,000	5,637E+1
1111,366	69,662	70,000	5,288E+1
1111,366	69,662	70,000	5,290E+1
1113,531	69,713	70,000	5,089E+1
1113,531	69,713	70,000	5,091E+1
1115,698	69,582	70,000	5,092E+1
1115,698	69,582	70,000	5,612E+1
1117,865	69,572	70,000	5,614E+1
1117,865	69,572	70,000	5,656E+1
1120,031	69,547	70,000	5,658E+1
1120,031	69,547	70,000	5,755E+1
1122,196	69,507	70,000	5,757E+1
1122,196	69,507	70,000	5,917E+1
1122,196	69,507	70,000	5,919E+1
1124,365	69,492	70,000	5,983E+1
1124,365	69,492	70,000	5,985E+1
1126,532	69,446	70,000	6,170E+1
1126,532	69,446	70,000	6,172E+1
1128,699	69,528	70,000	6,175E+1
1128,699	69,528	70,000	5,855E+1
1130,861	69,492	70,000	5,857E+1
1130,861	69,492	70,000	5,999E+1
1133,026	69,520	70,000	6,002E+1
1133,026	69,520	70,000	5,891E+1
1135,193	69,563	70,000	5,893E+1
1135,193	69,563	70,000	5,727E+1
1135,193	69,563	70,000	5,729E+1
1137,362	69,462	70,000	6,133E+1
1137,362	69,462	70,000	6,136E+1
1139,527	69,260	70,000	6,938E+1
1139,527	69,260	70,000	6,942E+1
1141,694	69,371	70,000	6,945E+1
1141,694	69,371	70,000	6,507E+1
1143,862	69,512	70,000	6,509E+1
1143,862	69,512	70,000	5,954E+1
1146,027	69,507	70,000	5,956E+1
1146,027	69,507	70,000	5,978E+1
1148,194	69,483	70,000	5,980E+1
1148,194	69,483	70,000	6,075E+1
1148,194	69,483	70,000	6,078E+1
1150,357	69,504	70,000	6,001E+1
1150,357	69,504	70,000	6,003E+1
1152,522	69,436	70,000	6,273E+1
1152,522	69,436	70,000	6,275E+1
1154,686	69,312	70,000	6,278E+1
1154,686	69,312	70,000	6,772E+1
1156,853	69,339	70,000	6,775E+1
1156,853	69,339	70,000	6,671E+1
1159,020	69,521	70,000	6,674E+1
1159,020	69,521	70,000	5,956E+1
1161,187	69,530	70,000	5,958E+1
1161,187	69,530	70,000	5,926E+1
1161,187	69,530	70,000	5,929E+1
1163,354	69,499	70,000	6,054E+1
1163,354	69,499	70,000	6,056E+1
1165,519	69,564	70,000	5,797E+1
1165,519	69,564	70,000	5,799E+1
1167,687	69,363	70,000	5,800E+1
1167,687	69,363	70,000	6,601E+1
1169,854	69,316	70,000	6,604E+1
1169,854	69,316	70,000	6,795E+1
1172,021	69,237	70,000	6,798E+1
1172,021	69,237	70,000	7,112E+1
1174,188	69,308	70,000	7,115E+1
1174,188	69,308	70,000	6,836E+1
1174,188	69,308	70,000	6,839E+1
1176,355	69,516	70,000	6,022E+1
1176,355	69,516	70,000	6,024E+1
1178,522	69,589	70,000	5,737E+1
1178,522	69,589	70,000	5,739E+1
1180,688	69,532	70,000	5,741E+1
1180,688	69,532	70,000	5,964E+1
1182,853	69,561	70,000	5,966E+1
1182,853	69,561	70,000	5,854E+1
1185,020	69,532	70,000	5,856E+1
1185,020	69,532	70,000	5,972E+1
1187,187	69,523	70,000	5,975E+1
1187,187	69,523	70,000	6,016E+1
1187,187	69,523	70,000	6,018E+1
1189,351	69,653	70,000	5,504E+1
1189,351	69,653	70,000	5,505E+1
1191,518	69,582	70,000	5,790E+1
1191,518	69,582	70,000	5,792E+1
1193,685	69,638	70,000	5,794E+1
1193,685	69,638	70,000	5,572E+1
1195,850	69,678	70,000	5,573E+1
1195,850	69,678	70,000	5,415E+1
1198,018	69,520	70,000	5,416E+1
1198,018	69,520	70,000	6,043E+1
1200,185	69,435	70,000	6,046E+1
1200,185	69,435	70,000	6,385E+1
1200,185	69,435	70,000	6,387E+1
1202,352	69,441	70,000	6,368E+1
1202,352	69,441	70,000	6,370E+1
1204,517	69,353	70,000	6,722E+1
1204,517	69,353	70,000	6,725E+1
1206,686	69,402	70,000	6,727E+1
1206,686	69,402	70,000	6,536E+1
1208,850	69,451	70,000	6,539E+1
1208,850	69,451	70,000	6,348E+1
1211,018	69,471	70,000	6,350E+1
1211,018	69,471	70,000	6,271E+1
1213,184	69,580	70,000	6,274E+1
1213,184	69,580	70,000	5,846E+1
1215,351	69,492	70,000	5,848E+1
1215,351	69,492	70,000	6,199E+1
1215,351	69,492	70,000	6,201E+1
1217,518	69,626	70,000	5,672E+1
1217,518	69,626	70,000	5,674E+1
1219,684	69,587	70,000	5,676E+1
1219,684	69,587	70,000	5,832E+1
1221,849	69,643	70,000	5,834E+1
1221,849	69,643	70,000	5,614E+1
1224,018	69,580	70,000	5,615E+1
1224,018	69,580	70,000	5,867E+1
1226,183	69,663	70,000	5,868E+1
1226,183	69,663	70,000	5,541E+1
1228,350	69,468	70,000	5,543E+1
1228,350	69,468	70,000	6,317E+1
1228,350	69,468	70,000	6,320E+1
1230,512	69,441	70,000	6,429E+1
1230,512	69,441	70,000	6,431E+1
1232,679	69,661	70,000	6,434E+1
1232,679	69,661	70,000	5,563E+1
1234,846	69,627	70,000	5,564E+1
1234,846	69,627	70,000	5,701E+1
1237,013	69,594	70,000	5,702E+1
1237,013	69,594	70,000	5,837E+1
1239,180	69,687	70,000	5,839E+1
1239,180	69,687	70,000	5,472E+1
1241,346	69,661	70,000	5,473E+1
1241,346	69,661	70,000	5,576E+1
1241,346	69,661	70,000	5,577E+1
1243,513	69,770	70,000	5,149E+1
1243,513	69,770	70,000	5,150E+1
1245,680	69,811	70,000	5,151E+1
1245,680	69,811	70,000	4,990E+1
1247,847	69,784	70,000	4,990E+1
1247,847	69,784	70,000	5,100E+1
1250,014	69,691	70,000	5,101E+1
1250,014	69,691	70,000	5,471E+1
1252,178	69,601	70,000	5,472E+1
1252,178	69,601	70,000	5,830E+1
1254,343	69,525	70,000	5,832E+1
1254,343	69,525	70,000	6,131E+1
1254,343	69,525	70,000	6,133E+1
1256,506	69,749	70,000	5,248E+1
1256,506	69,749	70,000	5,249E+1
1258,675	69,696	70,000	5,250E+1
1258,675	69,696	70,000	5,465E+1
1260,841	69,773	70,000	5,466E+1
1260,841	69,773	70,000	5,159E+1
1263,008	69,749	70,000	5,160E+1
1263,008	69,749	70,000	5,256E+1
1265,177	69,739	70,000	5,257E+1
1265,177	69,739	70,000	5,298E+1
1267,342	69,639	70,000	5,299E+1
1267,342	69,639	70,000	5,696E+1
1267,342	69,639	70,000	5,698E+1
1269,509	69,561	70,000	6,009E+1
1269,509	69,561	70,000	6,010E+1
1271,676	69,316	70,000	6,012E+1
1271,676	69,316	70,000	6,989E+1
1273,841	69,347	70,000	6,992E+1
1273,841	69,347	70,000	6,869E+1
1276,009	69,248	70,000	6,872E+1
1276,009	69,248	70,000	7,271E+1
1278,176	69,383	70,000	7,274E+1
1278,176	69,383	70,000	6,739E+1
1280,343	69,573	70,000	6,741E+1
1280,343	69,573	70,000	5,993E+1
1280,343	69,573	70,000	5,995E+1
1282,510	69,595	70,000	5,910E+1
1282,510	69,595	70,000	5,912E+1
1284,676	69,568	70,000	5,914E+1
1284,676	69,568	70,000	6,022E+1
1286,843	69,470	70,000	6,024E+1
1286,843	69,470	70,000	6,415E+1
1289,010	69,344	70,000	6,417E+1
1289,010	69,344	70,000	6,917E+1
1291,175	69,430	70,000	6,920E+1
1291,175	69,430	70,000	6,582E+1
1293,342	69,458	70,000	6,584E+1
1293,342	69,458	70,000	6,478E+1
1293,342	69,458	70,000	6,481E+1
1295,508	69,620	70,000	5,839E+1
1295,508	69,620	70,000	5,841E+1
1297,673	69,375	70,000	5,843E+1
1297,673	69,375	70,000	6,817E+1
1299,840	69,376	70,000	6,820E+1
1299,840	69,376	70,000	6,817E+1
1302,007	69,368	70,000	6,819E+1
1302,007	69,368	70,000	6,856E+1
1304,174	69,390	70,000	6,859E+1
1304,174	69,390	70,000	6,775E+1
1306,343	69,569	70,000	6,777E+1
1306,343	69,569	70,000	6,073E+1
1306,343	69,569	70,000	6,075E+1
1308,510	69,314	70,000	7,087E+1
1308,510	69,314	70,000	7,090E+1
1310,676	69,393	70,000	7,093E+1
1310,676	69,393	70,000	6,779E+1
1312,839	69,568	70,000	6,782E+1
1312,839	69,568	70,000	6,093E+1
1315,006	69,388	70,000	6,095E+1
1315,006	69,388	70,000	6,811E+1
1317,171	69,203	70,000	6,813E+1
1317,171	69,203	70,000	7,549E+1
1319,340	69,190	70,000	7,553E+1
1319,340	69,190	70,000	7,608E+1
1319,340	69,190	70,000	7,611E+1
1321,506	69,245	70,000	7,395E+1
1321,506	69,245	70,000	7,399E+1
1323,673	69,316	70,000	7,402E+1
1323,673	69,316	70,000	7,128E+1
1325,838	69,371	70,000	7,131E+1
1325,838	69,371	70,000	6,914E+1
1328,005	69,350	70,000	6,917E+1
1328,005	69,350	70,000	7,005E+1
1330,173	69,346	70,000	7,008E+1
1330,173	69,346	70,000	7,025E+1
1332,342	69,356	70,000	7,028E+1
1332,342	69,356	70,000	6,989E+1
1332,342	69,356	70,000	6,992E+1
1334,511	69,471	70,000	6,539E+1
1334,511	69,471	70,000	6,542E+1
1336,676	69,582	70,000	6,544E+1
1336,676	69,582	70,000	6,109E+1
1338,843	69,500	70,000	6,111E+1
1338,843	69,500	70,000	6,437E+1
1341,010	69,480	70,000	6,440E+1
1341,010	69,480	70,000	6,521E+1
1343,174	69,615	70,000	6,524E+1
1343,174	69,615	70,000	5,989E+1
1345,341	69,566	70,000	5,991E+1
1345,341	69,566	70,000	6,187E+1
1345,341	69,566	70,000	6,189E+1
1347,508	69,548	70,000	6,264E+1
1347,508	69,548	70,000	6,266E+1
1349,675	69,511	70,000	6,268E+1
1349,675	69,511	70,000	6,419E+1
1351,842	69,675	70,000	6,421E+1
1351,842	69,675	70,000	5,771E+1
1354,008	69,597	70,000	5,773E+1
1354,008	69,597	70,000	6,083E+1
1356,177	69,563	70,000	6,085E+1
1356,177	69,563	70,000	6,222E+1
1358,342	69,599	70,000	6,223E+1
1358,342	69,599	70,000	6,083E+1
1358,342	69,599	70,000	6,085E+1
1360,509	69,834	70,000	5,153E+1
1360,509	69,834	70,000	5,154E+1
1362,676	69,831	70,000	5,155E+1
1362,676	69,831	70,000	5,169E+1
1364,843	69,862	70,000	5,170E+1
1364,843	69,862	70,000	5,050E+1
1367,008	69,734	70,000	5,051E+1
1367,008	69,734	70,000	5,555E+1
1369,175	69,804	70,000	5,556E+1
1369,175	69,804	70,000	5,282E+1
1371,339	69,900	70,000	5,282E+1
1371,339	69,900	70,000	4,901E+1
1371,339	69,900	70,000	4,901E+1
1373,508	69,898	70,000	4,914E+1
1373,508	69,898	70,000	4,914E+1
1375,675	69,802	70,000	4,915E+1
1375,675	69,802	70,000	5,292E+1
1377,844	69,820	70,000	5,292E+1
1377,844	69,820	70,000	5,226E+1
1380,011	69,874	70,000	5,227E+1
1380,011	69,874	70,000	5,014E+1
1382,173	69,743	70,000	5,014E+1
1382,173	69,743	70,000	5,534E+1
1384,340	69,731	70,000	5,535E+1
1384,340	69,731	70,000	5,582E+1
1384,340	69,731	70,000	5,583E+1
1386,507	69,934	70,000	4,778E+1
1386,507	69,934	70,000	4,778E+1
1388,674	69,963	70,000	4,778E+1
1388,674	69,963	70,000	4,664E+1
1390,841	70,089	70,000	4,664E+1
1390,841	70,089	70,000	4,167E+1
1393,010	69,977	70,000	4,167E+1
1393,010	69,977	70,000	4,610E+1
1395,176	69,922	70,000	4,610E+1
1395,176	69,922	70,000	4,826E+1
1397,343	69,803	70,000	4,826E+1
1397,343	69,803	70,000	5,302E+1
1397,343	69,803	70,000	5,303E+1
1399,508	69,787	70,000	5,365E+1
1399,508	69,787	70,000	5,366E+1
1401,673	69,706	70,000	5,367E+1
1401,673	69,706	70,000	5,691E+1
1403,838	69,715	70,000	5,693E+1
1403,838	69,715	70,000	5,654E+1
1406,005	69,784	70,000	5,656E+1
1406,005	69,784	70,000	5,387E+1
1408,171	69,703	70,000	5,388E+1
1408,171	69,703	70,000	5,706E+1
1410,336	69,570	70,000	5,708E+1
1410,336	69,570	70,000	6,238E+1
1410,336	69,570	70,000	6,240E+1
1412,505	69,587	70,000	6,174E+1
1412,505	69,587	70,000	6,176E+1
1414,674	69,565	70,000	6,178E+1
1414,674	69,565	70,000	6,267E+1
1416,841	69,777	70,000	6,269E+1
1416,841	69,777	70,000	5,431E+1
1419,008	69,626	70,000	5,432E+1
1419,008	69,626	70,000	6,032E+1
1421,174	69,765	70,000	6,033E+1
1421,174	69,765	70,000	5,484E+1
1423,345	69,722	70,000	5,485E+1
1423,345	69,722	70,000	5,655E+1
1423,345	69,722	70,000	5,656E+1
1425,514	69,635	70,000	6,006E+1
1425,514	69,635	70,000	6,007E+1
1427,679	69,796	70,000	6,009E+1
1427,679	69,796	70,000	5,373E+1
1429,846	69,753	70,000	5,374E+1
1429,846	69,753	70,000	5,543E+1
1432,011	69,800	70,000	5,544E+1
1432,011	69,800	70,000	5,357E+1
1434,177	69,816	70,000	5,358E+1
1434,177	69,816	70,000	5,298E+1
1436,343	69,568	70,000	5,298E+1
1436,343	69,568	70,000	6,282E+1
1436,343	69,568	70,000	6,284E+1
1438,509	69,636	70,000	6,016E+1
1438,509	69,636	70,000	6,018E+1
1440,676	69,607	70,000	6,020E+1
1440,676	69,607	70,000	6,136E+1
1442,843	69,497	70,000	6,138E+1
1442,843	69,497	70,000	6,576E+1
1445,012	69,546	70,000	6,578E+1
1445,012	69,546	70,000	6,386E+1
1447,178	69,530	70,000	6,388E+1
1447,178	69,530	70,000	6,455E+1
1449,343	69,511	70,000	6,458E+1
1449,343	69,511	70,000	6,535E+1
1449,343	69,511	70,000	6,537E+1
1451,510	69,561	70,000	6,337E+1
1451,510	69,561	70,000	6,339E+1
1453,676	69,450	70,000	6,341E+1
1453,676	69,450	70,000	6,787E+1
1455,841	69,684	70,000	6,789E+1
1455,841	69,684	70,000	5,865E+1
1458,008	69,663	70,000	5,866E+1
1458,008	69,663	70,000	5,949E+1
1460,175	69,587	70,000	5,950E+1
1460,175	69,587	70,000	6,253E+1
1462,340	69,663	70,000	6,255E+1
1462,340	69,663	70,000	5,954E+1
1462,340	69,663	70,000	5,955E+1
1464,506	69,626	70,000	6,105E+1
1464,506	69,626	70,000	6,107E+1
1466,671	69,627	70,000	6,109E+1
1466,671	69,627	70,000	6,104E+1
1468,838	69,673	70,000	6,106E+1
1468,838	69,673	70,000	5,925E+1
1471,005	69,614	70,000	5,927E+1
1471,005	69,614	70,000	6,164E+1
1473,173	69,668	70,000	6,166E+1
1473,173	69,668	70,000	5,954E+1
1475,334	69,466	70,000	5,955E+1
1475,334	69,466	70,000	6,757E+1
1475,334	69,466	70,000	6,760E+1
1477,503	69,209	70,000	7,782E+1
1477,503	69,209	70,000	7,786E+1
1479,668	69,264	70,000	7,789E+1
1479,668	69,264	70,000	7,571E+1
1481,835	69,316	70,000	7,574E+1
1481,835	69,316	70,000	7,376E+1
1484,003	69,430	70,000	7,379E+1
1484,003	69,430	70,000	6,926E+1
1486,168	69,446	70,000	6,929E+1
1486,168	69,446	70,000	6,870E+1
1488,335	69,352	70,000	6,872E+1
1488,335	69,352	70,000	7,245E+1
1488,335	69,352	70,000	7,248E+1
1490,501	69,563	70,000	6,417E+1
1490,501	69,563	70,000	6,419E+1
1492,670	69,514	70,000	6,421E+1
1492,670	69,514	70,000	6,617E+1
1494,837	69,608	70,000	6,619E+1
1494,837	69,608	70,000	6,251E+1
1497,006	69,644	70,000	6,253E+1
1497,006	69,644	70,000	6,108E+1
1499,169	69,663	70,000	6,110E+1
1499,169	69,663	70,000	6,038E+1
1501,336	69,692	70,000	6,039E+1
1501,336	69,692	70,000	5,926E+1
1501,336	69,692	70,000	5,927E+1
1503,502	69,799	70,000	5,505E+1
1503,502	69,799	70,000	5,506E+1
1505,669	69,924	70,000	5,507E+1
1505,669	69,924	70,000	5,010E+1
1507,836	69,947	70,000	5,011E+1
1507,836	69,947	70,000	4,924E+1
1510,005	69,770	70,000	4,924E+1
1510,005	69,770	70,000	5,624E+1
1512,169	69,580	70,000	5,625E+1
1512,169	69,580	70,000	6,379E+1
1514,334	69,696	70,000	6,381E+1
1514,334	69,696	70,000	5,925E+1
1514,334	69,696	70,000	5,926E+1
1516,503	69,833	70,000	5,383E+1
1516,503	69,833	70,000	5,383E+1
1518,668	69,843	70,000	5,384E+1
1518,668	69,843	70,000	5,345E+1
1520,835	69,838	70,000	5,346E+1
1520,835	69,838	70,000	5,367E+1
1523,001	69,867	70,000	5,367E+1
1523,001	69,867	70,000	5,255E+1
1525,168	69,960	70,000	5,256E+1
1525,168	69,960	70,000	4,886E+1
1527,333	69,962	70,000	4,886E+1
1527,333	69,962	70,000	4,880E+1
1527,333	69,962	70,000	4,880E+1
1529,504	70,016	70,000	4,665E+1
1529,504	70,016	70,000	4,665E+1
1531,670	70,031	70,000	4,665E+1
1531,670	70,031	70,000	4,603E+1
1533,833	70,082	70,000	4,603E+1
1533,833	70,082	70,000	4,403E+1
1536,000	70,031	70,000	4,402E+1
1536,000	70,031	70,000	4,604E+1
1538,169	70,004	70,000	4,604E+1
1538,169	70,004	70,000	4,711E+1
1540,339	69,926	70,000	4,711E+1
1540,339	69,926	70,000	5,020E+1
1540,339	69,926	70,000	5,020E+1
1542,502	69,906	70,000	5,102E+1
1542,502	69,906	70,000	5,102E+1
1544,671	69,858	70,000	5,102E+1
1544,671	69,858	70,000	5,289E+1
1546,838	69,775	70,000	5,290E+1
1546,838	69,775	70,000	5,621E+1
1549,001	69,568	70,000	5,622E+1
1549,001	69,568	70,000	6,443E+1
1551,169	69,832	70,000	6,445E+1
1551,169	69,832	70,000	5,399E+1
1553,334	69,750	70,000	5,400E+1
1553,334	69,750	70,000	5,728E+1
1553,334	69,750	70,000	5,729E+1
1555,499	69,791	70,000	5,570E+1
1555,499	69,791	70,000	5,570E+1
1557,666	69,835	70,000	5,571E+1
1557,666	69,835	70,000	5,398E+1
1559,833	69,816	70,000	5,399E+1
1559,833	69,816	70,000	5,473E+1
1561,997	69,763	70,000	5,474E+1
1561,997	69,763	70,000	5,684E+1
1564,164	69,829	70,000	5,686E+1
1564,164	69,829	70,000	5,423E+1
1566,329	69,775	70,000	5,424E+1
1566,329	69,775	70,000	5,639E+1
1566,329	69,775	70,000	5,640E+1
1568,496	69,697	70,000	5,952E+1
1568,496	69,697	70,000	5,953E+1
1570,663	69,741	70,000	5,954E+1
1570,663	69,741	70,000	5,781E+1
1572,830	69,804	70,000	5,783E+1
1572,830	69,804	70,000	5,534E+1
1574,994	69,741	70,000	5,535E+1
1574,994	69,741	70,000	5,786E+1
1577,163	69,701	70,000	5,787E+1
1577,163	69,701	70,000	5,948E+1
1579,328	69,692	70,000	5,950E+1
1579,328	69,692	70,000	5,985E+1
1579,328	69,692	70,000	5,986E+1
1581,494	69,666	70,000	6,089E+1
1581,494	69,666	70,000	6,090E+1
1583,659	69,736	70,000	6,092E+1
1583,659	69,736	70,000	5,818E+1
1585,826	69,654	70,000	5,819E+1
1585,826	69,654	70,000	6,143E+1
1587,991	69,816	70,000	6,145E+1
1587,991	69,816	70,000	5,508E+1
1590,158	69,882	70,000	5,509E+1
1590,158	69,882	70,000	5,246E+1
1592,324	69,737	70,000	5,247E+1
1592,324	69,737	70,000	5,824E+1
1592,324	69,737	70,000	5,825E+1
1594,491	69,631	70,000	6,244E+1
1594,491	69,631	70,000	6,246E+1
1596,658	69,629	70,000	6,248E+1
1596,658	69,629	70,000	6,257E+1
1598,825	69,710	70,000	6,259E+1
1598,825	69,710	70,000	5,938E+1
1600,990	69,644	70,000	5,939E+1
1600,990	69,644	70,000	6,202E+1
1603,156	69,608	70,000	6,203E+1
1603,156	69,608	70,000	6,352E+1
1605,325	69,644	70,000	6,353E+1
1605,325	69,644	70,000	6,209E+1
1605,325	69,644	70,000	6,210E+1
1607,494	69,534	70,000	6,648E+1
1607,494	69,534	70,000	6,650E+1
1609,659	69,572	70,000	6,652E+1
1609,659	69,572	70,000	6,507E+1
1611,825	69,644	70,000	6,509E+1
1611,825	69,644	70,000	6,222E+1
1613,994	69,785	70,000	6,224E+1
1613,994	69,785	70,000	5,667E+1
1616,161	69,824	70,000	5,667E+1
1616,161	69,824	70,000	5,516E+1
1618,328	69,644	70,000	5,517E+1
1618,328	69,644	70,000	6,229E+1
1618,328	69,644	70,000	6,230E+1
1620,495	69,696	70,000	6,030E+1
1620,495	69,696	70,000	6,031E+1
1622,661	69,678	70,000	6,033E+1
1622,661	69,678	70,000	6,101E+1
1624,828	69,648	70,000	6,103E+1
1624,828	69,648	70,000	6,227E+1
1626,997	69,410	70,000	6,229E+1
1626,997	69,410	70,000	7,171E+1
1629,164	69,465	70,000	7,174E+1
1629,164	69,465	70,000	6,961E+1
1631,331	69,570	70,000	6,963E+1
1631,331	69,570	70,000	6,548E+1
1631,331	69,570	70,000	6,549E+1
1633,497	69,575	70,000	6,532E+1
1633,497	69,575	70,000	6,533E+1
1635,664	69,800	70,000	6,535E+1
1635,664	69,800	70,000	5,644E+1
1637,831	69,821	70,000	5,645E+1
1637,831	69,821	70,000	5,564E+1
1639,996	69,789	70,000	5,565E+1
1639,996	69,789	70,000	5,693E+1
1642,163	69,819	70,000	5,694E+1
1642,163	69,819	70,000	5,576E+1
1644,329	69,521	70,000	5,577E+1
1644,329	69,521	70,000	6,758E+1
1644,329	69,521	70,000	6,760E+1
1646,496	69,525	70,000	6,745E+1
1646,496	69,525	70,000	6,747E+1
1648,663	69,675	70,000	6,749E+1
1648,663	69,675	70,000	6,159E+1
1650,830	69,809	70,000	6,160E+1
1650,830	69,809	70,000	5,631E+1
1652,996	69,899	70,000	5,632E+1
1652,996	69,899	70,000	5,276E+1
1655,161	69,855	70,000	5,276E+1
1655,161	69,855	70,000	5,451E+1
1657,328	69,906	70,000	5,452E+1
1657,328	69,906	70,000	5,252E+1
1657,328	69,906	70,000	5,253E+1
1659,497	69,841	70,000	5,507E+1
1659,497	69,841	70,000	5,508E+1
1661,662	69,775	70,000	5,508E+1
1661,662	69,775	70,000	5,772E+1
1663,832	69,635	70,000	5,773E+1
1663,832	69,635	70,000	6,331E+1
1665,999	69,694	70,000	6,333E+1
1665,999	69,694	70,000	6,101E+1
1668,168	69,660	70,000	6,102E+1
1668,168	69,660	70,000	6,238E+1
1670,337	69,666	70,000	6,240E+1
1670,337	69,666	70,000	6,214E+1
1670,337	69,666	70,000	6,215E+1
1672,504	69,558	70,000	6,646E+1
1672,504	69,558	70,000	6,648E+1
1674,670	69,566	70,000	6,650E+1
1674,670	69,566	70,000	6,619E+1
1676,833	69,568	70,000	6,621E+1
1676,833	69,568	70,000	6,617E+1
1679,000	69,522	70,000	6,619E+1
1679,000	69,522	70,000	6,803E+1
1681,165	69,520	70,000	6,805E+1
1681,165	69,520	70,000	6,813E+1
1683,332	69,508	70,000	6,815E+1
1683,332	69,508	70,000	6,865E+1
1683,332	69,508	70,000	6,867E+1
1685,498	69,612	70,000	6,459E+1
1685,498	69,612	70,000	6,461E+1
1687,663	69,670	70,000	6,463E+1
1687,663	69,670	70,000	6,235E+1
1689,830	69,310	70,000	6,236E+1
1689,830	69,310	70,000	7,662E+1
1691,997	69,340	70,000	7,665E+1
1691,997	69,340	70,000	7,554E+1
1694,162	69,422	70,000	7,557E+1
1694,162	69,422	70,000	7,231E+1
1696,331	69,409	70,000	7,233E+1
1696,331	69,409	70,000	7,291E+1
1698,500	69,511	70,000	7,294E+1
1698,500	69,511	70,000	6,893E+1
1698,500	69,511	70,000	6,895E+1
1700,668	69,635	70,000	6,897E+1
1700,668	69,635	70,000	6,408E+1
1702,835	69,654	70,000	6,410E+1
1702,835	69,654	70,000	6,332E+1
1705,002	69,585	70,000	6,333E+1
1705,002	69,585	70,000	6,610E+1
1707,169	69,561	70,000	6,612E+1
1707,169	69,561	70,000	6,709E+1
1709,331	69,716	70,000	6,711E+1
1709,331	69,716	70,000	6,099E+1
1711,500	69,960	70,000	6,100E+1
1711,500	69,960	70,000	5,135E+1
1711,500	69,960	70,000	5,135E+1
1713,667	69,775	70,000	5,135E+1
1713,667	69,775	70,000	5,868E+1
1715,836	69,703	70,000	5,869E+1
1715,836	69,703	70,000	6,158E+1
1718,001	69,789	70,000	6,159E+1
1718,001	69,789	70,000	5,818E+1
1720,167	70,089	70,000	5,819E+1
1720,167	70,089	70,000	4,631E+1
1722,334	70,002	70,000	4,630E+1
1722,334	70,002	70,000	4,973E+1
1724,501	70,021	70,000	4,973E+1
1724,501	70,021	70,000	4,899E+1
1724,501	70,021	70,000	4,899E+1
1726,667	69,929	70,000	4,899E+1
1726,667	69,929	70,000	5,262E+1
1728,832	70,002	70,000	5,262E+1
1728,832	70,002	70,000	4,973E+1
1730,999	69,885	70,000	4,973E+1
1730,999	69,885	70,000	5,439E+1
1733,170	69,975	70,000	5,439E+1
1733,170	69,975	70,000	5,081E+1
1735,337	69,870	70,000	5,081E+1
1735,337	69,870	70,000	5,499E+1
1737,503	69,894	70,000	5,500E+1
1737,503	69,894	70,000	5,405E+1
1737,503	69,894	70,000	5,406E+1
1739,670	69,828	70,000	5,406E+1
1739,670	69,828	70,000	5,668E+1
1741,835	69,738	70,000	5,669E+1
1741,835	69,738	70,000	6,027E+1
1744,004	69,651	70,000	6,028E+1
1744,004	69,651	70,000	6,372E+1
1746,170	69,755	70,000	6,373E+1
1746,170	69,755	70,000	5,965E+1
1748,334	69,749	70,000	5,966E+1
1748,334	69,749	70,000	5,989E+1
1750,496	69,821	70,000	5,990E+1
1750,496	69,821	70,000	5,708E+1
1750,496	69,821	70,000	5,708E+1
1752,661	69,770	70,000	5,709E+1
1752,661	69,770	70,000	5,912E+1
1754,828	69,831	70,000	5,913E+1
1754,828	69,831	70,000	5,673E+1
1756,994	69,736	70,000	5,673E+1
1756,994	69,736	70,000	6,050E+1
1759,161	69,817	70,000	6,052E+1
1759,161	69,817	70,000	5,730E+1
1761,328	69,856	70,000	5,731E+1
1761,328	69,856	70,000	5,577E+1
1763,495	69,792	70,000	5,578E+1
1763,495	69,792	70,000	5,834E+1
1763,495	69,792	70,000	5,835E+1
1765,661	69,817	70,000	5,836E+1
1765,661	69,817	70,000	5,736E+1
1767,828	69,916	70,000	5,737E+1
1767,828	69,916	70,000	5,349E+1
1769,997	69,753	70,000	5,349E+1
1769,997	69,753	70,000	5,994E+1
1772,162	69,587	70,000	5,995E+1
1772,162	69,587	70,000	6,656E+1
1774,331	69,782	70,000	6,658E+1
1774,331	69,782	70,000	5,885E+1
1776,497	69,909	70,000	5,886E+1
1776,497	69,909	70,000	5,384E+1
1776,497	69,909	70,000	5,384E+1
1778,664	69,858	70,000	5,384E+1
1778,664	69,858	70,000	5,585E+1
1780,829	70,006	70,000	5,585E+1
1780,829	70,006	70,000	5,004E+1
1782,996	70,059	70,000	5,004E+1
1782,996	70,059	70,000	4,794E+1
1785,164	70,001	70,000	4,793E+1
1785,164	70,001	70,000	5,023E+1
1787,331	69,857	70,000	5,023E+1
1787,331	69,857	70,000	5,593E+1
1789,498	69,907	70,000	5,594E+1
1789,498	69,907	70,000	5,393E+1
1789,498	69,907	70,000	5,393E+1
1791,667	69,948	70,000	5,394E+1
1791,667	69,948	70,000	5,233E+1
1793,834	69,812	70,000	5,234E+1
1793,834	69,812	70,000	5,771E+1
1796,000	69,860	70,000	5,772E+1
1796,000	69,860	70,000	5,584E+1
1798,167	69,822	70,000	5,585E+1
1798,167	69,822	70,000	5,734E+1
1800,336	70,069	70,000	5,735E+1
1800,336	70,069	70,000	4,761E+1
1802,501	70,130	70,000	4,761E+1
1802,501	70,130	70,000	4,517E+1
1802,501	70,130	70,000	4,516E+1
1804,667	70,160	70,000	4,516E+1
1804,667	70,160	70,000	4,394E+1
1806,834	70,157	70,000	4,393E+1
1806,834	70,157	70,000	4,407E+1
1809,001	70,150	70,000	4,406E+1
1809,001	70,150	70,000	4,433E+1
1811,168	70,109	70,000	4,432E+1
1811,168	70,109	70,000	4,592E+1
1813,333	70,121	70,000	4,591E+1
1813,333	70,121	70,000	4,543E+1
1815,499	70,177	70,000	4,543E+1
1815,499	70,177	70,000	4,322E+1
1815,499	70,177	70,000	4,322E+1
1817,666	70,044	70,000	4,321E+1
1817,666	70,044	70,000	4,845E+1
1819,831	70,175	70,000	4,845E+1
1819,831	70,175	70,000	4,326E+1
1821,998	69,978	70,000	4,325E+1
1821,998	69,978	70,000	5,105E+1
1824,165	70,135	70,000	5,105E+1
1824,165	70,135	70,000	4,485E+1
1826,329	70,106	70,000	4,484E+1
1826,329	70,106	70,000	4,598E+1
1828,496	70,182	70,000	4,598E+1
1828,496	70,182	70,000	4,296E+1
1828,496	70,182	70,000	4,295E+1
1830,663	70,118	70,000	4,295E+1
1830,663	70,118	70,000	4,547E+1
1832,828	69,974	70,000	4,547E+1
1832,828	69,974	70,000	5,119E+1
1834,997	69,882	70,000	5,119E+1
1834,997	69,882	70,000	5,482E+1
1837,163	69,915	70,000	5,482E+1
1837,163	69,915	70,000	5,354E+1
1839,332	70,057	70,000	5,354E+1
1839,332	70,057	70,000	4,790E+1
1841,499	69,986	70,000	4,790E+1
1841,499	69,986	70,000	5,073E+1
1841,499	69,986	70,000	5,073E+1
1843,666	69,909	70,000	5,073E+1
1843,666	69,909	70,000	5,376E+1
1845,832	69,992	70,000	5,377E+1
1845,832	69,992	70,000	5,048E+1
1847,999	69,993	70,000	5,048E+1
1847,999	69,993	70,000	5,046E+1
1850,164	70,114	70,000	5,046E+1
1850,164	70,114	70,000	4,565E+1
1852,331	70,002	70,000	4,564E+1
1852,331	70,002	70,000	5,008E+1
1854,498	70,028	70,000	5,008E+1
1854,498	70,028	70,000	4,905E+1
1854,498	70,028	70,000	4,904E+1
1856,662	70,053	70,000	4,904E+1
1856,662	70,053	70,000	4,803E+1
1858,829	70,114	70,000	4,803E+1
1858,829	70,114	70,000	4,561E+1
1860,994	70,085	70,000	4,560E+1
1860,994	70,085	70,000	4,675E+1
1863,161	70,201	70,000	4,674E+1
1863,161	70,201	70,000	4,216E+1
1865,329	70,230	70,000	4,216E+1
1865,329	70,230	70,000	4,100E+1
1867,492	70,142	70,000	4,099E+1
1867,492	70,142	70,000	4,446E+1
1867,492	70,142	70,000	4,446E+1
1869,657	69,882	70,000	4,445E+1
1869,657	69,882	70,000	5,475E+1
1871,826	69,843	70,000	5,475E+1
1871,826	69,843	70,000	5,630E+1
1873,991	69,733	70,000	5,631E+1
1873,991	69,733	70,000	6,069E+1
1876,157	69,719	70,000	6,071E+1
1876,157	69,719	70,000	6,125E+1
1878,324	69,666	70,000	6,127E+1
1878,324	69,666	70,000	6,336E+1
1880,493	69,722	70,000	6,337E+1
1880,493	69,722	70,000	6,117E+1
1880,493	69,722	70,000	6,118E+1
1882,660	69,524	70,000	6,120E+1
1882,660	69,524	70,000	6,907E+1
1884,827	69,582	70,000	6,909E+1
1884,827	69,582	70,000	6,684E+1
1886,993	69,631	70,000	6,686E+1
1886,993	69,631	70,000	6,491E+1
1889,156	69,680	70,000	6,493E+1
1889,156	69,680	70,000	6,301E+1
1891,321	69,701	70,000	6,302E+1
1891,321	69,701	70,000	6,222E+1
1893,488	69,709	70,000	6,224E+1
1893,488	69,709	70,000	6,191E+1
1893,488	69,709	70,000	6,193E+1
1895,655	69,856	70,000	6,194E+1
1895,655	69,856	70,000	5,611E+1
1897,822	69,794	70,000	5,611E+1
1897,822	69,794	70,000	5,860E+1
1899,989	69,715	70,000	5,861E+1
1899,989	69,715	70,000	6,173E+1
1902,158	69,682	70,000	6,174E+1
1902,158	69,682	70,000	6,308E+1
1904,324	69,725	70,000	6,309E+1
1904,324	69,725	70,000	6,138E+1
1906,491	69,814	70,000	6,140E+1
1906,491	69,814	70,000	5,790E+1
1906,491	69,814	70,000	5,791E+1
1908,658	69,828	70,000	5,792E+1
1908,658	69,828	70,000	5,739E+1
1910,825	69,807	70,000	5,740E+1
1910,825	69,807	70,000	5,822E+1
1912,993	69,929	70,000	5,823E+1
1912,993	69,929	70,000	5,338E+1
1915,160	69,814	70,000	5,339E+1
1915,160	69,814	70,000	5,797E+1
1917,329	69,682	70,000	5,798E+1
1917,329	69,682	70,000	6,321E+1
1919,494	69,670	70,000	6,323E+1
1919,494	69,670	70,000	6,372E+1
1919,494	69,670	70,000	6,373E+1
1921,661	69,812	70,000	6,375E+1
1921,661	69,812	70,000	5,812E+1
1923,828	69,663	70,000	5,813E+1
1923,828	69,663	70,000	6,404E+1
1925,990	69,882	70,000	6,405E+1
1925,990	69,882	70,000	5,541E+1
1928,157	69,794	70,000	5,542E+1
1928,157	69,794	70,000	5,891E+1
1930,326	69,781	70,000	5,892E+1
1930,326	69,781	70,000	5,942E+1
1932,494	69,750	70,000	5,943E+1
1932,494	69,750	70,000	6,071E+1
1932,494	69,750	70,000	6,072E+1
1934,658	69,794	70,000	6,073E+1
1934,658	69,794	70,000	5,898E+1
1936,825	69,821	70,000	5,899E+1
1936,825	69,821	70,000	5,795E+1
1938,992	69,804	70,000	5,796E+1
1938,992	69,804	70,000	5,862E+1
1941,158	69,746	70,000	5,863E+1
1941,158	69,746	70,000	6,093E+1
1943,323	69,714	70,000	6,095E+1
1943,323	69,714	70,000	6,223E+1
1945,488	69,662	70,000	6,224E+1
1945,488	69,662	70,000	6,433E+1
1945,488	69,662	70,000	6,435E+1
1947,655	69,765	70,000	6,436E+1
1947,655	69,765	70,000	6,028E+1
1949,822	69,755	70,000	6,029E+1
1949,822	69,755	70,000	6,071E+1
1951,991	69,912	70,000	6,072E+1
1951,991	69,912	70,000	5,448E+1
1954,157	69,678	70,000	5,448E+1
1954,157	69,678	70,000	6,376E+1
1956,324	69,722	70,000	6,377E+1
1956,324	69,722	70,000	6,204E+1
1958,489	69,661	70,000	6,205E+1
1958,489	69,661	70,000	6,448E+1
1958,489	69,661	70,000	6,450E+1
1960,658	69,575	70,000	6,451E+1
1960,658	69,575	70,000	6,796E+1
1962,827	69,763	70,000	6,798E+1
1962,827	69,763	70,000	6,055E+1
1964,992	69,758	70,000	6,056E+1
1964,992	69,758	70,000	6,074E+1
1967,162	69,791	70,000	6,076E+1
1967,162	69,791	70,000	5,950E+1
1969,327	69,876	70,000	5,951E+1
1969,327	69,876	70,000	5,615E+1
1971,494	69,936	70,000	5,616E+1
1971,494	69,936	70,000	5,376E+1
1971,494	69,936	70,000	5,377E+1
1973,659	69,834	70,000	5,377E+1
1973,659	69,834	70,000	5,779E+1
1975,823	69,852	70,000	5,780E+1
1975,823	69,852	70,000	5,714E+1
1977,990	69,987	70,000	5,714E+1
1977,990	69,987	70,000	5,178E+1
1980,157	69,707	70,000	5,178E+1
1980,157	69,707	70,000	6,286E+1
1982,322	69,760	70,000	6,287E+1
1982,322	69,760	70,000	6,080E+1
1984,488	69,832	70,000	6,081E+1
1984,488	69,832	70,000	5,795E+1
1984,488	69,832	70,000	5,796E+1
1986,651	69,779	70,000	5,797E+1
1986,651	69,779	70,000	6,011E+1
1988,818	69,779	70,000	6,012E+1
1988,818	69,779	70,000	6,013E+1
1990,989	69,741	70,000	6,014E+1
1990,989	69,741	70,000	6,164E+1
1993,156	69,784	70,000	6,165E+1
1993,156	69,784	70,000	5,998E+1
1995,322	69,845	70,000	5,999E+1
1995,322	69,845	70,000	5,758E+1
1997,485	69,696	70,000	5,759E+1
1997,485	69,696	70,000	6,350E+1
1997,485	69,696	70,000	6,351E+1
1999,652	69,870	70,000	6,353E+1
1999,652	69,870	70,000	5,663E+1
2001,819	69,738	70,000	5,663E+1
2001,819	69,738	70,000	6,187E+1
2003,987	69,800	70,000	6,188E+1
2003,987	69,800	70,000	5,942E+1
2006,152	69,779	70,000	5,942E+1
2006,152	69,779	70,000	6,031E+1
2008,319	69,950	70,000	6,032E+1
2008,319	69,950	70,000	5,353E+1
2010,488	70,014	70,000	5,353E+1
2010,488	70,014	70,000	5,100E+1
2010,488	70,014	70,000	5,100E+1
2012,652	70,106	70,000	5,100E+1
2012,652	70,106	70,000	4,735E+1
2014,819	70,180	70,000	4,735E+1
2014,819	70,180	70,000	4,439E+1
2016,984	70,150	70,000	4,438E+1
2016,984	70,150	70,000	4,558E+1
2019,153	70,070	70,000	4,558E+1
2019,153	70,070	70,000	4,874E+1
2021,320	70,123	70,000	4,874E+1
2021,320	70,123	70,000	4,665E+1
2023,485	70,238	70,000	4,665E+1
2023,485	70,238	70,000	4,206E+1
2023,485	70,238	70,000	4,205E+1
2025,651	70,123	70,000	4,204E+1
2025,651	70,123	70,000	4,659E+1
2027,818	70,128	70,000	4,658E+1
2027,818	70,128	70,000	4,638E+1
2029,985	70,067	70,000	4,637E+1
2029,985	70,067	70,000	4,878E+1
2032,152	70,097	70,000	4,878E+1
2032,152	70,097	70,000	4,757E+1
2034,319	70,090	70,000	4,757E+1
2034,319	70,090	70,000	4,783E+1
2036,484	70,065	70,000	4,884E+1
2036,484	70,065	70,000	4,884E+1
2036,484	70,065	70,000	4,884E+1
2038,650	69,943	70,000	5,367E+1
2038,650	69,943	70,000	5,367E+1
2040,817	69,953	70,000	5,328E+1
2040,817	69,953	70,000	5,328E+1
2042,984	69,800	70,000	5,932E+1
2042,984	69,800	70,000	5,933E+1
2045,151	69,817	70,000	5,867E+1
2045,151	69,817	70,000	5,867E+1
2047,315	69,741	70,000	6,171E+1
2047,315	69,741	70,000	6,173E+1
2049,482	69,758	70,000	6,104E+1
2049,482	69,758	70,000	6,105E+1
2049,482	69,758	70,000	6,107E+1
2051,649	69,821	70,000	5,862E+1
2051,649	69,821	70,000	5,863E+1
2053,816	69,939	70,000	5,392E+1
2053,816	69,939	70,000	5,392E+1
2055,983	69,972	70,000	5,266E+1
2055,983	69,972	70,000	5,266E+1
2058,148	69,911	70,000	5,506E+1
2058,148	69,911	70,000	5,506E+1
2060,314	69,986	70,000	5,211E+1
2060,314	69,986	70,000	5,212E+1
2062,481	69,800	70,000	5,945E+1
2062,481	69,800	70,000	5,946E+1
2062,481	69,800	70,000	5,946E+1
2064,646	69,751	70,000	6,143E+1
2064,646	69,751	70,000	6,145E+1
2066,815	69,959	70,000	5,324E+1
2066,815	69,959	70,000	5,324E+1
2068,982	69,940	70,000	5,397E+1
2068,982	69,940	70,000	5,397E+1
2071,147	69,838	70,000	5,802E+1
2071,147	69,838	70,000	5,803E+1
2073,313	69,969	70,000	5,286E+1
2073,313	69,969	70,000	5,286E+1
2075,482	69,970	70,000	5,281E+1
2075,482	69,970	70,000	5,281E+1
2075,482	69,970	70,000	5,281E+1
2077,647	69,890	70,000	5,598E+1
2077,647	69,890	70,000	5,599E+1
2079,814	69,678	70,000	6,437E+1
2079,814	69,678	70,000	6,438E+1
2081,979	69,551	70,000	6,945E+1
2081,979	69,551	70,000	6,947E+1
2084,145	69,670	70,000	6,478E+1
2084,145	69,670	70,000	6,479E+1
2086,312	69,602	70,000	6,750E+1
2086,312	69,602	70,000	6,752E+1
2088,479	69,843	70,000	5,799E+1
2088,479	69,843	70,000	5,799E+1
2088,479	69,843	70,000	5,800E+1
2090,646	69,795	70,000	5,991E+1
2090,646	69,795	70,000	5,992E+1
2092,813	69,583	70,000	6,831E+1
2092,813	69,583	70,000	6,833E+1
2094,978	69,777	70,000	6,068E+1
2094,978	69,777	70,000	6,069E+1
2097,144	69,709	70,000	6,339E+1
2097,144	69,709	70,000	6,341E+1
2099,311	69,763	70,000	6,126E+1
2099,311	69,763	70,000	6,127E+1
2101,478	69,816	70,000	5,920E+1
2101,478	69,816	70,000	5,921E+1
2101,478	69,816	70,000	5,922E+1
2103,645	69,845	70,000	5,810E+1
2103,645	69,845	70,000	5,811E+1
2105,812	69,926	70,000	5,488E+1
2105,812	69,926	70,000	5,489E+1
2107,978	70,019	70,000	5,119E+1
2107,978	70,019	70,000	5,118E+1
2110,143	70,018	70,000	5,124E+1
2110,143	70,018	70,000	5,124E+1
2112,310	70,102	70,000	4,789E+1
2112,310	70,102	70,000	4,789E+1
2114,477	69,989	70,000	5,238E+1
2114,477	69,989	70,000	5,238E+1
2114,477	69,989	70,000	5,238E+1
2116,643	69,945	70,000	5,413E+1
2116,643	69,945	70,000	5,413E+1
2118,810	69,947	70,000	5,407E+1
2118,810	69,947	70,000	5,407E+1
2120,977	70,124	70,000	4,702E+1
2120,977	70,124	70,000	4,702E+1
2123,142	70,069	70,000	4,923E+1
2123,142	70,069	70,000	4,923E+1
2125,311	70,151	70,000	4,594E+1
2125,311	70,151	70,000	4,593E+1
2127,480	70,019	70,000	5,115E+1
2127,480	70,019	70,000	5,115E+1
2127,480	70,019	70,000	5,115E+1
2129,644	69,938	70,000	5,438E+1
2129,644	69,938	70,000	5,438E+1
2131,813	70,001	70,000	5,191E+1
2131,813	70,001	70,000	5,191E+1
2133,980	69,971	70,000	5,306E+1
2133,980	69,971	70,000	5,306E+1
2136,149	70,060	70,000	4,955E+1
2136,149	70,060	70,000	4,955E+1
2138,316	69,990	70,000	5,230E+1
2138,316	69,990	70,000	5,230E+1
2140,480	69,853	70,000	5,773E+1
2140,480	69,853	70,000	5,774E+1
2140,480	69,853	70,000	5,774E+1
2142,649	69,938	70,000	5,440E+1
2142,649	69,938	70,000	5,441E+1
2144,816	69,816	70,000	5,924E+1
2144,816	69,816	70,000	5,925E+1
2146,981	69,831	70,000	5,866E+1
2146,981	69,831	70,000	5,867E+1
2149,150	69,852	70,000	5,787E+1
2149,150	69,852	70,000	5,787E+1
2151,314	69,912	70,000	5,546E+1
2151,314	69,912	70,000	5,547E+1
2153,475	69,927	70,000	5,492E+1
2153,475	69,927	70,000	5,492E+1
2153,475	69,927	70,000	5,492E+1
2155,642	69,853	70,000	5,782E+1
2155,642	69,853	70,000	5,783E+1
2157,811	69,535	70,000	7,047E+1
2157,811	69,535	70,000	7,049E+1
2159,978	69,722	70,000	6,307E+1
2159,978	69,722	70,000	6,308E+1
2162,143	69,712	70,000	6,351E+1
2162,143	69,712	70,000	6,352E+1
2164,310	69,563	70,000	6,944E+1
2164,310	69,563	70,000	6,946E+1
2166,478	69,802	70,000	6,001E+1
2166,478	69,802	70,000	6,001E+1
2166,478	69,802	70,000	6,002E+1
2168,647	69,796	70,000	6,029E+1
2168,647	69,796	70,000	6,030E+1
2170,816	69,855	70,000	5,795E+1
2170,816	69,855	70,000	5,796E+1
2172,983	69,828	70,000	5,903E+1
2172,983	69,828	70,000	5,904E+1
2175,150	69,780	70,000	6,095E+1
2175,150	69,780	70,000	6,096E+1
2177,315	69,860	70,000	5,780E+1
2177,315	69,860	70,000	5,781E+1
2179,481	70,037	70,000	5,082E+1
2179,481	70,037	70,000	5,082E+1
2179,481	70,037	70,000	5,082E+1
2181,650	70,014	70,000	5,171E+1
2181,650	70,014	70,000	5,171E+1
2183,817	69,924	70,000	5,527E+1
2183,817	69,924	70,000	5,528E+1
2185,984	69,959	70,000	5,391E+1
2185,984	69,959	70,000	5,391E+1
2188,151	69,852	70,000	5,816E+1
2188,151	69,852	70,000	5,816E+1
2190,318	69,712	70,000	6,370E+1
2190,318	69,712	70,000	6,371E+1
2192,482	69,883	70,000	5,693E+1
2192,482	69,883	70,000	5,693E+1
2194,651	69,870	70,000	5,694E+1
2194,651	69,870	70,000	5,746E+1
2194,651	69,870	70,000	5,746E+1
2196,818	69,981	70,000	5,311E+1
2196,818	69,981	70,000	5,311E+1
2198,985	69,785	70,000	6,086E+1
2198,985	69,785	70,000	6,087E+1
2201,152	69,858	70,000	5,797E+1
2201,152	69,858	70,000	5,797E+1
2203,318	69,734	70,000	6,291E+1
2203,318	69,734	70,000	6,292E+1
2205,483	69,770	70,000	6,151E+1
2205,483	69,770	70,000	6,152E+1
2207,648	69,793	70,000	6,153E+1
2207,648	69,793	70,000	6,061E+1
2207,648	69,793	70,000	6,062E+1
2209,815	69,799	70,000	6,041E+1
2209,815	69,799	70,000	6,042E+1
2211,986	69,868	70,000	5,767E+1
2211,986	69,868	70,000	5,768E+1
2214,153	70,072	70,000	4,962E+1
2214,153	70,072	70,000	4,962E+1
2216,322	70,285	70,000	4,120E+1
2216,322	70,285	70,000	4,118E+1
2218,488	70,113	70,000	4,797E+1
2218,488	70,113	70,000	4,796E+1
2220,655	69,996	70,000	4,796E+1
2220,655	69,996	70,000	5,259E+1
2220,655	69,996	70,000	5,259E+1
2222,824	69,955	70,000	5,421E+1
2222,824	69,955	70,000	5,421E+1
2224,991	69,882	70,000	5,711E+1
2224,991	69,882	70,000	5,711E+1
2227,156	70,113	70,000	4,797E+1
2227,156	70,113	70,000	4,796E+1
2229,319	70,123	70,000	4,756E+1
2229,319	70,123	70,000	4,755E+1
2231,485	70,028	70,000	5,131E+1
2231,485	70,028	70,000	5,131E+1
2233,654	70,143	70,000	5,131E+1
2233,654	70,143	70,000	4,675E+1
2233,654	70,143	70,000	4,675E+1
2235,821	70,052	70,000	5,035E+1
2235,821	70,052	70,000	5,034E+1
2237,988	69,938	70,000	5,486E+1
2237,988	69,938	70,000	5,486E+1
2240,153	70,026	70,000	5,138E+1
2240,153	70,026	70,000	5,138E+1
2242,321	69,941	70,000	5,472E+1
2242,321	69,941	70,000	5,472E+1
2244,488	69,886	70,000	5,695E+1
2244,488	69,886	70,000	5,695E+1
2246,655	69,856	70,000	5,696E+1
2246,655	69,856	70,000	5,811E+1
2246,655	69,856	70,000	5,812E+1
2248,822	69,860	70,000	5,799E+1
2248,822	69,860	70,000	5,799E+1
2250,987	69,796	70,000	6,055E+1
2250,987	69,796	70,000	6,056E+1
2253,154	69,694	70,000	6,461E+1
2253,154	69,694	70,000	6,463E+1
2255,320	69,882	70,000	5,717E+1
2255,320	69,882	70,000	5,718E+1
2257,487	69,948	70,000	5,457E+1
2257,487	69,948	70,000	5,457E+1
2259,656	69,863	70,000	5,457E+1
2259,656	69,863	70,000	5,794E+1
2259,656	69,863	70,000	5,795E+1
2261,821	69,712	70,000	6,394E+1
2261,821	69,712	70,000	6,395E+1
2263,988	69,841	70,000	5,883E+1
2263,988	69,841	70,000	5,884E+1
2266,150	69,623	70,000	6,752E+1
2266,150	69,623	70,000	6,754E+1
2268,315	69,782	70,000	6,124E+1
2268,315	69,782	70,000	6,125E+1
2270,482	69,814	70,000	5,999E+1
2270,482	69,814	70,000	6,000E+1
2272,649	69,787	70,000	6,001E+1
2272,649	69,787	70,000	6,109E+1
2272,649	69,787	70,000	6,110E+1
2274,816	69,844	70,000	5,883E+1
2274,816	69,844	70,000	5,883E+1
2276,983	69,831	70,000	5,938E+1
2276,983	69,831	70,000	5,938E+1
2279,149	69,904	70,000	5,650E+1
2279,149	69,904	70,000	5,650E+1
2281,316	69,831	70,000	5,940E+1
2281,316	69,831	70,000	5,941E+1
2283,483	69,763	70,000	6,211E+1
2283,483	69,763	70,000	6,212E+1
2285,650	69,834	70,000	6,213E+1
2285,650	69,834	70,000	5,931E+1
2285,650	69,834	70,000	5,932E+1
2287,817	69,559	70,000	7,022E+1
2287,817	69,559	70,000	7,024E+1
2289,984	69,633	70,000	6,735E+1
2289,984	69,633	70,000	6,736E+1
2292,151	69,618	70,000	6,799E+1
2292,151	69,618	70,000	6,801E+1
2294,319	69,727	70,000	6,367E+1
2294,319	69,727	70,000	6,368E+1
2296,488	69,826	70,000	5,979E+1
2296,488	69,826	70,000	5,980E+1
2298,655	69,741	70,000	5,981E+1
2298,655	69,741	70,000	6,318E+1
2298,655	69,741	70,000	6,320E+1
2300,822	69,858	70,000	5,857E+1
2300,822	69,858	70,000	5,858E+1
2302,990	69,828	70,000	5,979E+1
2302,990	69,828	70,000	5,980E+1
2305,157	69,917	70,000	5,624E+1
2305,157	69,917	70,000	5,625E+1
2307,326	69,921	70,000	5,611E+1
2307,326	69,921	70,000	5,611E+1
2309,495	70,058	70,000	5,069E+1
2309,495	70,058	70,000	5,069E+1
2311,658	69,817	70,000	5,068E+1
2311,658	69,817	70,000	6,021E+1
2311,658	69,817	70,000	6,022E+1
2313,823	69,957	70,000	5,472E+1
2313,823	69,957	70,000	5,472E+1
2315,989	70,004	70,000	5,284E+1
2315,989	70,004	70,000	5,284E+1
2318,156	70,073	70,000	5,009E+1
2318,156	70,073	70,000	5,008E+1
2320,321	69,995	70,000	5,317E+1
2320,321	69,995	70,000	5,317E+1
2322,488	70,136	70,000	4,759E+1
2322,488	70,136	70,000	4,758E+1
2324,655	70,060	70,000	4,757E+1
2324,655	70,060	70,000	5,058E+1
2324,655	70,060	70,000	5,058E+1
2326,822	70,007	70,000	5,267E+1
2326,822	70,007	70,000	5,267E+1
2328,991	69,941	70,000	5,529E+1
2328,991	69,941	70,000	5,529E+1
2331,153	70,004	70,000	5,282E+1
2331,153	70,004	70,000	5,282E+1
2333,320	70,023	70,000	5,206E+1
2333,320	70,023	70,000	5,206E+1
2335,489	69,936	70,000	5,549E+1
2335,489	69,936	70,000	5,549E+1
2337,656	69,841	70,000	5,549E+1
2337,656	69,841	70,000	5,926E+1
2337,656	69,841	70,000	5,927E+1
2339,825	69,970	70,000	5,418E+1
2339,825	69,970	70,000	5,418E+1
2341,992	69,918	70,000	5,627E+1
2341,992	69,918	70,000	5,627E+1
2344,158	69,900	70,000	5,695E+1
2344,158	69,900	70,000	5,695E+1
2346,323	69,941	70,000	5,535E+1
2346,323	69,941	70,000	5,535E+1
2348,492	69,883	70,000	5,764E+1
2348,492	69,883	70,000	5,764E+1
2350,661	69,877	70,000	5,765E+1
2350,661	69,877	70,000	5,791E+1
2350,661	69,877	70,000	5,791E+1
2352,830	69,675	70,000	6,592E+1
2352,830	69,675	70,000	6,594E+1
2354,999	69,845	70,000	5,924E+1
2354,999	69,845	70,000	5,924E+1
2357,164	69,753	70,000	6,288E+1
2357,164	69,753	70,000	6,289E+1
2359,330	69,902	70,000	5,699E+1
2359,330	69,902	70,000	5,700E+1
2361,499	69,936	70,000	5,564E+1
2361,499	69,936	70,000	5,564E+1
2363,666	69,843	70,000	5,564E+1
2363,666	69,843	70,000	5,935E+1
2363,666	69,843	70,000	5,936E+1
2365,829	69,745	70,000	6,327E+1
2365,829	69,745	70,000	6,328E+1
2367,990	69,871	70,000	5,826E+1
2367,990	69,871	70,000	5,826E+1
2370,156	69,770	70,000	6,229E+1
2370,156	69,770	70,000	6,230E+1
2372,324	69,782	70,000	6,184E+1
2372,324	69,782	70,000	6,185E+1
2374,490	69,870	70,000	5,837E+1
2374,490	69,870	70,000	5,838E+1
2376,657	69,835	70,000	5,838E+1
2376,657	69,835	70,000	5,979E+1
2376,657	69,835	70,000	5,980E+1
2378,824	70,050	70,000	5,127E+1
2378,824	70,050	70,000	5,127E+1
2380,989	70,040	70,000	5,168E+1
2380,989	70,040	70,000	5,168E+1
2383,155	69,977	70,000	5,415E+1
2383,155	69,977	70,000	5,416E+1
2385,322	70,084	70,000	4,992E+1
2385,322	70,084	70,000	4,991E+1
2387,489	70,106	70,000	4,904E+1
2387,489	70,106	70,000	4,903E+1
2389,656	70,081	70,000	4,903E+1
2389,656	70,081	70,000	5,003E+1
2389,656	70,081	70,000	5,003E+1
2391,825	70,040	70,000	5,165E+1
2391,825	70,040	70,000	5,165E+1
2393,988	69,953	70,000	5,505E+1
2393,988	69,953	70,000	5,506E+1
2396,157	70,084	70,000	4,989E+1
2396,157	70,084	70,000	4,988E+1
2398,323	69,962	70,000	5,471E+1
2398,323	69,962	70,000	5,472E+1
2400,489	70,026	70,000	5,216E+1
2400,489	70,026	70,000	5,216E+1
2402,653	69,945	70,000	5,216E+1
2402,653	69,945	70,000	5,541E+1
2402,653	69,945	70,000	5,541E+1
2404,818	69,856	70,000	5,890E+1
2404,818	69,856	70,000	5,891E+1
2406,983	69,930	70,000	5,602E+1
2406,983	69,930	70,000	5,602E+1
2409,148	69,796	70,000	6,134E+1
2409,148	69,796	70,000	6,135E+1
2411,314	69,687	70,000	6,565E+1
2411,314	69,687	70,000	6,567E+1
2413,479	69,749	70,000	6,321E+1
2413,479	69,749	70,000	6,322E+1
2415,646	69,726	70,000	6,323E+1
2415,646	69,726	70,000	6,417E+1
2415,646	69,726	70,000	6,418E+1
2417,811	69,827	70,000	6,017E+1
2417,811	69,827	70,000	6,018E+1
2419,976	69,934	70,000	5,595E+1
2419,976	69,934	70,000	5,595E+1
2422,145	69,841	70,000	5,964E+1
2422,145	69,841	70,000	5,965E+1
2424,310	69,870	70,000	5,851E+1
2424,310	69,870	70,000	5,851E+1
2426,477	69,826	70,000	6,028E+1
2426,477	69,826	70,000	6,029E+1
2428,644	69,832	70,000	6,030E+1
2428,644	69,832	70,000	6,005E+1
2428,644	69,832	70,000	6,005E+1
2430,808	69,831	70,000	6,012E+1
2430,808	69,831	70,000	6,013E+1
2432,975	69,834	70,000	6,000E+1
2432,975	69,834	70,000	6,000E+1
2435,142	69,782	70,000	6,209E+1
2435,142	69,782	70,000	6,210E+1
2437,305	69,763	70,000	6,287E+1
2437,305	69,763	70,000	6,288E+1
2439,473	69,751	70,000	6,334E+1
2439,473	69,751	70,000	6,335E+1
2441,638	69,713	70,000	6,336E+1
2441,638	69,713	70,000	6,492E+1
2441,638	69,713	70,000	6,493E+1
2443,805	70,047	70,000	5,171E+1
2443,805	70,047	70,000	5,171E+1
2445,974	70,079	70,000	5,042E+1
2445,974	70,079	70,000	5,042E+1
2448,141	69,921	70,000	5,667E+1
2448,141	69,921	70,000	5,668E+1
2450,308	70,009	70,000	5,319E+1
2450,308	70,009	70,000	5,319E+1
2452,473	69,881	70,000	5,829E+1
2452,473	69,881	70,000	5,829E+1
2454,637	69,899	70,000	5,830E+1
2454,637	69,899	70,000	5,757E+1
2454,637	69,899	70,000	5,757E+1
2456,806	69,780	70,000	6,229E+1
2456,806	69,780	70,000	6,230E+1
2458,975	69,882	70,000	5,827E+1
2458,975	69,882	70,000	5,828E+1
2461,142	69,772	70,000	6,264E+1
2461,142	69,772	70,000	6,265E+1
2463,311	69,763	70,000	6,300E+1
2463,311	69,763	70,000	6,301E+1
2465,478	69,888	70,000	5,807E+1
2465,478	69,888	70,000	5,807E+1
2467,644	70,045	70,000	5,808E+1
2467,644	70,045	70,000	5,188E+1
2467,644	70,045	70,000	5,188E+1
2469,811	70,167	70,000	4,704E+1
2469,811	70,167	70,000	4,703E+1
2471,982	70,089	70,000	5,012E+1
2471,982	70,089	70,000	5,011E+1
2474,151	70,019	70,000	5,286E+1
2474,151	70,019	70,000	5,286E+1
2476,318	69,995	70,000	5,381E+1
2476,318	69,995	70,000	5,381E+1
2478,483	70,001	70,000	5,360E+1
2478,483	70,001	70,000	5,360E+1
2480,650	69,999	70,000	5,360E+1
2480,650	69,999	70,000	5,367E+1
2480,650	69,999	70,000	5,367E+1
2482,816	69,921	70,000	5,677E+1
2482,816	69,921	70,000	5,677E+1
2484,981	70,073	70,000	5,073E+1
2484,981	70,073	70,000	5,073E+1
2487,146	70,118	70,000	4,896E+1
2487,146	70,118	70,000	4,895E+1
2489,311	69,946	70,000	5,576E+1
2489,311	69,946	70,000	5,577E+1
2491,474	69,930	70,000	5,642E+1
2491,474	69,930	70,000	5,643E+1
2493,641	69,960	70,000	5,643E+1
2493,641	69,960	70,000	5,522E+1
2493,641	69,960	70,000	5,523E+1
2495,807	70,025	70,000	5,267E+1
2495,807	70,025	70,000	5,267E+1
2497,976	70,055	70,000	5,146E+1
2497,976	70,055	70,000	5,146E+1
2500,143	69,943	70,000	5,589E+1
2500,143	69,943	70,000	5,590E+1
2502,309	69,926	70,000	5,657E+1
2502,309	69,926	70,000	5,658E+1
2504,476	70,023	70,000	5,274E+1
2504,476	70,023	70,000	5,274E+1
2506,643	70,114	70,000	5,273E+1
2506,643	70,114	70,000	4,911E+1
2506,643	70,114	70,000	4,910E+1
2508,812	70,172	70,000	4,682E+1
2508,812	70,172	70,000	4,681E+1
2510,980	70,053	70,000	5,150E+1
2510,980	70,053	70,000	5,150E+1
2513,149	70,175	70,000	4,666E+1
2513,149	70,175	70,000	4,665E+1
2515,314	70,191	70,000	4,603E+1
2515,314	70,191	70,000	4,602E+1
2517,481	70,145	70,000	4,784E+1
2517,481	70,145	70,000	4,783E+1
2519,645	70,183	70,000	4,782E+1
2519,645	70,183	70,000	4,633E+1
2519,645	70,183	70,000	4,632E+1
2521,812	70,064	70,000	5,103E+1
2521,812	70,064	70,000	5,103E+1
2523,979	70,061	70,000	5,110E+1
2523,979	70,061	70,000	5,110E+1
2526,146	69,936	70,000	5,605E+1
2526,146	69,936	70,000	5,605E+1
2528,312	69,912	70,000	5,701E+1
2528,312	69,912	70,000	5,701E+1
2530,477	70,013	70,000	5,305E+1
2530,477	70,013	70,000	5,305E+1
2532,644	70,108	70,000	5,305E+1
2532,644	70,108	70,000	4,929E+1
2532,644	70,108	70,000	4,928E+1
2534,812	70,111	70,000	4,914E+1
2534,812	70,111	70,000	4,913E+1
2536,977	69,899	70,000	5,753E+1
2536,977	69,899	70,000	5,753E+1
2539,144	69,867	70,000	5,880E+1
2539,144	69,867	70,000	5,881E+1
2541,311	69,989	70,000	5,398E+1
2541,311	69,989	70,000	5,398E+1
2543,477	69,980	70,000	5,434E+1
2543,477	69,980	70,000	5,434E+1
2545,646	70,093	70,000	5,434E+1
2545,646	70,093	70,000	4,989E+1
2545,646	70,093	70,000	4,988E+1
2547,813	70,034	70,000	5,217E+1
2547,813	70,034	70,000	5,217E+1
2549,980	70,109	70,000	4,920E+1
2549,980	70,109	70,000	4,920E+1
2552,149	69,974	70,000	5,458E+1
2552,149	69,974	70,000	5,458E+1
2554,313	69,872	70,000	5,860E+1
2554,313	69,872	70,000	5,861E+1
2556,478	69,843	70,000	5,978E+1
2556,478	69,843	70,000	5,979E+1
2558,645	69,859	70,000	5,980E+1
2558,645	69,859	70,000	5,917E+1
2558,645	69,859	70,000	5,918E+1
2560,811	69,893	70,000	5,780E+1
2560,811	69,893	70,000	5,780E+1
2562,978	69,955	70,000	5,537E+1
2562,978	69,955	70,000	5,537E+1
2565,145	70,038	70,000	5,207E+1
2565,145	70,038	70,000	5,206E+1
2567,310	70,269	70,000	4,293E+1
2567,310	70,269	70,000	4,292E+1
2569,477	70,227	70,000	4,459E+1
2569,477	70,227	70,000	4,458E+1
2571,643	70,292	70,000	4,457E+1
2571,643	70,292	70,000	4,194E+1
2571,643	70,292	70,000	4,193E+1
2573,810	70,152	70,000	4,748E+1
2573,810	70,152	70,000	4,748E+1
2575,977	70,189	70,000	4,600E+1
2575,977	70,189	70,000	4,599E+1
2578,143	70,114	70,000	4,894E+1
2578,143	70,114	70,000	4,893E+1
2580,310	70,073	70,000	5,055E+1
2580,310	70,073	70,000	5,055E+1
2582,477	70,040	70,000	5,187E+1
2582,477	70,040	70,000	5,187E+1
2584,642	69,921	70,000	5,187E+1
2584,642	69,921	70,000	5,658E+1
2584,642	69,921	70,000	5,659E+1
2586,808	70,026	70,000	5,241E+1
2586,808	70,026	70,000	5,241E+1
2588,977	69,977	70,000	5,437E+1
2588,977	69,977	70,000	5,437E+1
2591,144	69,998	70,000	5,356E+1
2591,144	69,998	70,000	5,356E+1
2593,311	70,037	70,000	5,201E+1
2593,311	70,037	70,000	5,201E+1
2595,477	69,875	70,000	5,841E+1
2595,477	69,875	70,000	5,841E+1
2597,644	69,834	70,000	5,842E+1
2597,644	69,834	70,000	6,003E+1
2597,644	69,834	70,000	6,004E+1
2599,809	69,797	70,000	6,153E+1
2599,809	69,797	70,000	6,154E+1
2601,974	69,792	70,000	6,175E+1
2601,974	69,792	70,000	6,176E+1
2604,139	70,038	70,000	5,202E+1
2604,139	70,038	70,000	5,202E+1
2606,307	70,186	70,000	4,615E+1
2606,307	70,186	70,000	4,614E+1
2608,470	70,160	70,000	4,717E+1
2608,470	70,160	70,000	4,716E+1
2610,639	70,114	70,000	4,715E+1
2610,639	70,114	70,000	4,897E+1
2610,639	70,114	70,000	4,896E+1
2612,808	70,049	70,000	5,155E+1
2612,808	70,049	70,000	5,155E+1
2614,975	70,033	70,000	5,216E+1
2614,975	70,033	70,000	5,216E+1
2617,141	69,907	70,000	5,715E+1
2617,141	69,907	70,000	5,715E+1
2619,310	69,848	70,000	5,950E+1
2619,310	69,848	70,000	5,950E+1
2621,475	69,909	70,000	5,709E+1
2621,475	69,909	70,000	5,710E+1
2623,642	69,746	70,000	5,710E+1
2623,642	69,746	70,000	6,356E+1
2623,642	69,746	70,000	6,358E+1
2625,813	69,840	70,000	5,988E+1
2625,813	69,840	70,000	5,989E+1
2627,979	69,831	70,000	6,023E+1
2627,979	69,831	70,000	6,024E+1
2630,146	69,843	70,000	5,977E+1
2630,146	69,843	70,000	5,978E+1
2632,313	69,846	70,000	5,965E+1
2632,313	69,846	70,000	5,966E+1
2634,482	69,907	70,000	5,725E+1
2634,482	69,907	70,000	5,725E+1
2636,646	69,825	70,000	5,725E+1
2636,646	69,825	70,000	6,055E+1
2636,646	69,825	70,000	6,056E+1
2638,815	69,779	70,000	6,239E+1
2638,815	69,779	70,000	6,240E+1
2640,984	69,778	70,000	6,241E+1
2640,984	69,778	70,000	6,242E+1
2643,151	69,615	70,000	6,888E+1
2643,151	69,615	70,000	6,890E+1
2645,320	69,703	70,000	6,543E+1
2645,320	69,703	70,000	6,545E+1
2647,486	69,845	70,000	5,985E+1
2647,486	69,845	70,000	5,986E+1
2649,653	69,948	70,000	5,987E+1
2649,653	69,948	70,000	5,579E+1
2649,653	69,948	70,000	5,579E+1
2651,820	70,067	70,000	5,108E+1
2651,820	70,067	70,000	5,108E+1
2653,987	70,126	70,000	4,872E+1
2653,987	70,126	70,000	4,871E+1
2656,155	69,986	70,000	5,429E+1
2656,155	69,986	70,000	5,429E+1
2658,322	70,084	70,000	5,039E+1
2658,322	70,084	70,000	5,039E+1
2660,489	70,116	70,000	4,912E+1
2660,489	70,116	70,000	4,911E+1
2662,654	70,002	70,000	4,911E+1
2662,654	70,002	70,000	5,360E+1
2662,654	70,002	70,000	5,360E+1
2664,819	69,959	70,000	5,534E+1
2664,819	69,959	70,000	5,534E+1
2666,985	69,998	70,000	5,380E+1
2666,985	69,998	70,000	5,380E+1
2669,150	69,877	70,000	5,857E+1
2669,150	69,877	70,000	5,858E+1
2671,317	69,753	70,000	6,350E+1
2671,317	69,753	70,000	6,351E+1
2673,484	69,707	70,000	6,534E+1
2673,484	69,707	70,000	6,536E+1
2675,652	69,721	70,000	6,537E+1
2675,652	69,721	70,000	6,483E+1
2675,652	69,721	70,000	6,484E+1
2677,819	69,822	70,000	6,083E+1
2677,819	69,822	70,000	6,084E+1
2679,988	69,926	70,000	5,675E+1
2679,988	69,926	70,000	5,675E+1
2682,151	69,977	70,000	5,473E+1
2682,151	69,977	70,000	5,473E+1
2684,318	69,978	70,000	5,468E+1
2684,318	69,978	70,000	5,468E+1
2686,485	69,877	70,000	5,870E+1
2686,485	69,877	70,000	5,870E+1
2688,652	69,978	70,000	5,871E+1
2688,652	69,978	70,000	5,469E+1
2688,652	69,978	70,000	5,470E+1
2690,818	70,019	70,000	5,307E+1
2690,818	70,019	70,000	5,307E+1
2692,985	70,053	70,000	5,174E+1
2692,985	70,053	70,000	5,174E+1
2695,154	70,053	70,000	5,172E+1
2695,154	70,053	70,000	5,172E+1
2697,319	70,031	70,000	5,260E+1
2697,319	70,031	70,000	5,260E+1
2699,486	69,933	70,000	5,648E+1
2699,486	69,933	70,000	5,649E+1
2701,652	70,036	70,000	5,649E+1
2701,652	70,036	70,000	5,241E+1
2701,652	70,036	70,000	5,241E+1
2703,817	70,155	70,000	4,767E+1
2703,817	70,155	70,000	4,767E+1
2705,986	70,076	70,000	5,083E+1
2705,986	70,076	70,000	5,083E+1
2708,155	70,117	70,000	4,920E+1
2708,155	70,117	70,000	4,919E+1
2710,319	69,992	70,000	5,412E+1
2710,319	69,992	70,000	5,412E+1
2712,482	70,045	70,000	5,202E+1
2712,482	70,045	70,000	5,202E+1
2714,649	69,997	70,000	5,202E+1
2714,649	69,997	70,000	5,392E+1
2714,649	69,997	70,000	5,392E+1
2716,814	69,914	70,000	5,721E+1
2716,814	69,914	70,000	5,721E+1
2718,981	69,816	70,000	6,110E+1
2718,981	69,816	70,000	6,111E+1
2721,146	69,761	70,000	6,327E+1
2721,146	69,761	70,000	6,328E+1
2723,314	69,831	70,000	6,054E+1
2723,314	69,831	70,000	6,055E+1
2725,481	69,909	70,000	5,747E+1
2725,481	69,909	70,000	5,747E+1
2727,648	69,975	70,000	5,747E+1
2727,648	69,975	70,000	5,486E+1
2727,648	69,975	70,000	5,486E+1
2729,815	70,033	70,000	5,257E+1
2729,815	70,033	70,000	5,257E+1
2731,976	70,069	70,000	5,116E+1
2731,976	70,069	70,000	5,116E+1
2734,143	70,155	70,000	4,772E+1
2734,143	70,155	70,000	4,772E+1
2736,309	70,037	70,000	5,241E+1
2736,309	70,037	70,000	5,240E+1
2738,474	70,065	70,000	5,127E+1
2738,474	70,065	70,000	5,127E+1
2740,639	70,111	70,000	5,127E+1
2740,639	70,111	70,000	4,944E+1
2740,639	70,111	70,000	4,944E+1
2742,806	70,096	70,000	5,003E+1
2742,806	70,096	70,000	5,002E+1
2744,967	70,203	70,000	4,580E+1
2744,967	70,203	70,000	4,579E+1
2747,136	70,052	70,000	5,176E+1
2747,136	70,052	70,000	5,176E+1
2749,302	69,928	70,000	5,665E+1
2749,302	69,928	70,000	5,665E+1
2751,467	69,941	70,000	5,612E+1
2751,467	69,941	70,000	5,613E+1
2753,632	70,014	70,000	5,613E+1
2753,632	70,014	70,000	5,324E+1
2755,799	69,907	70,000	5,324E+1
2755,799	69,907	70,000	5,748E+1
2755,799	69,907	70,000	5,748E+1
2757,965	70,078	70,000	5,071E+1
2757,965	70,078	70,000	5,071E+1
2760,134	69,967	70,000	5,512E+1
2760,134	69,967	70,000	5,512E+1
2762,297	70,024	70,000	5,284E+1
2762,297	70,024	70,000	5,284E+1
2764,464	70,040	70,000	5,223E+1
2764,464	70,040	70,000	5,223E+1
2766,631	70,023	70,000	5,222E+1
2766,631	70,023	70,000	5,292E+1
2768,795	70,070	70,000	5,292E+1
2768,795	70,070	70,000	5,103E+1
2768,795	70,070	70,000	5,103E+1
2770,962	70,077	70,000	5,073E+1
2770,962	70,077	70,000	5,073E+1
2773,129	70,087	70,000	5,035E+1
2773,129	70,087	70,000	5,034E+1
2775,294	70,059	70,000	5,147E+1
2775,294	70,059	70,000	5,146E+1
2777,462	70,135	70,000	4,845E+1
2777,462	70,135	70,000	4,844E+1
2779,631	70,038	70,000	4,844E+1
2779,631	70,038	70,000	5,226E+1
2781,798	70,096	70,000	5,225E+1
2781,798	70,096	70,000	4,997E+1
2781,798	70,096	70,000	4,997E+1
2783,965	69,884	70,000	5,835E+1
2783,965	69,884	70,000	5,835E+1
2786,128	69,904	70,000	5,756E+1
2786,128	69,904	70,000	5,757E+1
2788,294	70,070	70,000	5,099E+1
2788,294	70,070	70,000	5,099E+1
2790,461	70,002	70,000	5,366E+1
2790,461	70,002	70,000	5,366E+1
2792,626	69,993	70,000	5,366E+1
2792,626	69,993	70,000	5,406E+1
2794,793	69,960	70,000	5,406E+1
2794,793	69,960	70,000	5,533E+1
2794,793	69,960	70,000	5,533E+1
2796,961	70,023	70,000	5,285E+1
2796,961	70,023	70,000	5,285E+1
2799,126	70,035	70,000	5,238E+1
2799,126	70,035	70,000	5,238E+1
2801,297	69,996	70,000	5,392E+1
2801,297	69,996	70,000	5,392E+1
2803,466	70,033	70,000	5,245E+1
2803,466	70,033	70,000	5,245E+1
2803,466	70,033	70,000	5,245E+1
2803,466	70,033	70,000	5,245E+1
2803,466	70,033	70,000	5,245E+1
2803,466	70,033	70,000	5,245E+1
2803,466	70,033	70,000	5,244E+1
2803,466	70,033	70,000	5,244E+1
2803,466	70,033	70,000	5,244E+1
2803,466	70,033	70,000	5,244E+1
2803,466	70,033	70,000	5,244E+1
2803,466	70,033	70,000	5,244E+1
2803,466	70,033	70,000	5,244E+1
2803,466	70,033	70,000	5,243E+1
2803,466	70,033	70,000	5,243E+1
2803,466	70,033	70,000	5,243E+1
2803,466	70,033	70,000	5,243E+1
2803,466	70,033	70,000	5,243E+1
2803,466	70,033	70,000	5,243E+1
2803,466	70,033	70,000	5,243E+1
2803,466	70,033	70,000	5,242E+1
2803,466	70,033	70,000	5,242E+1
2803,466	70,033	70,000	5,242E+1
2803,466	70,033	70,000	5,242E+1
2803,466	70,033	70,000	5,242E+1
2803,466	70,033	70,000	5,242E+1
2803,466	70,033	70,000	5,241E+1
2803,466	70,033	70,000	5,241E+1
2803,466	70,033	70,000	5,241E+1
2803,466	70,033	70,000	5,241E+1
2803,466	70,033	70,000	5,241E+1
2803,466	70,033	70,000	5,241E+1
2803,466	70,033	70,000	5,241E+1
2803,466	70,033	70,000	5,240E+1
2803,466	70,033	70,000	5,240E+1
2803,466	70,033	70,000	5,240E+1
2803,466	70,033	70,000	5,240E+1
2803,466	70,033	70,000	5,240E+1
2803,466	70,033	70,000	5,240E+1
2803,466	70,033	70,000	5,240E+1
2803,466	70,033	70,000	5,239E+1
2803,466	70,033	70,000	5,239E+1
2803,466	70,033	70,000	5,239E+1
2803,466	70,033	70,000	5,239E+1
2803,466	70,033	70,000	5,239E+1
2803,466	70,033	70,000	5,239E+1
2803,466	70,033	70,000	5,239E+1
2803,466	70,033	70,000	5,238E+1
2803,466	70,033	70,000	5,238E+1
2803,466	70,033	70,000	5,238E+1
2803,466	70,033	70,000	5,238E+1
2803,466	70,033	70,000	5,238E+1
2803,466	70,033	70,000	5,238E+1
2803,466	70,033	70,000	5,237E+1
2803,466	70,033	70,000	5,237E+1
2803,466	70,033	70,000	5,237E+1
2803,466	70,033	70,000	5,237E+1
2803,466	70,033	70,000	5,237E+1
2803,466	70,033	70,000	5,237E+1
2803,466	70,033	70,000	5,237E+1
2803,466	70,033	70,000	5,236E+1
2803,466	70,033	70,000	5,236E+1
2803,466	70,033	70,000	5,236E+1
2803,466	70,033	70,000	5,236E+1
2803,466	70,033	70,000	5,236E+1
2803,466	70,033	70,000	5,236E+1
2803,466	70,033	70,000	5,236E+1
2803,466	70,033	70,000	5,235E+1
2803,466	70,033	70,000	5,235E+1
2803,466	70,033	70,000	5,235E+1
2803,466	70,033	70,000	5,235E+1
2803,466	70,033	70,000	5,235E+1
2803,466	70,033	70,000	5,235E+1
2803,466	70,033	70,000	5,234E+1
2803,466	70,033	70,000	5,234E+1
2803,466	70,033	70,000	5,234E+1
2803,466	70,033	70,000	5,234E+1
2803,466	70,033	70,000	5,234E+1
2803,466	70,033	70,000	5,234E+1
2803,466	70,033	70,000	5,234E+1
2803,466	70,033	70,000	5,233E+1
2803,466	70,033	70,000	5,233E+1
2803,466	70,033	70,000	5,233E+1
2803,466	70,033	70,000	5,233E+1
2803,466	70,033	70,000	5,233E+1
2803,466	70,033	70,000	5,233E+1
2803,466	70,033	70,000	5,233E+1
2803,466	70,033	70,000	5,232E+1
2803,466	70,033	70,000	5,232E+1
2803,466	70,033	70,000	5,232E+1
2803,466	70,033	70,000	5,232E+1
2803,466	70,033	70,000	5,232E+1
2803,466	70,033	70,000	5,232E+1
2803,466	70,033	70,000	5,232E+1
2803,466	70,033	70,000	5,231E+1
2803,466	70,033	70,000	5,231E+1
2803,466	70,033	70,000	5,231E+1
2803,466	70,033	70,000	5,231E+1
2803,466	70,033	70,000	5,231E+1
2803,466	70,033	70,000	5,231E+1
2803,466	70,033	70,000	5,230E+1
2803,466	70,033	70,000	5,230E+1
2803,466	70,033	70,000	5,230E+1
2803,466	70,033	70,000	5,230E+1
2803,466	70,033	70,000	5,230E+1
2803,466	70,033	70,000	5,230E+1
2803,466	70,033	70,000	5,230E+1
2803,466	70,033	70,000	5,229E+1
2803,466	70,033	70,000	5,229E+1
2803,466	70,033	70,000	5,229E+1
2803,466	70,033	70,000	5,229E+1
2803,466	70,033	70,000	5,229E+1
2803,466	70,033	70,000	5,229E+1
2803,466	70,033	70,000	5,229E+1
2803,466	70,033	70,000	5,228E+1
2803,466	70,033	70,000	5,228E+1
2803,466	70,033	70,000	5,228E+1
2803,466	70,033	70,000	5,228E+1
2803,466	70,033	70,000	5,228E+1
2803,466	70,033	70,000	5,228E+1
2803,466	70,033	70,000	5,227E+1
2803,466	70,033	70,000	5,227E+1
2803,466	70,033	70,000	5,227E+1
2803,466	70,033	70,000	5,227E+1
2803,466	70,033	70,000	5,227E+1
2803,466	70,033	70,000	5,227E+1
2803,466	70,033	70,000	5,227E+1
2803,466	70,033	70,000	5,226E+1
2803,466	70,033	70,000	5,226E+1
2803,466	70,033	70,000	5,226E+1
2803,466	70,033	70,000	5,226E+1
2803,466	70,033	70,000	5,226E+1
2803,466	70,033	70,000	5,226E+1
2803,466	70,033	70,000	5,226E+1
2937,596	0,000	70,000	9,990E+1
2937,596	0,000	70,000	9,990E+1
2939,644	0,000	70,000	9,990E+1
2939,644	0,000	70,000	9,990E+1
2941,700	0,000	70,000	9,990E+1
2941,700	0,000	70,000	9,990E+1
2941,700	0,000	70,000	9,990E+1
2941,700	0,000	70,000	9,990E+1
2941,700	0,000	70,000	9,990E+1
2941,700	0,000	70,000	9,990E+1
2941,700	0,000	70,000	9,990E+1
2941,700	0,000	70,000	9,990E+1
2941,700	0,000	70,000	9,990E+1
2941,700	0,000	70,000	9,990E+1
2951,242	0,000	70,000	9,990E+1
2951,242	0,000	70,000	9,990E+1
2951,242	0,000	70,000	9,990E+1
2951,242	0,000	70,000	9,990E+1
2951,242	0,000	70,000	9,990E+1
2951,242	0,000	70,000	9,990E+1
2951,242	0,000	70,000	9,990E+1
2951,242	0,000	70,000	9,990E+1
2951,242	0,000	70,000	9,990E+1
2951,242	0,000	70,000	9,990E+1
2951,242	0,000	70,000	9,990E+1
2951,242	0,000	70,000	9,990E+1
