t	PV [ºC]	SP [ºC]	MV[%] 
0,000	0,000	71,000	9,990E+1
0,000	0,000	71,000	9,990E+1
0,000	62,651	71,000	9,990E+1
2,141	62,651	71,000	1,000E-2
2,141	62,703	71,000	3,866E-1
4,306	62,703	71,000	1,000E-2
4,306	62,606	71,000	3,850E-1
6,472	62,606	71,000	4,583E+0
6,472	62,509	71,000	4,962E+0
8,639	62,509	71,000	9,185E+0
8,639	62,509	71,000	9,568E+0
10,804	62,490	71,000	1,070E+1
10,804	62,490	71,000	1,109E+1
12,973	62,433	71,000	1,373E+1
12,973	62,433	71,000	1,412E+1
12,973	62,368	71,000	1,450E+1
15,140	62,368	71,000	1,747E+1
15,140	62,485	71,000	1,786E+1
17,304	62,485	71,000	1,361E+1
17,304	62,511	71,000	1,399E+1
19,471	62,511	71,000	1,335E+1
19,471	62,538	71,000	1,373E+1
21,636	62,538	71,000	1,305E+1
21,636	62,538	71,000	1,343E+1
23,805	62,495	71,000	1,549E+1
23,805	62,495	71,000	1,588E+1
25,972	62,401	71,000	2,003E+1
25,972	62,401	71,000	2,041E+1
25,972	62,285	71,000	2,080E+1
28,138	62,285	71,000	2,577E+1
28,138	62,287	71,000	2,616E+1
30,305	62,287	71,000	2,648E+1
30,305	62,415	71,000	2,687E+1
32,470	62,415	71,000	2,217E+1
32,470	62,333	71,000	2,256E+1
34,637	62,333	71,000	2,622E+1
34,637	62,333	71,000	2,661E+1
36,806	62,443	71,000	2,264E+1
36,806	62,443	71,000	2,303E+1
38,970	62,397	71,000	2,523E+1
38,970	62,397	71,000	2,562E+1
38,970	62,294	71,000	2,601E+1
41,139	62,294	71,000	3,050E+1
41,139	62,360	71,000	3,089E+1
43,306	62,360	71,000	2,865E+1
43,306	62,337	71,000	2,904E+1
45,475	62,337	71,000	3,032E+1
45,475	62,185	71,000	3,071E+1
47,640	62,185	71,000	3,715E+1
47,640	62,185	71,000	3,755E+1
49,804	62,195	71,000	3,755E+1
49,804	62,195	71,000	3,795E+1
51,971	62,246	71,000	3,632E+1
51,971	62,246	71,000	3,672E+1
51,971	62,288	71,000	3,711E+1
54,138	62,288	71,000	3,582E+1
54,138	62,217	71,000	3,622E+1
56,307	62,217	71,000	3,944E+1
56,307	62,211	71,000	3,984E+1
58,470	62,211	71,000	4,049E+1
58,470	62,159	71,000	4,089E+1
60,638	62,159	71,000	4,331E+1
60,638	62,159	71,000	4,371E+1
62,805	62,135	71,000	4,510E+1
62,805	62,135	71,000	4,550E+1
64,970	62,043	71,000	4,954E+1
64,970	62,043	71,000	4,995E+1
64,970	62,165	71,000	5,035E+1
67,139	62,165	71,000	4,592E+1
67,139	62,243	71,000	4,632E+1
69,303	62,243	71,000	4,361E+1
69,303	62,198	71,000	4,401E+1
71,472	62,198	71,000	4,617E+1
71,472	62,334	71,000	4,656E+1
73,637	62,334	71,000	4,159E+1
73,637	62,334	71,000	4,198E+1
75,802	62,198	71,000	4,774E+1
75,802	62,198	71,000	4,814E+1
77,971	62,276	71,000	4,545E+1
77,971	62,276	71,000	4,584E+1
77,971	62,303	71,000	4,624E+1
80,135	62,303	71,000	4,556E+1
80,135	62,195	71,000	4,595E+1
82,304	62,195	71,000	5,064E+1
82,304	62,157	71,000	5,104E+1
84,473	62,157	71,000	5,292E+1
84,473	62,177	71,000	5,332E+1
86,640	62,177	71,000	5,297E+1
86,640	62,177	71,000	5,337E+1
88,805	62,107	71,000	5,652E+1
88,805	62,107	71,000	5,692E+1
90,970	62,224	71,000	5,269E+1
90,970	62,224	71,000	5,308E+1
90,970	62,154	71,000	5,348E+1
93,132	62,154	71,000	5,663E+1
93,132	62,171	71,000	5,703E+1
95,301	62,171	71,000	5,676E+1
95,301	62,156	71,000	5,715E+1
97,470	62,156	71,000	5,817E+1
97,470	62,213	71,000	5,857E+1
99,635	62,213	71,000	5,673E+1
99,635	62,213	71,000	5,712E+1
101,800	62,265	71,000	5,544E+1
101,800	62,265	71,000	5,583E+1
103,968	62,306	71,000	5,462E+1
103,968	62,306	71,000	5,502E+1
103,968	62,361	71,000	5,541E+1
106,131	62,361	71,000	5,358E+1
106,131	62,308	71,000	5,397E+1
108,300	62,308	71,000	5,646E+1
108,300	62,221	71,000	5,686E+1
110,465	62,221	71,000	6,072E+1
110,465	62,329	71,000	6,111E+1
112,634	62,329	71,000	5,721E+1
112,634	62,329	71,000	5,760E+1
114,802	62,280	71,000	5,995E+1
114,802	62,280	71,000	6,035E+1
116,969	62,280	71,000	6,074E+1
116,969	62,280	71,000	6,113E+1
116,969	62,303	71,000	6,153E+1
119,136	62,303	71,000	6,099E+1
119,136	62,300	71,000	6,138E+1
121,303	62,300	71,000	6,190E+1
121,303	62,266	71,000	6,229E+1
123,471	62,266	71,000	6,403E+1
123,471	62,266	71,000	6,442E+1
125,717	62,231	71,000	6,622E+1
125,717	62,231	71,000	6,662E+1
127,957	62,044	71,000	7,442E+1
127,957	62,044	71,000	7,483E+1
127,957	62,225	71,000	7,523E+1
130,198	62,225	71,000	6,845E+1
130,198	62,047	71,000	6,884E+1
132,441	62,047	71,000	7,629E+1
132,441	62,047	71,000	7,670E+1
134,680	62,096	71,000	7,516E+1
134,680	62,096	71,000	7,556E+1
136,923	62,190	71,000	7,226E+1
136,923	62,190	71,000	7,266E+1
136,923	62,156	71,000	7,305E+1
139,164	62,156	71,000	7,480E+1
139,164	62,085	71,000	7,520E+1
141,403	62,085	71,000	7,841E+1
141,403	62,102	71,000	7,881E+1
143,646	62,102	71,000	7,854E+1
143,646	62,102	71,000	7,894E+1
145,886	62,154	71,000	7,727E+1
145,886	62,154	71,000	7,766E+1
145,886	62,321	71,000	7,806E+1
148,053	62,321	71,000	7,187E+1
148,053	62,245	71,000	7,226E+1
150,294	62,245	71,000	7,568E+1
150,294	62,218	71,000	7,608E+1
152,533	62,218	71,000	7,754E+1
152,533	62,218	71,000	7,794E+1
154,776	62,233	71,000	7,774E+1
154,776	62,233	71,000	7,814E+1
157,015	62,358	71,000	7,356E+1
157,015	62,358	71,000	7,395E+1
157,015	62,428	71,000	7,434E+1
159,255	62,428	71,000	7,198E+1
159,255	62,413	71,000	7,236E+1
161,500	62,413	71,000	7,334E+1
161,500	62,413	71,000	7,373E+1
163,743	62,404	71,000	7,446E+1
163,743	62,404	71,000	7,485E+1
165,982	62,458	71,000	7,309E+1
165,982	62,458	71,000	7,348E+1
165,982	62,387	71,000	7,386E+1
168,223	62,387	71,000	7,706E+1
168,223	62,225	71,000	7,745E+1
170,464	62,225	71,000	8,424E+1
170,464	62,225	71,000	8,464E+1
172,703	62,217	71,000	8,537E+1
172,703	62,217	71,000	8,577E+1
174,872	62,314	71,000	8,232E+1
174,872	62,314	71,000	8,271E+1
177,039	62,320	71,000	8,310E+1
177,039	62,320	71,000	8,324E+1
177,039	62,392	71,000	8,363E+1
179,205	62,392	71,000	8,119E+1
179,205	62,621	71,000	8,158E+1
181,372	62,621	71,000	7,289E+1
181,372	62,614	71,000	7,327E+1
183,539	62,614	71,000	7,393E+1
183,539	62,614	71,000	7,431E+1
185,706	62,516	71,000	7,859E+1
185,706	62,516	71,000	7,897E+1
187,873	62,475	71,000	8,094E+1
187,873	62,475	71,000	8,132E+1
190,039	62,611	71,000	8,171E+1
190,039	62,611	71,000	7,672E+1
190,039	62,635	71,000	7,710E+1
192,206	62,635	71,000	7,655E+1
192,206	62,523	71,000	7,693E+1
194,371	62,523	71,000	8,174E+1
194,371	62,579	71,000	8,213E+1
196,534	62,579	71,000	8,029E+1
196,534	62,579	71,000	8,067E+1
198,701	62,662	71,000	7,774E+1
198,701	62,662	71,000	7,812E+1
200,866	62,614	71,000	8,040E+1
200,866	62,614	71,000	8,078E+1
203,032	62,655	71,000	8,115E+1
203,032	62,655	71,000	7,991E+1
203,032	62,627	71,000	8,029E+1
205,199	62,627	71,000	8,175E+1
205,199	62,722	71,000	8,213E+1
207,364	62,722	71,000	7,878E+1
207,364	62,638	71,000	7,916E+1
209,531	62,638	71,000	8,284E+1
209,531	62,638	71,000	8,322E+1
211,772	62,724	71,000	8,017E+1
211,772	62,724	71,000	8,054E+1
214,013	62,629	71,000	8,468E+1
214,013	62,629	71,000	8,506E+1
214,013	62,752	71,000	8,544E+1
216,254	62,752	71,000	8,098E+1
216,254	62,784	71,000	8,135E+1
218,493	62,784	71,000	8,044E+1
218,493	62,784	71,000	8,081E+1
220,732	62,865	71,000	7,797E+1
220,732	62,865	71,000	7,834E+1
222,974	62,906	71,000	7,708E+1
222,974	62,906	71,000	7,744E+1
222,974	63,016	71,000	7,781E+1
225,217	63,016	71,000	7,382E+1
225,217	63,094	71,000	7,418E+1
227,458	63,094	71,000	7,143E+1
227,458	63,002	71,000	7,178E+1
229,699	63,002	71,000	7,579E+1
