t	TP1 [ºC]	TP2 [ºC]	TP3 [ºC]	TP5 [ºC]	TP6 [ºC]	TP7 [ºC]	TP8 [ºC]	TP10 [ºC]	TP11 [ºC]	TP12 [ºC]	TP13 [ºC]	TP15 [ºC]
0,000	0,000	0,000	0,000E+0	0,000E+0	0,000E+0	0,000E+0	0,000E+0	0,000E+0	0,000E+0	0,000E+0	0,000E+0	0,000E+0
0,000	0,000	0,000	0,000E+0	0,000E+0	0,000E+0	0,000E+0	0,000E+0	0,000E+0	0,000E+0	0,000E+0	0,000E+0	0,000E+0
0,000	0,000	0,000	0,000E+0	0,000E+0	0,000E+0	0,000E+0	0,000E+0	0,000E+0	0,000E+0	0,000E+0	0,000E+0	0,000E+0
2,141	62,224	0,000	5,973E+1	6,153E+1	6,118E+1	5,583E+1	6,405E+1	6,525E+1	5,692E+1	6,192E+1	6,301E+1	5,098E+1
2,141	62,224	0,000	5,973E+1	6,153E+1	6,118E+1	5,583E+1	6,405E+1	6,525E+1	5,692E+1	6,192E+1	6,301E+1	5,098E+1
4,308	62,224	0,000	5,968E+1	6,151E+1	6,118E+1	5,583E+1	6,408E+1	6,525E+1	5,691E+1	6,187E+1	6,299E+1	5,095E+1
4,308	62,224	0,000	5,968E+1	6,151E+1	6,118E+1	5,583E+1	6,408E+1	6,525E+1	5,691E+1	6,187E+1	6,299E+1	5,095E+1
6,475	62,255	0,000	5,966E+1	6,145E+1	6,101E+1	5,578E+1	6,417E+1	6,527E+1	5,689E+1	6,182E+1	6,294E+1	5,091E+1
6,475	62,255	0,000	5,966E+1	6,145E+1	6,101E+1	5,578E+1	6,417E+1	6,527E+1	5,689E+1	6,182E+1	6,294E+1	5,091E+1
8,640	62,241	0,000	5,963E+1	6,142E+1	6,094E+1	5,577E+1	6,424E+1	6,533E+1	5,687E+1	6,185E+1	6,293E+1	5,092E+1
8,640	62,241	0,000	5,963E+1	6,142E+1	6,094E+1	5,577E+1	6,424E+1	6,533E+1	5,687E+1	6,185E+1	6,293E+1	5,092E+1
10,809	62,196	0,000	5,965E+1	6,144E+1	6,094E+1	5,575E+1	6,407E+1	6,517E+1	5,684E+1	6,189E+1	6,291E+1	5,092E+1
10,809	62,196	0,000	5,965E+1	6,144E+1	6,094E+1	5,575E+1	6,407E+1	6,517E+1	5,684E+1	6,189E+1	6,291E+1	5,092E+1
12,975	62,211	0,000	5,962E+1	6,139E+1	6,087E+1	5,570E+1	6,407E+1	6,518E+1	5,682E+1	6,188E+1	6,288E+1	5,080E+1
12,975	62,211	0,000	5,962E+1	6,139E+1	6,087E+1	5,570E+1	6,407E+1	6,518E+1	5,682E+1	6,188E+1	6,288E+1	5,080E+1
12,975	62,211	0,000	5,962E+1	6,139E+1	6,087E+1	5,570E+1	6,407E+1	6,518E+1	5,682E+1	6,188E+1	6,288E+1	5,080E+1
15,142	62,256	0,000	5,962E+1	6,139E+1	6,075E+1	5,570E+1	6,412E+1	6,513E+1	5,680E+1	6,181E+1	6,282E+1	5,088E+1
15,142	62,256	0,000	5,962E+1	6,139E+1	6,075E+1	5,570E+1	6,412E+1	6,513E+1	5,680E+1	6,181E+1	6,282E+1	5,088E+1
17,307	62,253	0,000	5,962E+1	6,141E+1	6,076E+1	5,571E+1	6,405E+1	6,506E+1	5,678E+1	6,178E+1	6,280E+1	5,084E+1
17,307	62,253	0,000	5,962E+1	6,141E+1	6,076E+1	5,571E+1	6,405E+1	6,506E+1	5,678E+1	6,178E+1	6,280E+1	5,084E+1
19,474	62,233	0,000	5,956E+1	6,138E+1	6,079E+1	5,568E+1	6,406E+1	6,505E+1	5,675E+1	6,180E+1	6,277E+1	5,080E+1
19,474	62,233	0,000	5,956E+1	6,138E+1	6,079E+1	5,568E+1	6,406E+1	6,505E+1	5,675E+1	6,180E+1	6,277E+1	5,080E+1
21,641	62,269	0,000	5,955E+1	6,136E+1	6,081E+1	5,566E+1	6,410E+1	6,509E+1	5,673E+1	6,184E+1	6,276E+1	5,078E+1
21,641	62,269	0,000	5,955E+1	6,136E+1	6,081E+1	5,566E+1	6,410E+1	6,509E+1	5,673E+1	6,184E+1	6,276E+1	5,078E+1
23,810	62,274	0,000	5,961E+1	6,137E+1	6,087E+1	5,561E+1	6,409E+1	6,512E+1	5,671E+1	6,182E+1	6,274E+1	5,059E+1
23,810	62,274	0,000	5,961E+1	6,137E+1	6,087E+1	5,561E+1	6,409E+1	6,512E+1	5,671E+1	6,182E+1	6,274E+1	5,059E+1
25,976	62,286	0,000	5,961E+1	6,137E+1	6,089E+1	5,559E+1	6,411E+1	6,515E+1	5,672E+1	6,181E+1	6,280E+1	5,064E+1
25,976	62,286	0,000	5,961E+1	6,137E+1	6,089E+1	5,559E+1	6,411E+1	6,515E+1	5,672E+1	6,181E+1	6,280E+1	5,064E+1
25,976	62,286	0,000	5,961E+1	6,137E+1	6,089E+1	5,559E+1	6,411E+1	6,515E+1	5,672E+1	6,181E+1	6,280E+1	5,064E+1
28,143	62,258	0,000	5,958E+1	6,132E+1	6,085E+1	5,558E+1	6,410E+1	6,511E+1	5,669E+1	6,172E+1	6,263E+1	5,066E+1
28,143	62,258	0,000	5,958E+1	6,132E+1	6,085E+1	5,558E+1	6,410E+1	6,511E+1	5,669E+1	6,172E+1	6,263E+1	5,066E+1
30,308	62,290	0,000	5,960E+1	6,133E+1	6,079E+1	5,558E+1	6,410E+1	6,507E+1	5,667E+1	6,164E+1	6,266E+1	5,071E+1
30,308	62,290	0,000	5,960E+1	6,133E+1	6,079E+1	5,558E+1	6,410E+1	6,507E+1	5,667E+1	6,164E+1	6,266E+1	5,071E+1
32,475	62,261	0,000	5,959E+1	6,132E+1	6,078E+1	5,561E+1	6,401E+1	6,502E+1	5,668E+1	6,159E+1	6,262E+1	5,077E+1
32,475	62,261	0,000	5,959E+1	6,132E+1	6,078E+1	5,561E+1	6,401E+1	6,502E+1	5,668E+1	6,159E+1	6,262E+1	5,077E+1
34,641	62,258	0,000	5,956E+1	6,131E+1	6,072E+1	5,560E+1	6,405E+1	6,510E+1	5,667E+1	6,156E+1	6,262E+1	5,074E+1
34,641	62,258	0,000	5,956E+1	6,131E+1	6,072E+1	5,560E+1	6,405E+1	6,510E+1	5,667E+1	6,156E+1	6,262E+1	5,074E+1
36,808	62,236	0,000	5,952E+1	6,129E+1	6,064E+1	5,558E+1	6,411E+1	6,514E+1	5,666E+1	6,154E+1	6,263E+1	5,074E+1
36,808	62,236	0,000	5,952E+1	6,129E+1	6,064E+1	5,558E+1	6,411E+1	6,514E+1	5,666E+1	6,154E+1	6,263E+1	5,074E+1
38,977	62,251	0,000	5,954E+1	6,128E+1	6,065E+1	5,558E+1	6,419E+1	6,511E+1	5,667E+1	6,155E+1	6,270E+1	5,072E+1
38,977	62,251	0,000	5,954E+1	6,128E+1	6,065E+1	5,558E+1	6,419E+1	6,511E+1	5,667E+1	6,155E+1	6,270E+1	5,072E+1
38,977	62,251	0,000	5,954E+1	6,128E+1	6,065E+1	5,558E+1	6,419E+1	6,511E+1	5,667E+1	6,155E+1	6,270E+1	5,072E+1
41,144	62,224	0,000	5,950E+1	6,127E+1	6,072E+1	5,557E+1	6,427E+1	6,510E+1	5,665E+1	6,155E+1	6,268E+1	5,074E+1
41,144	62,224	0,000	5,950E+1	6,127E+1	6,072E+1	5,557E+1	6,427E+1	6,510E+1	5,665E+1	6,155E+1	6,268E+1	5,074E+1
43,308	62,172	0,000	5,955E+1	6,124E+1	6,079E+1	5,555E+1	6,434E+1	6,513E+1	5,665E+1	6,159E+1	6,266E+1	5,073E+1
43,308	62,172	0,000	5,955E+1	6,124E+1	6,079E+1	5,555E+1	6,434E+1	6,513E+1	5,665E+1	6,159E+1	6,266E+1	5,073E+1
45,473	62,187	0,000	5,954E+1	6,128E+1	6,079E+1	5,551E+1	6,442E+1	6,512E+1	5,663E+1	6,159E+1	6,271E+1	5,065E+1
45,473	62,187	0,000	5,954E+1	6,128E+1	6,079E+1	5,551E+1	6,442E+1	6,512E+1	5,663E+1	6,159E+1	6,271E+1	5,065E+1
47,638	62,125	0,000	5,948E+1	6,127E+1	6,074E+1	5,549E+1	6,457E+1	6,518E+1	5,662E+1	6,161E+1	6,268E+1	5,067E+1
47,638	62,125	0,000	5,948E+1	6,127E+1	6,074E+1	5,549E+1	6,457E+1	6,518E+1	5,662E+1	6,161E+1	6,268E+1	5,067E+1
49,805	62,100	0,000	5,960E+1	6,131E+1	6,073E+1	5,540E+1	6,464E+1	6,524E+1	5,660E+1	6,164E+1	6,269E+1	5,053E+1
49,805	62,100	0,000	5,960E+1	6,131E+1	6,073E+1	5,540E+1	6,464E+1	6,524E+1	5,660E+1	6,164E+1	6,269E+1	5,053E+1
51,972	62,154	0,000	5,958E+1	6,127E+1	6,072E+1	5,540E+1	6,474E+1	6,525E+1	5,659E+1	6,162E+1	6,270E+1	5,058E+1
51,972	62,154	0,000	5,958E+1	6,127E+1	6,072E+1	5,540E+1	6,474E+1	6,525E+1	5,659E+1	6,162E+1	6,270E+1	5,058E+1
51,972	62,154	0,000	5,958E+1	6,127E+1	6,072E+1	5,540E+1	6,474E+1	6,525E+1	5,659E+1	6,162E+1	6,270E+1	5,058E+1
54,138	62,135	0,000	5,956E+1	6,127E+1	6,076E+1	5,542E+1	6,486E+1	6,530E+1	5,658E+1	6,157E+1	6,267E+1	5,062E+1
54,138	62,135	0,000	5,956E+1	6,127E+1	6,076E+1	5,542E+1	6,486E+1	6,530E+1	5,658E+1	6,157E+1	6,267E+1	5,062E+1
56,303	62,121	0,000	5,945E+1	6,127E+1	6,078E+1	5,539E+1	6,491E+1	6,535E+1	5,655E+1	6,157E+1	6,266E+1	5,050E+1
56,303	62,121	0,000	5,945E+1	6,127E+1	6,078E+1	5,539E+1	6,491E+1	6,535E+1	5,655E+1	6,157E+1	6,266E+1	5,050E+1
58,470	62,048	0,000	5,941E+1	6,120E+1	6,082E+1	5,533E+1	6,495E+1	6,542E+1	5,655E+1	6,162E+1	6,272E+1	5,042E+1
58,470	62,048	0,000	5,941E+1	6,120E+1	6,082E+1	5,533E+1	6,495E+1	6,542E+1	5,655E+1	6,162E+1	6,272E+1	5,042E+1
60,635	62,086	0,000	5,947E+1	6,120E+1	6,073E+1	5,536E+1	6,503E+1	6,553E+1	5,654E+1	6,163E+1	6,271E+1	5,051E+1
60,635	62,086	0,000	5,947E+1	6,120E+1	6,073E+1	5,536E+1	6,503E+1	6,553E+1	5,654E+1	6,163E+1	6,271E+1	5,051E+1
62,801	62,091	0,000	5,939E+1	6,120E+1	6,072E+1	5,533E+1	6,503E+1	6,556E+1	5,649E+1	6,164E+1	6,271E+1	5,046E+1
62,801	62,091	0,000	5,939E+1	6,120E+1	6,072E+1	5,533E+1	6,503E+1	6,556E+1	5,649E+1	6,164E+1	6,271E+1	5,046E+1
64,966	62,090	0,000	5,938E+1	6,114E+1	6,063E+1	5,531E+1	6,509E+1	6,558E+1	5,648E+1	6,171E+1	6,266E+1	5,053E+1
64,966	62,090	0,000	5,938E+1	6,114E+1	6,063E+1	5,531E+1	6,509E+1	6,558E+1	5,648E+1	6,171E+1	6,266E+1	5,053E+1
64,966	62,090	0,000	5,938E+1	6,114E+1	6,063E+1	5,531E+1	6,509E+1	6,558E+1	5,648E+1	6,171E+1	6,266E+1	5,053E+1
67,129	62,174	0,000	5,943E+1	6,114E+1	6,059E+1	5,533E+1	6,521E+1	6,569E+1	5,648E+1	6,159E+1	6,271E+1	5,063E+1
67,129	62,174	0,000	5,943E+1	6,114E+1	6,059E+1	5,533E+1	6,521E+1	6,569E+1	5,648E+1	6,159E+1	6,271E+1	5,063E+1
69,295	62,107	0,000	5,952E+1	6,112E+1	6,064E+1	5,535E+1	6,514E+1	6,568E+1	5,646E+1	6,157E+1	6,270E+1	5,066E+1
69,295	62,107	0,000	5,952E+1	6,112E+1	6,064E+1	5,535E+1	6,514E+1	6,568E+1	5,646E+1	6,157E+1	6,270E+1	5,066E+1
71,464	62,115	0,000	5,947E+1	6,114E+1	6,069E+1	5,534E+1	6,524E+1	6,577E+1	5,642E+1	6,155E+1	6,274E+1	5,053E+1
71,464	62,115	0,000	5,947E+1	6,114E+1	6,069E+1	5,534E+1	6,524E+1	6,577E+1	5,642E+1	6,155E+1	6,274E+1	5,053E+1
73,631	62,138	0,000	5,953E+1	6,114E+1	6,061E+1	5,529E+1	6,536E+1	6,594E+1	5,642E+1	6,156E+1	6,276E+1	5,053E+1
73,631	62,138	0,000	5,953E+1	6,114E+1	6,061E+1	5,529E+1	6,536E+1	6,594E+1	5,642E+1	6,156E+1	6,276E+1	5,053E+1
75,800	62,219	0,000	5,970E+1	6,116E+1	6,058E+1	5,532E+1	6,534E+1	6,588E+1	5,644E+1	6,153E+1	6,274E+1	5,057E+1
75,800	62,219	0,000	5,970E+1	6,116E+1	6,058E+1	5,532E+1	6,534E+1	6,588E+1	5,644E+1	6,153E+1	6,274E+1	5,057E+1
77,963	62,167	0,000	5,962E+1	6,116E+1	6,058E+1	5,526E+1	6,537E+1	6,581E+1	5,644E+1	6,151E+1	6,278E+1	5,055E+1
77,963	62,167	0,000	5,962E+1	6,116E+1	6,058E+1	5,526E+1	6,537E+1	6,581E+1	5,644E+1	6,151E+1	6,278E+1	5,055E+1
77,963	62,167	0,000	5,962E+1	6,116E+1	6,058E+1	5,526E+1	6,537E+1	6,581E+1	5,644E+1	6,151E+1	6,278E+1	5,055E+1
80,130	62,174	0,000	5,972E+1	6,117E+1	6,061E+1	5,527E+1	6,541E+1	6,592E+1	5,644E+1	6,155E+1	6,274E+1	5,058E+1
80,130	62,174	0,000	5,972E+1	6,117E+1	6,061E+1	5,527E+1	6,541E+1	6,592E+1	5,644E+1	6,155E+1	6,274E+1	5,058E+1
82,296	62,157	0,000	5,967E+1	6,115E+1	6,070E+1	5,532E+1	6,558E+1	6,605E+1	5,644E+1	6,155E+1	6,276E+1	5,070E+1
82,296	62,157	0,000	5,967E+1	6,115E+1	6,070E+1	5,532E+1	6,558E+1	6,605E+1	5,644E+1	6,155E+1	6,276E+1	5,070E+1
84,463	62,155	0,000	5,962E+1	6,116E+1	6,071E+1	5,535E+1	6,564E+1	6,611E+1	5,643E+1	6,153E+1	6,279E+1	5,068E+1
84,463	62,155	0,000	5,962E+1	6,116E+1	6,071E+1	5,535E+1	6,564E+1	6,611E+1	5,643E+1	6,153E+1	6,279E+1	5,068E+1
86,630	62,099	0,000	5,963E+1	6,117E+1	6,075E+1	5,533E+1	6,557E+1	6,601E+1	5,643E+1	6,150E+1	6,271E+1	5,060E+1
86,630	62,099	0,000	5,963E+1	6,117E+1	6,075E+1	5,533E+1	6,557E+1	6,601E+1	5,643E+1	6,150E+1	6,271E+1	5,060E+1
88,799	62,091	0,000	5,959E+1	6,114E+1	6,076E+1	5,534E+1	6,544E+1	6,602E+1	5,645E+1	6,157E+1	6,272E+1	5,057E+1
88,799	62,091	0,000	5,959E+1	6,114E+1	6,076E+1	5,534E+1	6,544E+1	6,602E+1	5,645E+1	6,157E+1	6,272E+1	5,057E+1
90,964	62,157	0,000	5,959E+1	6,114E+1	6,068E+1	5,531E+1	6,552E+1	6,608E+1	5,645E+1	6,160E+1	6,281E+1	5,051E+1
90,964	62,157	0,000	5,959E+1	6,114E+1	6,068E+1	5,531E+1	6,552E+1	6,608E+1	5,645E+1	6,160E+1	6,281E+1	5,051E+1
90,964	62,157	0,000	5,959E+1	6,114E+1	6,068E+1	5,531E+1	6,552E+1	6,608E+1	5,645E+1	6,160E+1	6,281E+1	5,051E+1
93,130	62,142	0,000	5,966E+1	6,113E+1	6,063E+1	5,536E+1	6,553E+1	6,605E+1	5,648E+1	6,157E+1	6,278E+1	5,050E+1
93,130	62,142	0,000	5,966E+1	6,113E+1	6,063E+1	5,536E+1	6,553E+1	6,605E+1	5,648E+1	6,157E+1	6,278E+1	5,050E+1
95,293	62,136	0,000	5,962E+1	6,112E+1	6,072E+1	5,528E+1	6,561E+1	6,612E+1	5,645E+1	6,160E+1	6,275E+1	5,042E+1
95,293	62,136	0,000	5,962E+1	6,112E+1	6,072E+1	5,528E+1	6,561E+1	6,612E+1	5,645E+1	6,160E+1	6,275E+1	5,042E+1
97,458	62,168	0,000	5,959E+1	6,111E+1	6,065E+1	5,528E+1	6,569E+1	6,615E+1	5,642E+1	6,153E+1	6,279E+1	5,042E+1
97,458	62,168	0,000	5,959E+1	6,111E+1	6,065E+1	5,528E+1	6,569E+1	6,615E+1	5,642E+1	6,153E+1	6,279E+1	5,042E+1
99,625	62,131	0,000	5,953E+1	6,106E+1	6,079E+1	5,528E+1	6,574E+1	6,625E+1	5,641E+1	6,155E+1	6,283E+1	5,043E+1
99,625	62,131	0,000	5,953E+1	6,106E+1	6,079E+1	5,528E+1	6,574E+1	6,625E+1	5,641E+1	6,155E+1	6,283E+1	5,043E+1
101,791	62,099	0,000	5,961E+1	6,105E+1	6,077E+1	5,528E+1	6,579E+1	6,633E+1	5,644E+1	6,165E+1	6,283E+1	5,047E+1
101,791	62,099	0,000	5,961E+1	6,105E+1	6,077E+1	5,528E+1	6,579E+1	6,633E+1	5,644E+1	6,165E+1	6,283E+1	5,047E+1
103,958	62,099	0,000	5,961E+1	6,109E+1	6,085E+1	5,526E+1	6,577E+1	6,639E+1	5,644E+1	6,170E+1	6,285E+1	5,035E+1
103,958	62,099	0,000	5,961E+1	6,109E+1	6,085E+1	5,526E+1	6,577E+1	6,639E+1	5,644E+1	6,170E+1	6,285E+1	5,035E+1
103,958	62,099	0,000	5,961E+1	6,109E+1	6,085E+1	5,526E+1	6,577E+1	6,639E+1	5,644E+1	6,170E+1	6,285E+1	5,035E+1
106,125	62,152	0,000	5,967E+1	6,110E+1	6,080E+1	5,524E+1	6,583E+1	6,645E+1	5,643E+1	6,165E+1	6,288E+1	5,032E+1
106,125	62,152	0,000	5,967E+1	6,110E+1	6,080E+1	5,524E+1	6,583E+1	6,645E+1	5,643E+1	6,165E+1	6,288E+1	5,032E+1
108,290	62,189	0,000	5,970E+1	6,108E+1	6,087E+1	5,528E+1	6,586E+1	6,650E+1	5,643E+1	6,164E+1	6,289E+1	5,030E+1
108,290	62,189	0,000	5,970E+1	6,108E+1	6,087E+1	5,528E+1	6,586E+1	6,650E+1	5,643E+1	6,164E+1	6,289E+1	5,030E+1
110,529	62,199	0,000	5,973E+1	6,111E+1	6,100E+1	5,525E+1	6,589E+1	6,654E+1	5,647E+1	6,160E+1	6,291E+1	5,030E+1
110,529	62,199	0,000	5,973E+1	6,111E+1	6,100E+1	5,525E+1	6,589E+1	6,654E+1	5,647E+1	6,160E+1	6,291E+1	5,030E+1
112,773	62,238	0,000	5,974E+1	6,113E+1	6,105E+1	5,528E+1	6,595E+1	6,655E+1	5,646E+1	6,172E+1	6,289E+1	5,028E+1
112,773	62,238	0,000	5,974E+1	6,113E+1	6,105E+1	5,528E+1	6,595E+1	6,655E+1	5,646E+1	6,172E+1	6,289E+1	5,028E+1
115,012	62,224	0,000	5,976E+1	6,114E+1	6,106E+1	5,523E+1	6,597E+1	6,661E+1	5,647E+1	6,175E+1	6,291E+1	5,017E+1
115,012	62,224	0,000	5,976E+1	6,114E+1	6,106E+1	5,523E+1	6,597E+1	6,661E+1	5,647E+1	6,175E+1	6,291E+1	5,017E+1
115,012	62,224	0,000	5,976E+1	6,114E+1	6,106E+1	5,523E+1	6,597E+1	6,661E+1	5,647E+1	6,175E+1	6,291E+1	5,017E+1
117,251	62,270	0,000	5,975E+1	6,115E+1	6,087E+1	5,519E+1	6,611E+1	6,675E+1	5,647E+1	6,185E+1	6,297E+1	5,015E+1
117,251	62,270	0,000	5,975E+1	6,115E+1	6,087E+1	5,519E+1	6,611E+1	6,675E+1	5,647E+1	6,185E+1	6,297E+1	5,015E+1
119,492	62,182	0,000	5,973E+1	6,110E+1	6,087E+1	5,517E+1	6,623E+1	6,683E+1	5,648E+1	6,183E+1	6,298E+1	5,013E+1
119,492	62,182	0,000	5,973E+1	6,110E+1	6,087E+1	5,517E+1	6,623E+1	6,683E+1	5,648E+1	6,183E+1	6,298E+1	5,013E+1
121,733	62,352	0,000	5,974E+1	6,108E+1	6,078E+1	5,520E+1	6,638E+1	6,695E+1	5,648E+1	6,179E+1	6,299E+1	5,025E+1
121,733	62,352	0,000	5,974E+1	6,108E+1	6,078E+1	5,520E+1	6,638E+1	6,695E+1	5,648E+1	6,179E+1	6,299E+1	5,025E+1
123,976	62,214	0,000	5,977E+1	6,112E+1	6,090E+1	5,521E+1	6,621E+1	6,683E+1	5,649E+1	6,185E+1	6,311E+1	5,023E+1
123,976	62,214	0,000	5,977E+1	6,112E+1	6,090E+1	5,521E+1	6,621E+1	6,683E+1	5,649E+1	6,185E+1	6,311E+1	5,023E+1
123,976	62,214	0,000	5,977E+1	6,112E+1	6,090E+1	5,521E+1	6,621E+1	6,683E+1	5,649E+1	6,185E+1	6,311E+1	5,023E+1
126,214	62,283	0,000	5,977E+1	6,112E+1	6,089E+1	5,520E+1	6,626E+1	6,683E+1	5,649E+1	6,185E+1	6,304E+1	5,024E+1
126,214	62,283	0,000	5,977E+1	6,112E+1	6,089E+1	5,520E+1	6,626E+1	6,683E+1	5,649E+1	6,185E+1	6,304E+1	5,024E+1
128,458	62,223	0,000	5,983E+1	6,112E+1	6,100E+1	5,528E+1	6,616E+1	6,690E+1	5,654E+1	6,188E+1	6,312E+1	5,031E+1
128,458	62,223	0,000	5,983E+1	6,112E+1	6,100E+1	5,528E+1	6,616E+1	6,690E+1	5,654E+1	6,188E+1	6,312E+1	5,031E+1
130,698	62,274	0,000	5,986E+1	6,109E+1	6,111E+1	5,526E+1	6,609E+1	6,677E+1	5,651E+1	6,189E+1	6,316E+1	5,028E+1
130,698	62,274	0,000	5,986E+1	6,109E+1	6,111E+1	5,526E+1	6,609E+1	6,677E+1	5,651E+1	6,189E+1	6,316E+1	5,028E+1
132,937	62,186	0,000	5,988E+1	6,115E+1	6,101E+1	5,528E+1	6,615E+1	6,687E+1	5,654E+1	6,185E+1	6,310E+1	5,028E+1
132,937	62,186	0,000	5,988E+1	6,115E+1	6,101E+1	5,528E+1	6,615E+1	6,687E+1	5,654E+1	6,185E+1	6,310E+1	5,028E+1
132,937	62,186	0,000	5,988E+1	6,115E+1	6,101E+1	5,528E+1	6,615E+1	6,687E+1	5,654E+1	6,185E+1	6,310E+1	5,028E+1
135,180	62,319	0,000	5,987E+1	6,112E+1	6,096E+1	5,519E+1	6,628E+1	6,695E+1	5,655E+1	6,190E+1	6,314E+1	5,015E+1
135,180	62,319	0,000	5,987E+1	6,112E+1	6,096E+1	5,519E+1	6,628E+1	6,695E+1	5,655E+1	6,190E+1	6,314E+1	5,015E+1
137,421	62,258	0,000	5,984E+1	6,106E+1	6,086E+1	5,523E+1	6,641E+1	6,702E+1	5,658E+1	6,191E+1	6,310E+1	5,010E+1
137,421	62,258	0,000	5,984E+1	6,106E+1	6,086E+1	5,523E+1	6,641E+1	6,702E+1	5,658E+1	6,191E+1	6,310E+1	5,010E+1
139,660	62,317	0,000	5,991E+1	6,111E+1	6,090E+1	5,522E+1	6,649E+1	6,712E+1	5,659E+1	6,192E+1	6,316E+1	5,015E+1
139,660	62,317	0,000	5,991E+1	6,111E+1	6,090E+1	5,522E+1	6,649E+1	6,712E+1	5,659E+1	6,192E+1	6,316E+1	5,015E+1
141,899	62,260	0,000	5,982E+1	6,115E+1	6,095E+1	5,525E+1	6,648E+1	6,717E+1	5,662E+1	6,200E+1	6,320E+1	5,013E+1
141,899	62,260	0,000	5,982E+1	6,115E+1	6,095E+1	5,525E+1	6,648E+1	6,717E+1	5,662E+1	6,200E+1	6,320E+1	5,013E+1
141,899	62,260	0,000	5,982E+1	6,115E+1	6,095E+1	5,525E+1	6,648E+1	6,717E+1	5,662E+1	6,200E+1	6,320E+1	5,013E+1
144,141	62,277	0,000	5,984E+1	6,111E+1	6,085E+1	5,520E+1	6,657E+1	6,731E+1	5,660E+1	6,203E+1	6,327E+1	4,988E+1
144,141	62,277	0,000	5,984E+1	6,111E+1	6,085E+1	5,520E+1	6,657E+1	6,731E+1	5,660E+1	6,203E+1	6,327E+1	4,988E+1
146,382	62,299	0,000	5,992E+1	6,112E+1	6,072E+1	5,524E+1	6,666E+1	6,732E+1	5,663E+1	6,208E+1	6,325E+1	5,001E+1
146,382	62,299	0,000	5,992E+1	6,112E+1	6,072E+1	5,524E+1	6,666E+1	6,732E+1	5,663E+1	6,208E+1	6,325E+1	5,001E+1
148,621	62,260	0,000	5,988E+1	6,111E+1	6,081E+1	5,523E+1	6,670E+1	6,735E+1	5,665E+1	6,207E+1	6,327E+1	5,001E+1
148,621	62,260	0,000	5,988E+1	6,111E+1	6,081E+1	5,523E+1	6,670E+1	6,735E+1	5,665E+1	6,207E+1	6,327E+1	5,001E+1
150,862	62,353	0,000	5,988E+1	6,108E+1	6,081E+1	5,522E+1	6,679E+1	6,745E+1	5,661E+1	6,215E+1	6,330E+1	5,006E+1
150,862	62,353	0,000	5,988E+1	6,108E+1	6,081E+1	5,522E+1	6,679E+1	6,745E+1	5,661E+1	6,215E+1	6,330E+1	5,006E+1
150,862	62,353	0,000	5,988E+1	6,108E+1	6,081E+1	5,522E+1	6,679E+1	6,745E+1	5,661E+1	6,215E+1	6,330E+1	5,006E+1
153,103	62,300	0,000	5,992E+1	6,108E+1	6,089E+1	5,527E+1	6,680E+1	6,746E+1	5,667E+1	6,216E+1	6,334E+1	5,010E+1
153,103	62,300	0,000	5,992E+1	6,108E+1	6,089E+1	5,527E+1	6,680E+1	6,746E+1	5,667E+1	6,216E+1	6,334E+1	5,010E+1
155,344	62,368	0,000	5,988E+1	6,108E+1	6,081E+1	5,532E+1	6,686E+1	6,750E+1	5,663E+1	6,220E+1	6,337E+1	5,018E+1
155,344	62,368	0,000	5,988E+1	6,108E+1	6,081E+1	5,532E+1	6,686E+1	6,750E+1	5,663E+1	6,220E+1	6,337E+1	5,018E+1
157,583	62,287	0,000	5,999E+1	6,110E+1	6,083E+1	5,535E+1	6,671E+1	6,744E+1	5,666E+1	6,226E+1	6,343E+1	5,017E+1
157,583	62,287	0,000	5,999E+1	6,110E+1	6,083E+1	5,535E+1	6,671E+1	6,744E+1	5,666E+1	6,226E+1	6,343E+1	5,017E+1
159,822	62,368	0,000	5,997E+1	6,113E+1	6,092E+1	5,531E+1	6,667E+1	6,745E+1	5,667E+1	6,231E+1	6,343E+1	5,014E+1
159,822	62,368	0,000	5,997E+1	6,113E+1	6,092E+1	5,531E+1	6,667E+1	6,745E+1	5,667E+1	6,231E+1	6,343E+1	5,014E+1
159,822	62,368	0,000	5,997E+1	6,113E+1	6,092E+1	5,531E+1	6,667E+1	6,745E+1	5,667E+1	6,231E+1	6,343E+1	5,014E+1
162,064	62,217	0,000	5,991E+1	6,107E+1	6,093E+1	5,532E+1	6,660E+1	6,738E+1	5,671E+1	6,234E+1	6,348E+1	5,003E+1
162,064	62,217	0,000	5,991E+1	6,107E+1	6,093E+1	5,532E+1	6,660E+1	6,738E+1	5,671E+1	6,234E+1	6,348E+1	5,003E+1
164,305	62,346	0,000	5,996E+1	6,111E+1	6,092E+1	5,531E+1	6,669E+1	6,746E+1	5,669E+1	6,234E+1	6,346E+1	5,003E+1
164,305	62,346	0,000	5,996E+1	6,111E+1	6,092E+1	5,531E+1	6,669E+1	6,746E+1	5,669E+1	6,234E+1	6,346E+1	5,003E+1
166,548	62,351	0,000	5,996E+1	6,108E+1	6,090E+1	5,535E+1	6,679E+1	6,753E+1	5,669E+1	6,228E+1	6,346E+1	5,005E+1
166,548	62,351	0,000	5,996E+1	6,108E+1	6,090E+1	5,535E+1	6,679E+1	6,753E+1	5,669E+1	6,228E+1	6,346E+1	5,005E+1
168,789	62,405	0,000	6,003E+1	6,111E+1	6,095E+1	5,537E+1	6,677E+1	6,756E+1	5,667E+1	6,228E+1	6,344E+1	5,009E+1
168,789	62,405	0,000	6,003E+1	6,111E+1	6,095E+1	5,537E+1	6,677E+1	6,756E+1	5,667E+1	6,228E+1	6,344E+1	5,009E+1
171,026	62,320	0,000	6,004E+1	6,114E+1	6,101E+1	5,533E+1	6,666E+1	6,745E+1	5,673E+1	6,232E+1	6,345E+1	4,999E+1
171,026	62,320	0,000	6,004E+1	6,114E+1	6,101E+1	5,533E+1	6,666E+1	6,745E+1	5,673E+1	6,232E+1	6,345E+1	4,999E+1
171,026	62,320	0,000	6,004E+1	6,114E+1	6,101E+1	5,533E+1	6,666E+1	6,745E+1	5,673E+1	6,232E+1	6,345E+1	4,999E+1
173,267	62,344	0,000	6,002E+1	6,116E+1	6,108E+1	5,537E+1	6,652E+1	6,742E+1	5,672E+1	6,243E+1	6,349E+1	5,013E+1
173,267	62,344	0,000	6,002E+1	6,116E+1	6,108E+1	5,537E+1	6,652E+1	6,742E+1	5,672E+1	6,243E+1	6,349E+1	5,013E+1
175,506	62,272	0,000	6,007E+1	6,117E+1	6,111E+1	5,541E+1	6,645E+1	6,744E+1	5,676E+1	6,246E+1	6,349E+1	5,019E+1
175,506	62,272	0,000	6,007E+1	6,117E+1	6,111E+1	5,541E+1	6,645E+1	6,744E+1	5,676E+1	6,246E+1	6,349E+1	5,019E+1
177,748	62,392	0,000	6,005E+1	6,116E+1	6,123E+1	5,542E+1	6,654E+1	6,764E+1	5,675E+1	6,246E+1	6,352E+1	5,019E+1
177,748	62,392	0,000	6,005E+1	6,116E+1	6,123E+1	5,542E+1	6,654E+1	6,764E+1	5,675E+1	6,246E+1	6,352E+1	5,019E+1
179,989	62,306	0,000	6,002E+1	6,112E+1	6,129E+1	5,547E+1	6,664E+1	6,771E+1	5,678E+1	6,250E+1	6,358E+1	5,019E+1
179,989	62,306	0,000	6,002E+1	6,112E+1	6,129E+1	5,547E+1	6,664E+1	6,771E+1	5,678E+1	6,250E+1	6,358E+1	5,019E+1
179,989	62,306	0,000	6,002E+1	6,112E+1	6,129E+1	5,547E+1	6,664E+1	6,771E+1	5,678E+1	6,250E+1	6,358E+1	5,019E+1
182,228	62,400	0,000	6,006E+1	6,113E+1	6,130E+1	5,543E+1	6,652E+1	6,759E+1	5,678E+1	6,256E+1	6,356E+1	5,010E+1
182,228	62,400	0,000	6,006E+1	6,113E+1	6,130E+1	5,543E+1	6,652E+1	6,759E+1	5,678E+1	6,256E+1	6,356E+1	5,010E+1
184,469	62,346	0,000	6,008E+1	6,113E+1	6,117E+1	5,544E+1	6,659E+1	6,771E+1	5,682E+1	6,261E+1	6,362E+1	5,004E+1
184,469	62,346	0,000	6,008E+1	6,113E+1	6,117E+1	5,544E+1	6,659E+1	6,771E+1	5,682E+1	6,261E+1	6,362E+1	5,004E+1
186,710	62,395	0,000	6,011E+1	6,112E+1	6,117E+1	5,539E+1	6,658E+1	6,775E+1	5,679E+1	6,266E+1	6,366E+1	4,995E+1
186,710	62,395	0,000	6,011E+1	6,112E+1	6,117E+1	5,539E+1	6,658E+1	6,775E+1	5,679E+1	6,266E+1	6,366E+1	4,995E+1
188,949	62,358	0,000	6,011E+1	6,111E+1	6,121E+1	5,544E+1	6,667E+1	6,782E+1	5,681E+1	6,272E+1	6,368E+1	4,999E+1
188,949	62,358	0,000	6,011E+1	6,111E+1	6,121E+1	5,544E+1	6,667E+1	6,782E+1	5,681E+1	6,272E+1	6,368E+1	4,999E+1
188,949	62,358	0,000	6,011E+1	6,111E+1	6,121E+1	5,544E+1	6,667E+1	6,782E+1	5,681E+1	6,272E+1	6,368E+1	4,999E+1
191,190	62,410	0,000	6,008E+1	6,111E+1	6,117E+1	5,539E+1	6,672E+1	6,794E+1	5,684E+1	6,277E+1	6,371E+1	4,994E+1
191,190	62,410	0,000	6,008E+1	6,111E+1	6,117E+1	5,539E+1	6,672E+1	6,794E+1	5,684E+1	6,277E+1	6,371E+1	4,994E+1
193,432	62,363	0,000	6,010E+1	6,112E+1	6,110E+1	5,543E+1	6,676E+1	6,794E+1	5,685E+1	6,275E+1	6,376E+1	4,993E+1
193,432	62,363	0,000	6,010E+1	6,112E+1	6,110E+1	5,543E+1	6,676E+1	6,794E+1	5,685E+1	6,275E+1	6,376E+1	4,993E+1
195,671	62,444	0,000	6,011E+1	6,109E+1	6,104E+1	5,542E+1	6,687E+1	6,797E+1	5,684E+1	6,273E+1	6,376E+1	4,993E+1
195,671	62,444	0,000	6,011E+1	6,109E+1	6,104E+1	5,542E+1	6,687E+1	6,797E+1	5,684E+1	6,273E+1	6,376E+1	4,993E+1
197,912	62,459	0,000	6,013E+1	6,109E+1	6,099E+1	5,548E+1	6,703E+1	6,806E+1	5,684E+1	6,276E+1	6,377E+1	4,996E+1
197,912	62,459	0,000	6,013E+1	6,109E+1	6,099E+1	5,548E+1	6,703E+1	6,806E+1	5,684E+1	6,276E+1	6,377E+1	4,996E+1
197,912	62,459	0,000	6,013E+1	6,109E+1	6,099E+1	5,548E+1	6,703E+1	6,806E+1	5,684E+1	6,276E+1	6,377E+1	4,996E+1
200,153	62,466	0,000	6,019E+1	6,106E+1	6,102E+1	5,550E+1	6,694E+1	6,800E+1	5,687E+1	6,267E+1	6,374E+1	5,007E+1
200,153	62,466	0,000	6,019E+1	6,106E+1	6,102E+1	5,550E+1	6,694E+1	6,800E+1	5,687E+1	6,267E+1	6,374E+1	5,007E+1
202,392	62,466	0,000	6,019E+1	6,110E+1	6,115E+1	5,551E+1	6,683E+1	6,790E+1	5,687E+1	6,278E+1	6,378E+1	5,008E+1
202,392	62,466	0,000	6,019E+1	6,110E+1	6,115E+1	5,551E+1	6,683E+1	6,790E+1	5,687E+1	6,278E+1	6,378E+1	5,008E+1
204,635	62,471	0,000	6,022E+1	6,110E+1	6,122E+1	5,553E+1	6,689E+1	6,801E+1	5,688E+1	6,280E+1	6,383E+1	5,007E+1
204,635	62,471	0,000	6,022E+1	6,110E+1	6,122E+1	5,553E+1	6,689E+1	6,801E+1	5,688E+1	6,280E+1	6,383E+1	5,007E+1
206,876	62,418	0,000	6,019E+1	6,114E+1	6,120E+1	5,559E+1	6,703E+1	6,808E+1	5,694E+1	6,279E+1	6,380E+1	5,022E+1
206,876	62,418	0,000	6,019E+1	6,114E+1	6,120E+1	5,559E+1	6,703E+1	6,808E+1	5,694E+1	6,279E+1	6,380E+1	5,022E+1
206,876	62,418	0,000	6,019E+1	6,114E+1	6,120E+1	5,559E+1	6,703E+1	6,808E+1	5,694E+1	6,279E+1	6,380E+1	5,022E+1
209,119	62,477	0,000	6,015E+1	6,112E+1	6,126E+1	5,563E+1	6,712E+1	6,812E+1	5,694E+1	6,283E+1	6,387E+1	5,026E+1
209,119	62,477	0,000	6,015E+1	6,112E+1	6,126E+1	5,563E+1	6,712E+1	6,812E+1	5,694E+1	6,283E+1	6,387E+1	5,026E+1
211,360	62,404	0,000	6,021E+1	6,107E+1	6,118E+1	5,562E+1	6,723E+1	6,822E+1	5,699E+1	6,277E+1	6,392E+1	5,019E+1
211,360	62,404	0,000	6,021E+1	6,107E+1	6,118E+1	5,562E+1	6,723E+1	6,822E+1	5,699E+1	6,277E+1	6,392E+1	5,019E+1
213,602	62,418	0,000	6,014E+1	6,109E+1	6,119E+1	5,561E+1	6,732E+1	6,828E+1	5,698E+1	6,286E+1	6,387E+1	5,019E+1
213,602	62,418	0,000	6,014E+1	6,109E+1	6,119E+1	5,561E+1	6,732E+1	6,828E+1	5,698E+1	6,286E+1	6,387E+1	5,019E+1
215,843	62,443	0,000	6,019E+1	6,106E+1	6,132E+1	5,566E+1	6,734E+1	6,831E+1	5,696E+1	6,289E+1	6,389E+1	5,028E+1
215,843	62,443	0,000	6,019E+1	6,106E+1	6,132E+1	5,566E+1	6,734E+1	6,831E+1	5,696E+1	6,289E+1	6,389E+1	5,028E+1
215,843	62,443	0,000	6,019E+1	6,106E+1	6,132E+1	5,566E+1	6,734E+1	6,831E+1	5,696E+1	6,289E+1	6,389E+1	5,028E+1
218,088	62,426	0,000	6,026E+1	6,108E+1	6,130E+1	5,572E+1	6,740E+1	6,836E+1	5,699E+1	6,282E+1	6,387E+1	5,029E+1
218,088	62,426	0,000	6,026E+1	6,108E+1	6,130E+1	5,572E+1	6,740E+1	6,836E+1	5,699E+1	6,282E+1	6,387E+1	5,029E+1
220,329	62,500	0,000	6,024E+1	6,115E+1	6,131E+1	5,567E+1	6,741E+1	6,826E+1	5,698E+1	6,282E+1	6,383E+1	5,020E+1
220,329	62,500	0,000	6,024E+1	6,115E+1	6,131E+1	5,567E+1	6,741E+1	6,826E+1	5,698E+1	6,282E+1	6,383E+1	5,020E+1
222,572	62,471	0,000	6,032E+1	6,115E+1	6,140E+1	5,567E+1	6,723E+1	6,818E+1	5,702E+1	6,285E+1	6,391E+1	5,011E+1
222,572	62,471	0,000	6,032E+1	6,115E+1	6,140E+1	5,567E+1	6,723E+1	6,818E+1	5,702E+1	6,285E+1	6,391E+1	5,011E+1
224,813	62,475	0,000	6,030E+1	6,117E+1	6,138E+1	5,561E+1	6,732E+1	6,827E+1	5,702E+1	6,289E+1	6,389E+1	4,991E+1
224,813	62,475	0,000	6,030E+1	6,117E+1	6,138E+1	5,561E+1	6,732E+1	6,827E+1	5,702E+1	6,289E+1	6,389E+1	4,991E+1
227,052	62,529	0,000	6,037E+1	6,116E+1	6,130E+1	5,563E+1	6,743E+1	6,834E+1	5,696E+1	6,290E+1	6,395E+1	5,004E+1
227,052	62,529	0,000	6,037E+1	6,116E+1	6,130E+1	5,563E+1	6,743E+1	6,834E+1	5,696E+1	6,290E+1	6,395E+1	5,004E+1
227,052	62,529	0,000	6,037E+1	6,116E+1	6,130E+1	5,563E+1	6,743E+1	6,834E+1	5,696E+1	6,290E+1	6,395E+1	5,004E+1
229,295	62,482	0,000	6,038E+1	6,119E+1	6,132E+1	5,565E+1	6,750E+1	6,838E+1	5,708E+1	6,304E+1	6,398E+1	4,995E+1
229,295	62,482	0,000	6,038E+1	6,119E+1	6,132E+1	5,565E+1	6,750E+1	6,838E+1	5,708E+1	6,304E+1	6,398E+1	4,995E+1
231,538	62,539	0,000	6,034E+1	6,122E+1	6,130E+1	5,558E+1	6,754E+1	6,848E+1	5,705E+1	6,305E+1	6,402E+1	4,989E+1
231,538	62,539	0,000	6,034E+1	6,122E+1	6,130E+1	5,558E+1	6,754E+1	6,848E+1	5,705E+1	6,305E+1	6,402E+1	4,989E+1
233,781	62,470	0,000	6,037E+1	6,114E+1	6,123E+1	5,564E+1	6,757E+1	6,856E+1	5,710E+1	6,309E+1	6,408E+1	5,001E+1
233,781	62,470	0,000	6,037E+1	6,114E+1	6,123E+1	5,564E+1	6,757E+1	6,856E+1	5,710E+1	6,309E+1	6,408E+1	5,001E+1
236,021	62,598	0,000	6,038E+1	6,116E+1	6,117E+1	5,569E+1	6,768E+1	6,859E+1	5,708E+1	6,318E+1	6,414E+1	5,012E+1
236,021	62,598	0,000	6,038E+1	6,116E+1	6,117E+1	5,569E+1	6,768E+1	6,859E+1	5,708E+1	6,318E+1	6,414E+1	5,012E+1
236,021	62,598	0,000	6,038E+1	6,116E+1	6,117E+1	5,569E+1	6,768E+1	6,859E+1	5,708E+1	6,318E+1	6,414E+1	5,012E+1
238,262	62,544	0,000	6,040E+1	6,116E+1	6,114E+1	5,567E+1	6,771E+1	6,871E+1	5,713E+1	6,319E+1	6,417E+1	5,011E+1
238,262	62,544	0,000	6,040E+1	6,116E+1	6,114E+1	5,567E+1	6,771E+1	6,871E+1	5,713E+1	6,319E+1	6,417E+1	5,011E+1
240,503	62,580	0,000	6,042E+1	6,115E+1	6,113E+1	5,572E+1	6,783E+1	6,875E+1	5,713E+1	6,326E+1	6,421E+1	5,014E+1
240,503	62,580	0,000	6,042E+1	6,115E+1	6,113E+1	5,572E+1	6,783E+1	6,875E+1	5,713E+1	6,326E+1	6,421E+1	5,014E+1
242,744	62,512	0,000	6,042E+1	6,113E+1	6,111E+1	5,570E+1	6,785E+1	6,874E+1	5,718E+1	6,333E+1	6,423E+1	5,016E+1
242,744	62,512	0,000	6,042E+1	6,113E+1	6,111E+1	5,570E+1	6,785E+1	6,874E+1	5,718E+1	6,333E+1	6,423E+1	5,016E+1
244,983	62,640	0,000	6,044E+1	6,111E+1	6,109E+1	5,569E+1	6,794E+1	6,872E+1	5,719E+1	6,333E+1	6,428E+1	5,014E+1
244,983	62,640	0,000	6,044E+1	6,111E+1	6,109E+1	5,569E+1	6,794E+1	6,872E+1	5,719E+1	6,333E+1	6,428E+1	5,014E+1
244,983	62,640	0,000	6,044E+1	6,111E+1	6,109E+1	5,569E+1	6,794E+1	6,872E+1	5,719E+1	6,333E+1	6,428E+1	5,014E+1
247,224	62,583	0,000	6,044E+1	6,114E+1	6,095E+1	5,573E+1	6,793E+1	6,883E+1	5,724E+1	6,333E+1	6,431E+1	5,023E+1
247,224	62,583	0,000	6,044E+1	6,114E+1	6,095E+1	5,573E+1	6,793E+1	6,883E+1	5,724E+1	6,333E+1	6,431E+1	5,023E+1
249,465	62,648	0,000	6,043E+1	6,116E+1	6,091E+1	5,576E+1	6,806E+1	6,895E+1	5,724E+1	6,336E+1	6,430E+1	5,026E+1
249,465	62,648	0,000	6,043E+1	6,116E+1	6,091E+1	5,576E+1	6,806E+1	6,895E+1	5,724E+1	6,336E+1	6,430E+1	5,026E+1
251,704	62,546	0,000	6,041E+1	6,121E+1	6,096E+1	5,584E+1	6,805E+1	6,891E+1	5,727E+1	6,331E+1	6,431E+1	5,036E+1
251,704	62,546	0,000	6,041E+1	6,121E+1	6,096E+1	5,584E+1	6,805E+1	6,891E+1	5,727E+1	6,331E+1	6,431E+1	5,036E+1
253,943	62,635	0,000	6,045E+1	6,119E+1	6,105E+1	5,581E+1	6,795E+1	6,883E+1	5,728E+1	6,333E+1	6,434E+1	5,034E+1
253,943	62,635	0,000	6,045E+1	6,119E+1	6,105E+1	5,581E+1	6,795E+1	6,883E+1	5,728E+1	6,333E+1	6,434E+1	5,034E+1
253,943	62,635	0,000	6,045E+1	6,119E+1	6,105E+1	5,581E+1	6,795E+1	6,883E+1	5,728E+1	6,333E+1	6,434E+1	5,034E+1
256,186	62,563	0,000	6,047E+1	6,121E+1	6,112E+1	5,587E+1	6,777E+1	6,876E+1	5,733E+1	6,336E+1	6,434E+1	5,030E+1
256,186	62,563	0,000	6,047E+1	6,121E+1	6,112E+1	5,587E+1	6,777E+1	6,876E+1	5,733E+1	6,336E+1	6,434E+1	5,030E+1
258,428	62,599	0,000	6,047E+1	6,123E+1	6,118E+1	5,581E+1	6,781E+1	6,881E+1	5,735E+1	6,338E+1	6,440E+1	5,022E+1
258,428	62,599	0,000	6,047E+1	6,123E+1	6,118E+1	5,581E+1	6,781E+1	6,881E+1	5,735E+1	6,338E+1	6,440E+1	5,022E+1
260,669	62,629	0,000	6,050E+1	6,121E+1	6,114E+1	5,577E+1	6,790E+1	6,893E+1	5,737E+1	6,340E+1	6,447E+1	5,019E+1
260,669	62,629	0,000	6,050E+1	6,121E+1	6,114E+1	5,577E+1	6,790E+1	6,893E+1	5,737E+1	6,340E+1	6,447E+1	5,019E+1
