t	TP1 [ºC]	TP2 [ºC]	TP3 [ºC]	TP5 [ºC]	TP6 [ºC]	TP7 [ºC]	TP8 [ºC]	TP10 [ºC]	TP11 [ºC]	TP12 [ºC]	TP13 [ºC]	TP15 [ºC]
0,000	0,000	0,000	0,000E+0	0,000E+0	0,000E+0	0,000E+0	0,000E+0	0,000E+0	0,000E+0	0,000E+0	0,000E+0	0,000E+0
0,000	0,000	0,000	0,000E+0	0,000E+0	0,000E+0	0,000E+0	0,000E+0	0,000E+0	0,000E+0	0,000E+0	0,000E+0	0,000E+0
0,000	0,000	0,000	0,000E+0	0,000E+0	0,000E+0	0,000E+0	0,000E+0	0,000E+0	0,000E+0	0,000E+0	0,000E+0	0,000E+0
2,141	62,510	0,000	6,027E+1	6,116E+1	6,080E+1	5,613E+1	6,673E+1	6,817E+1	5,765E+1	6,330E+1	6,422E+1	5,074E+1
2,141	62,510	0,000	6,027E+1	6,116E+1	6,080E+1	5,613E+1	6,673E+1	6,817E+1	5,765E+1	6,330E+1	6,422E+1	5,074E+1
4,306	62,483	0,000	6,025E+1	6,113E+1	6,084E+1	5,618E+1	6,674E+1	6,812E+1	5,762E+1	6,334E+1	6,415E+1	5,085E+1
4,306	62,483	0,000	6,025E+1	6,113E+1	6,084E+1	5,618E+1	6,674E+1	6,812E+1	5,762E+1	6,334E+1	6,415E+1	5,085E+1
6,472	62,455	0,000	6,024E+1	6,113E+1	6,090E+1	5,615E+1	6,673E+1	6,814E+1	5,762E+1	6,332E+1	6,412E+1	5,073E+1
6,472	62,455	0,000	6,024E+1	6,113E+1	6,090E+1	5,615E+1	6,673E+1	6,814E+1	5,762E+1	6,332E+1	6,412E+1	5,073E+1
8,639	62,453	0,000	6,024E+1	6,114E+1	6,086E+1	5,618E+1	6,672E+1	6,813E+1	5,760E+1	6,332E+1	6,412E+1	5,078E+1
8,639	62,453	0,000	6,024E+1	6,114E+1	6,086E+1	5,618E+1	6,672E+1	6,813E+1	5,760E+1	6,332E+1	6,412E+1	5,078E+1
10,804	62,443	0,000	6,028E+1	6,112E+1	6,082E+1	5,612E+1	6,665E+1	6,805E+1	5,759E+1	6,334E+1	6,411E+1	5,073E+1
10,804	62,443	0,000	6,028E+1	6,112E+1	6,082E+1	5,612E+1	6,665E+1	6,805E+1	5,759E+1	6,334E+1	6,411E+1	5,073E+1
12,973	62,526	0,000	6,021E+1	6,113E+1	6,079E+1	5,609E+1	6,659E+1	6,798E+1	5,759E+1	6,331E+1	6,412E+1	5,069E+1
12,973	62,526	0,000	6,021E+1	6,113E+1	6,079E+1	5,609E+1	6,659E+1	6,798E+1	5,759E+1	6,331E+1	6,412E+1	5,069E+1
12,973	62,526	0,000	6,021E+1	6,113E+1	6,079E+1	5,609E+1	6,659E+1	6,798E+1	5,759E+1	6,331E+1	6,412E+1	5,069E+1
15,140	62,516	0,000	6,020E+1	6,109E+1	6,071E+1	5,609E+1	6,650E+1	6,794E+1	5,755E+1	6,331E+1	6,411E+1	5,075E+1
15,140	62,516	0,000	6,020E+1	6,109E+1	6,071E+1	5,609E+1	6,650E+1	6,794E+1	5,755E+1	6,331E+1	6,411E+1	5,075E+1
17,304	62,516	0,000	6,019E+1	6,112E+1	6,072E+1	5,606E+1	6,651E+1	6,796E+1	5,754E+1	6,327E+1	6,410E+1	5,075E+1
17,304	62,516	0,000	6,019E+1	6,112E+1	6,072E+1	5,606E+1	6,651E+1	6,796E+1	5,754E+1	6,327E+1	6,410E+1	5,075E+1
19,471	62,519	0,000	6,014E+1	6,110E+1	6,070E+1	5,596E+1	6,650E+1	6,792E+1	5,751E+1	6,324E+1	6,408E+1	5,077E+1
19,471	62,519	0,000	6,014E+1	6,110E+1	6,070E+1	5,596E+1	6,650E+1	6,792E+1	5,751E+1	6,324E+1	6,408E+1	5,077E+1
21,636	62,490	0,000	6,015E+1	6,109E+1	6,076E+1	5,606E+1	6,647E+1	6,783E+1	5,748E+1	6,320E+1	6,404E+1	5,092E+1
21,636	62,490	0,000	6,015E+1	6,109E+1	6,076E+1	5,606E+1	6,647E+1	6,783E+1	5,748E+1	6,320E+1	6,404E+1	5,092E+1
23,805	62,431	0,000	6,016E+1	6,109E+1	6,077E+1	5,609E+1	6,641E+1	6,771E+1	5,752E+1	6,317E+1	6,398E+1	5,088E+1
23,805	62,431	0,000	6,016E+1	6,109E+1	6,077E+1	5,609E+1	6,641E+1	6,771E+1	5,752E+1	6,317E+1	6,398E+1	5,088E+1
25,972	62,421	0,000	6,013E+1	6,112E+1	6,085E+1	5,610E+1	6,633E+1	6,767E+1	5,751E+1	6,313E+1	6,395E+1	5,081E+1
25,972	62,421	0,000	6,013E+1	6,112E+1	6,085E+1	5,610E+1	6,633E+1	6,767E+1	5,751E+1	6,313E+1	6,395E+1	5,081E+1
25,972	62,421	0,000	6,013E+1	6,112E+1	6,085E+1	5,610E+1	6,633E+1	6,767E+1	5,751E+1	6,313E+1	6,395E+1	5,081E+1
28,138	62,403	0,000	6,015E+1	6,110E+1	6,095E+1	5,611E+1	6,619E+1	6,761E+1	5,752E+1	6,308E+1	6,394E+1	5,083E+1
28,138	62,403	0,000	6,015E+1	6,110E+1	6,095E+1	5,611E+1	6,619E+1	6,761E+1	5,752E+1	6,308E+1	6,394E+1	5,083E+1
30,305	62,374	0,000	6,012E+1	6,110E+1	6,097E+1	5,614E+1	6,617E+1	6,753E+1	5,752E+1	6,305E+1	6,395E+1	5,094E+1
30,305	62,374	0,000	6,012E+1	6,110E+1	6,097E+1	5,614E+1	6,617E+1	6,753E+1	5,752E+1	6,305E+1	6,395E+1	5,094E+1
32,470	62,391	0,000	6,010E+1	6,108E+1	6,096E+1	5,614E+1	6,606E+1	6,747E+1	5,751E+1	6,304E+1	6,393E+1	5,086E+1
32,470	62,391	0,000	6,010E+1	6,108E+1	6,096E+1	5,614E+1	6,606E+1	6,747E+1	5,751E+1	6,304E+1	6,393E+1	5,086E+1
34,637	62,381	0,000	6,009E+1	6,104E+1	6,082E+1	5,613E+1	6,609E+1	6,749E+1	5,748E+1	6,301E+1	6,391E+1	5,087E+1
34,637	62,381	0,000	6,009E+1	6,104E+1	6,082E+1	5,613E+1	6,609E+1	6,749E+1	5,748E+1	6,301E+1	6,391E+1	5,087E+1
36,806	62,435	0,000	6,007E+1	6,105E+1	6,072E+1	5,614E+1	6,613E+1	6,751E+1	5,747E+1	6,301E+1	6,389E+1	5,097E+1
36,806	62,435	0,000	6,007E+1	6,105E+1	6,072E+1	5,614E+1	6,613E+1	6,751E+1	5,747E+1	6,301E+1	6,389E+1	5,097E+1
38,970	62,413	0,000	6,007E+1	6,100E+1	6,073E+1	5,614E+1	6,615E+1	6,754E+1	5,747E+1	6,297E+1	6,388E+1	5,105E+1
38,970	62,413	0,000	6,007E+1	6,100E+1	6,073E+1	5,614E+1	6,615E+1	6,754E+1	5,747E+1	6,297E+1	6,388E+1	5,105E+1
38,970	62,413	0,000	6,007E+1	6,100E+1	6,073E+1	5,614E+1	6,615E+1	6,754E+1	5,747E+1	6,297E+1	6,388E+1	5,105E+1
41,139	62,401	0,000	6,009E+1	6,103E+1	6,081E+1	5,610E+1	6,612E+1	6,747E+1	5,745E+1	6,296E+1	6,385E+1	5,090E+1
41,139	62,401	0,000	6,009E+1	6,103E+1	6,081E+1	5,610E+1	6,612E+1	6,747E+1	5,745E+1	6,296E+1	6,385E+1	5,090E+1
43,306	62,382	0,000	6,010E+1	6,104E+1	6,078E+1	5,612E+1	6,617E+1	6,746E+1	5,745E+1	6,300E+1	6,384E+1	5,093E+1
43,306	62,382	0,000	6,010E+1	6,104E+1	6,078E+1	5,612E+1	6,617E+1	6,746E+1	5,745E+1	6,300E+1	6,384E+1	5,093E+1
45,475	62,337	0,000	6,009E+1	6,105E+1	6,077E+1	5,601E+1	6,610E+1	6,743E+1	5,744E+1	6,303E+1	6,381E+1	5,094E+1
45,475	62,337	0,000	6,009E+1	6,105E+1	6,077E+1	5,601E+1	6,610E+1	6,743E+1	5,744E+1	6,303E+1	6,381E+1	5,094E+1
47,640	62,299	0,000	6,004E+1	6,107E+1	6,072E+1	5,596E+1	6,613E+1	6,740E+1	5,743E+1	6,304E+1	6,383E+1	5,090E+1
47,640	62,299	0,000	6,004E+1	6,107E+1	6,072E+1	5,596E+1	6,613E+1	6,740E+1	5,743E+1	6,304E+1	6,383E+1	5,090E+1
49,804	62,398	0,000	6,000E+1	6,102E+1	6,067E+1	5,599E+1	6,621E+1	6,741E+1	5,741E+1	6,303E+1	6,381E+1	5,101E+1
49,804	62,398	0,000	6,000E+1	6,102E+1	6,067E+1	5,599E+1	6,621E+1	6,741E+1	5,741E+1	6,303E+1	6,381E+1	5,101E+1
51,971	62,339	0,000	6,006E+1	6,104E+1	6,068E+1	5,599E+1	6,620E+1	6,732E+1	5,738E+1	6,298E+1	6,377E+1	5,102E+1
51,971	62,339	0,000	6,006E+1	6,104E+1	6,068E+1	5,599E+1	6,620E+1	6,732E+1	5,738E+1	6,298E+1	6,377E+1	5,102E+1
51,971	62,339	0,000	6,006E+1	6,104E+1	6,068E+1	5,599E+1	6,620E+1	6,732E+1	5,738E+1	6,298E+1	6,377E+1	5,102E+1
54,138	62,305	0,000	6,011E+1	6,108E+1	6,075E+1	5,599E+1	6,609E+1	6,722E+1	5,742E+1	6,301E+1	6,378E+1	5,091E+1
54,138	62,305	0,000	6,011E+1	6,108E+1	6,075E+1	5,599E+1	6,609E+1	6,722E+1	5,742E+1	6,301E+1	6,378E+1	5,091E+1
56,307	62,307	0,000	6,006E+1	6,109E+1	6,075E+1	5,594E+1	6,611E+1	6,719E+1	5,744E+1	6,299E+1	6,380E+1	5,094E+1
56,307	62,307	0,000	6,006E+1	6,109E+1	6,075E+1	5,594E+1	6,611E+1	6,719E+1	5,744E+1	6,299E+1	6,380E+1	5,094E+1
58,470	62,285	0,000	6,005E+1	6,104E+1	6,084E+1	5,603E+1	6,617E+1	6,729E+1	5,742E+1	6,294E+1	6,373E+1	5,096E+1
58,470	62,285	0,000	6,005E+1	6,104E+1	6,084E+1	5,603E+1	6,617E+1	6,729E+1	5,742E+1	6,294E+1	6,373E+1	5,096E+1
60,638	62,326	0,000	6,005E+1	6,104E+1	6,082E+1	5,602E+1	6,625E+1	6,735E+1	5,742E+1	6,293E+1	6,380E+1	5,092E+1
60,638	62,326	0,000	6,005E+1	6,104E+1	6,082E+1	5,602E+1	6,625E+1	6,735E+1	5,742E+1	6,293E+1	6,380E+1	5,092E+1
62,805	62,312	0,000	6,005E+1	6,104E+1	6,085E+1	5,601E+1	6,630E+1	6,741E+1	5,741E+1	6,297E+1	6,384E+1	5,091E+1
62,805	62,312	0,000	6,005E+1	6,104E+1	6,085E+1	5,601E+1	6,630E+1	6,741E+1	5,741E+1	6,297E+1	6,384E+1	5,091E+1
64,970	62,282	0,000	6,003E+1	6,103E+1	6,083E+1	5,597E+1	6,636E+1	6,742E+1	5,740E+1	6,297E+1	6,384E+1	5,097E+1
64,970	62,282	0,000	6,003E+1	6,103E+1	6,083E+1	5,597E+1	6,636E+1	6,742E+1	5,740E+1	6,297E+1	6,384E+1	5,097E+1
64,970	62,282	0,000	6,003E+1	6,103E+1	6,083E+1	5,597E+1	6,636E+1	6,742E+1	5,740E+1	6,297E+1	6,384E+1	5,097E+1
67,139	62,297	0,000	5,995E+1	6,102E+1	6,075E+1	5,594E+1	6,641E+1	6,743E+1	5,741E+1	6,291E+1	6,387E+1	5,098E+1
67,139	62,297	0,000	5,995E+1	6,102E+1	6,075E+1	5,594E+1	6,641E+1	6,743E+1	5,741E+1	6,291E+1	6,387E+1	5,098E+1
69,303	62,278	0,000	5,999E+1	6,099E+1	6,074E+1	5,594E+1	6,650E+1	6,753E+1	5,738E+1	6,294E+1	6,388E+1	5,101E+1
69,303	62,278	0,000	5,999E+1	6,099E+1	6,074E+1	5,594E+1	6,650E+1	6,753E+1	5,738E+1	6,294E+1	6,388E+1	5,101E+1
71,472	62,290	0,000	5,997E+1	6,102E+1	6,070E+1	5,592E+1	6,663E+1	6,767E+1	5,736E+1	6,298E+1	6,386E+1	5,099E+1
71,472	62,290	0,000	5,997E+1	6,102E+1	6,070E+1	5,592E+1	6,663E+1	6,767E+1	5,736E+1	6,298E+1	6,386E+1	5,099E+1
73,637	62,263	0,000	5,998E+1	6,104E+1	6,065E+1	5,590E+1	6,670E+1	6,769E+1	5,734E+1	6,294E+1	6,387E+1	5,108E+1
73,637	62,263	0,000	5,998E+1	6,104E+1	6,065E+1	5,590E+1	6,670E+1	6,769E+1	5,734E+1	6,294E+1	6,387E+1	5,108E+1
75,802	62,278	0,000	5,995E+1	6,099E+1	6,062E+1	5,591E+1	6,676E+1	6,775E+1	5,732E+1	6,287E+1	6,385E+1	5,112E+1
75,802	62,278	0,000	5,995E+1	6,099E+1	6,062E+1	5,591E+1	6,676E+1	6,775E+1	5,732E+1	6,287E+1	6,385E+1	5,112E+1
77,971	62,293	0,000	5,997E+1	6,094E+1	6,045E+1	5,594E+1	6,687E+1	6,782E+1	5,733E+1	6,287E+1	6,385E+1	5,114E+1
77,971	62,293	0,000	5,997E+1	6,094E+1	6,045E+1	5,594E+1	6,687E+1	6,782E+1	5,733E+1	6,287E+1	6,385E+1	5,114E+1
77,971	62,293	0,000	5,997E+1	6,094E+1	6,045E+1	5,594E+1	6,687E+1	6,782E+1	5,733E+1	6,287E+1	6,385E+1	5,114E+1
80,135	62,266	0,000	5,995E+1	6,094E+1	6,038E+1	5,598E+1	6,697E+1	6,784E+1	5,732E+1	6,294E+1	6,383E+1	5,123E+1
80,135	62,266	0,000	5,995E+1	6,094E+1	6,038E+1	5,598E+1	6,697E+1	6,784E+1	5,732E+1	6,294E+1	6,383E+1	5,123E+1
82,304	62,266	0,000	6,003E+1	6,097E+1	6,042E+1	5,591E+1	6,701E+1	6,783E+1	5,733E+1	6,287E+1	6,384E+1	5,116E+1
82,304	62,266	0,000	6,003E+1	6,097E+1	6,042E+1	5,591E+1	6,701E+1	6,783E+1	5,733E+1	6,287E+1	6,384E+1	5,116E+1
84,473	62,325	0,000	6,008E+1	6,101E+1	6,057E+1	5,592E+1	6,696E+1	6,784E+1	5,731E+1	6,284E+1	6,386E+1	5,112E+1
84,473	62,325	0,000	6,008E+1	6,101E+1	6,057E+1	5,592E+1	6,696E+1	6,784E+1	5,731E+1	6,284E+1	6,386E+1	5,112E+1
86,640	62,360	0,000	6,009E+1	6,099E+1	6,059E+1	5,593E+1	6,691E+1	6,777E+1	5,736E+1	6,280E+1	6,389E+1	5,111E+1
86,640	62,360	0,000	6,009E+1	6,099E+1	6,059E+1	5,593E+1	6,691E+1	6,777E+1	5,736E+1	6,280E+1	6,389E+1	5,111E+1
88,805	62,291	0,000	6,006E+1	6,100E+1	6,072E+1	5,585E+1	6,686E+1	6,775E+1	5,738E+1	6,276E+1	6,390E+1	5,097E+1
88,805	62,291	0,000	6,006E+1	6,100E+1	6,072E+1	5,585E+1	6,686E+1	6,775E+1	5,738E+1	6,276E+1	6,390E+1	5,097E+1
90,970	62,266	0,000	6,001E+1	6,096E+1	6,072E+1	5,590E+1	6,689E+1	6,781E+1	5,735E+1	6,275E+1	6,390E+1	5,107E+1
90,970	62,266	0,000	6,001E+1	6,096E+1	6,072E+1	5,590E+1	6,689E+1	6,781E+1	5,735E+1	6,275E+1	6,390E+1	5,107E+1
90,970	62,266	0,000	6,001E+1	6,096E+1	6,072E+1	5,590E+1	6,689E+1	6,781E+1	5,735E+1	6,275E+1	6,390E+1	5,107E+1
93,132	62,265	0,000	6,000E+1	6,092E+1	6,058E+1	5,592E+1	6,694E+1	6,790E+1	5,734E+1	6,273E+1	6,387E+1	5,118E+1
93,132	62,265	0,000	6,000E+1	6,092E+1	6,058E+1	5,592E+1	6,694E+1	6,790E+1	5,734E+1	6,273E+1	6,387E+1	5,118E+1
95,301	62,246	0,000	5,999E+1	6,092E+1	6,064E+1	5,589E+1	6,701E+1	6,795E+1	5,734E+1	6,266E+1	6,385E+1	5,127E+1
95,301	62,246	0,000	5,999E+1	6,092E+1	6,064E+1	5,589E+1	6,701E+1	6,795E+1	5,734E+1	6,266E+1	6,385E+1	5,127E+1
97,470	62,266	0,000	5,997E+1	6,094E+1	6,074E+1	5,598E+1	6,696E+1	6,791E+1	5,736E+1	6,268E+1	6,381E+1	5,141E+1
97,470	62,266	0,000	5,997E+1	6,094E+1	6,074E+1	5,598E+1	6,696E+1	6,791E+1	5,736E+1	6,268E+1	6,381E+1	5,141E+1
99,635	62,246	0,000	6,001E+1	6,096E+1	6,086E+1	5,598E+1	6,700E+1	6,790E+1	5,732E+1	6,270E+1	6,385E+1	5,134E+1
99,635	62,246	0,000	6,001E+1	6,096E+1	6,086E+1	5,598E+1	6,700E+1	6,790E+1	5,732E+1	6,270E+1	6,385E+1	5,134E+1
101,800	62,246	0,000	5,998E+1	6,097E+1	6,088E+1	5,595E+1	6,703E+1	6,796E+1	5,732E+1	6,266E+1	6,385E+1	5,128E+1
101,800	62,246	0,000	5,998E+1	6,097E+1	6,088E+1	5,595E+1	6,703E+1	6,796E+1	5,732E+1	6,266E+1	6,385E+1	5,128E+1
103,968	62,264	0,000	5,997E+1	6,100E+1	6,076E+1	5,600E+1	6,715E+1	6,803E+1	5,735E+1	6,272E+1	6,385E+1	5,136E+1
103,968	62,264	0,000	5,997E+1	6,100E+1	6,076E+1	5,600E+1	6,715E+1	6,803E+1	5,735E+1	6,272E+1	6,385E+1	5,136E+1
103,968	62,264	0,000	5,997E+1	6,100E+1	6,076E+1	5,600E+1	6,715E+1	6,803E+1	5,735E+1	6,272E+1	6,385E+1	5,136E+1
106,131	62,251	0,000	5,993E+1	6,098E+1	6,068E+1	5,601E+1	6,722E+1	6,813E+1	5,735E+1	6,272E+1	6,386E+1	5,143E+1
106,131	62,251	0,000	5,993E+1	6,098E+1	6,068E+1	5,601E+1	6,722E+1	6,813E+1	5,735E+1	6,272E+1	6,386E+1	5,143E+1
108,300	62,174	0,000	5,994E+1	6,094E+1	6,073E+1	5,607E+1	6,726E+1	6,826E+1	5,737E+1	6,271E+1	6,386E+1	5,150E+1
108,300	62,174	0,000	5,994E+1	6,094E+1	6,073E+1	5,607E+1	6,726E+1	6,826E+1	5,737E+1	6,271E+1	6,386E+1	5,150E+1
110,465	62,213	0,000	5,997E+1	6,094E+1	6,066E+1	5,598E+1	6,730E+1	6,828E+1	5,737E+1	6,272E+1	6,384E+1	5,133E+1
110,465	62,213	0,000	5,997E+1	6,094E+1	6,066E+1	5,598E+1	6,730E+1	6,828E+1	5,737E+1	6,272E+1	6,384E+1	5,133E+1
112,634	62,172	0,000	6,005E+1	6,094E+1	6,060E+1	5,602E+1	6,735E+1	6,830E+1	5,737E+1	6,270E+1	6,384E+1	5,142E+1
112,634	62,172	0,000	6,005E+1	6,094E+1	6,060E+1	5,602E+1	6,735E+1	6,830E+1	5,737E+1	6,270E+1	6,384E+1	5,142E+1
114,802	62,260	0,000	6,009E+1	6,097E+1	6,067E+1	5,605E+1	6,733E+1	6,824E+1	5,738E+1	6,276E+1	6,386E+1	5,144E+1
114,802	62,260	0,000	6,009E+1	6,097E+1	6,067E+1	5,605E+1	6,733E+1	6,824E+1	5,738E+1	6,276E+1	6,386E+1	5,144E+1
116,969	62,312	0,000	6,009E+1	6,100E+1	6,076E+1	5,602E+1	6,720E+1	6,822E+1	5,740E+1	6,278E+1	6,389E+1	5,138E+1
116,969	62,312	0,000	6,009E+1	6,100E+1	6,076E+1	5,602E+1	6,720E+1	6,822E+1	5,740E+1	6,278E+1	6,389E+1	5,138E+1
116,969	62,312	0,000	6,009E+1	6,100E+1	6,076E+1	5,602E+1	6,720E+1	6,822E+1	5,740E+1	6,278E+1	6,389E+1	5,138E+1
119,136	62,310	0,000	6,010E+1	6,098E+1	6,076E+1	5,600E+1	6,719E+1	6,827E+1	5,739E+1	6,284E+1	6,385E+1	5,133E+1
119,136	62,310	0,000	6,010E+1	6,098E+1	6,076E+1	5,600E+1	6,719E+1	6,827E+1	5,739E+1	6,284E+1	6,385E+1	5,133E+1
121,303	62,322	0,000	6,010E+1	6,099E+1	6,083E+1	5,599E+1	6,717E+1	6,826E+1	5,737E+1	6,288E+1	6,391E+1	5,143E+1
121,303	62,322	0,000	6,010E+1	6,099E+1	6,083E+1	5,599E+1	6,717E+1	6,826E+1	5,737E+1	6,288E+1	6,391E+1	5,143E+1
123,471	62,319	0,000	6,003E+1	6,095E+1	6,086E+1	5,605E+1	6,722E+1	6,836E+1	5,737E+1	6,290E+1	6,397E+1	5,139E+1
123,471	62,319	0,000	6,003E+1	6,095E+1	6,086E+1	5,605E+1	6,722E+1	6,836E+1	5,737E+1	6,290E+1	6,397E+1	5,139E+1
125,717	62,243	0,000	6,003E+1	6,090E+1	6,085E+1	5,599E+1	6,726E+1	6,837E+1	5,739E+1	6,285E+1	6,399E+1	5,137E+1
125,717	62,243	0,000	6,003E+1	6,090E+1	6,085E+1	5,599E+1	6,726E+1	6,837E+1	5,739E+1	6,285E+1	6,399E+1	5,137E+1
127,957	62,261	0,000	6,001E+1	6,092E+1	6,086E+1	5,594E+1	6,737E+1	6,843E+1	5,739E+1	6,283E+1	6,396E+1	5,118E+1
127,957	62,261	0,000	6,001E+1	6,092E+1	6,086E+1	5,594E+1	6,737E+1	6,843E+1	5,739E+1	6,283E+1	6,396E+1	5,118E+1
127,957	62,261	0,000	6,001E+1	6,092E+1	6,086E+1	5,594E+1	6,737E+1	6,843E+1	5,739E+1	6,283E+1	6,396E+1	5,118E+1
130,198	62,291	0,000	6,002E+1	6,091E+1	6,079E+1	5,594E+1	6,747E+1	6,849E+1	5,740E+1	6,285E+1	6,395E+1	5,130E+1
130,198	62,291	0,000	6,002E+1	6,091E+1	6,079E+1	5,594E+1	6,747E+1	6,849E+1	5,740E+1	6,285E+1	6,395E+1	5,130E+1
132,441	62,350	0,000	6,008E+1	6,095E+1	6,070E+1	5,594E+1	6,748E+1	6,844E+1	5,740E+1	6,285E+1	6,398E+1	5,128E+1
132,441	62,350	0,000	6,008E+1	6,095E+1	6,070E+1	5,594E+1	6,748E+1	6,844E+1	5,740E+1	6,285E+1	6,398E+1	5,128E+1
134,680	62,377	0,000	6,009E+1	6,093E+1	6,067E+1	5,590E+1	6,752E+1	6,848E+1	5,740E+1	6,284E+1	6,399E+1	5,128E+1
134,680	62,377	0,000	6,009E+1	6,093E+1	6,067E+1	5,590E+1	6,752E+1	6,848E+1	5,740E+1	6,284E+1	6,399E+1	5,128E+1
136,923	62,342	0,000	6,013E+1	6,099E+1	6,070E+1	5,598E+1	6,742E+1	6,836E+1	5,741E+1	6,291E+1	6,397E+1	5,136E+1
136,923	62,342	0,000	6,013E+1	6,099E+1	6,070E+1	5,598E+1	6,742E+1	6,836E+1	5,741E+1	6,291E+1	6,397E+1	5,136E+1
136,923	62,342	0,000	6,013E+1	6,099E+1	6,070E+1	5,598E+1	6,742E+1	6,836E+1	5,741E+1	6,291E+1	6,397E+1	5,136E+1
139,164	62,319	0,000	6,014E+1	6,101E+1	6,083E+1	5,596E+1	6,745E+1	6,845E+1	5,744E+1	6,293E+1	6,402E+1	5,126E+1
139,164	62,319	0,000	6,014E+1	6,101E+1	6,083E+1	5,596E+1	6,745E+1	6,845E+1	5,744E+1	6,293E+1	6,402E+1	5,126E+1
141,403	62,275	0,000	6,009E+1	6,099E+1	6,081E+1	5,594E+1	6,751E+1	6,855E+1	5,747E+1	6,293E+1	6,405E+1	5,116E+1
141,403	62,275	0,000	6,009E+1	6,099E+1	6,081E+1	5,594E+1	6,751E+1	6,855E+1	5,747E+1	6,293E+1	6,405E+1	5,116E+1
143,646	62,308	0,000	6,007E+1	6,092E+1	6,077E+1	5,595E+1	6,763E+1	6,869E+1	5,746E+1	6,297E+1	6,408E+1	5,117E+1
143,646	62,308	0,000	6,007E+1	6,092E+1	6,077E+1	5,595E+1	6,763E+1	6,869E+1	5,746E+1	6,297E+1	6,408E+1	5,117E+1
145,886	62,260	0,000	6,006E+1	6,096E+1	6,075E+1	5,589E+1	6,766E+1	6,872E+1	5,745E+1	6,305E+1	6,406E+1	5,112E+1
145,886	62,260	0,000	6,006E+1	6,096E+1	6,075E+1	5,589E+1	6,766E+1	6,872E+1	5,745E+1	6,305E+1	6,406E+1	5,112E+1
145,886	62,260	0,000	6,006E+1	6,096E+1	6,075E+1	5,589E+1	6,766E+1	6,872E+1	5,745E+1	6,305E+1	6,406E+1	5,112E+1
148,053	62,320	0,000	6,010E+1	6,099E+1	6,088E+1	5,586E+1	6,750E+1	6,858E+1	5,745E+1	6,306E+1	6,407E+1	5,114E+1
148,053	62,320	0,000	6,010E+1	6,099E+1	6,088E+1	5,586E+1	6,750E+1	6,858E+1	5,745E+1	6,306E+1	6,407E+1	5,114E+1
150,294	62,301	0,000	6,010E+1	6,097E+1	6,098E+1	5,574E+1	6,749E+1	6,859E+1	5,744E+1	6,308E+1	6,411E+1	5,098E+1
150,294	62,301	0,000	6,010E+1	6,097E+1	6,098E+1	5,574E+1	6,749E+1	6,859E+1	5,744E+1	6,308E+1	6,411E+1	5,098E+1
152,533	62,345	0,000	6,011E+1	6,094E+1	6,101E+1	5,582E+1	6,758E+1	6,859E+1	5,744E+1	6,308E+1	6,413E+1	5,114E+1
152,533	62,345	0,000	6,011E+1	6,094E+1	6,101E+1	5,582E+1	6,758E+1	6,859E+1	5,744E+1	6,308E+1	6,413E+1	5,114E+1
154,776	62,286	0,000	6,020E+1	6,100E+1	6,103E+1	5,586E+1	6,762E+1	6,872E+1	5,746E+1	6,305E+1	6,412E+1	5,110E+1
154,776	62,286	0,000	6,020E+1	6,100E+1	6,103E+1	5,586E+1	6,762E+1	6,872E+1	5,746E+1	6,305E+1	6,412E+1	5,110E+1
157,015	62,399	0,000	6,016E+1	6,099E+1	6,097E+1	5,585E+1	6,769E+1	6,878E+1	5,743E+1	6,310E+1	6,414E+1	5,117E+1
157,015	62,399	0,000	6,016E+1	6,099E+1	6,097E+1	5,585E+1	6,769E+1	6,878E+1	5,743E+1	6,310E+1	6,414E+1	5,117E+1
157,015	62,399	0,000	6,016E+1	6,099E+1	6,097E+1	5,585E+1	6,769E+1	6,878E+1	5,743E+1	6,310E+1	6,414E+1	5,117E+1
159,255	62,340	0,000	6,021E+1	6,100E+1	6,091E+1	5,589E+1	6,769E+1	6,876E+1	5,744E+1	6,315E+1	6,413E+1	5,124E+1
159,255	62,340	0,000	6,021E+1	6,100E+1	6,091E+1	5,589E+1	6,769E+1	6,876E+1	5,744E+1	6,315E+1	6,413E+1	5,124E+1
161,500	62,353	0,000	6,019E+1	6,101E+1	6,100E+1	5,580E+1	6,781E+1	6,881E+1	5,744E+1	6,323E+1	6,415E+1	5,106E+1
161,500	62,353	0,000	6,019E+1	6,101E+1	6,100E+1	5,580E+1	6,781E+1	6,881E+1	5,744E+1	6,323E+1	6,415E+1	5,106E+1
163,743	62,355	0,000	6,025E+1	6,097E+1	6,098E+1	5,583E+1	6,776E+1	6,884E+1	5,748E+1	6,319E+1	6,419E+1	5,108E+1
163,743	62,355	0,000	6,025E+1	6,097E+1	6,098E+1	5,583E+1	6,776E+1	6,884E+1	5,748E+1	6,319E+1	6,419E+1	5,108E+1
165,982	62,416	0,000	6,027E+1	6,103E+1	6,093E+1	5,586E+1	6,782E+1	6,883E+1	5,744E+1	6,321E+1	6,416E+1	5,108E+1
165,982	62,416	0,000	6,027E+1	6,103E+1	6,093E+1	5,586E+1	6,782E+1	6,883E+1	5,744E+1	6,321E+1	6,416E+1	5,108E+1
165,982	62,416	0,000	6,027E+1	6,103E+1	6,093E+1	5,586E+1	6,782E+1	6,883E+1	5,744E+1	6,321E+1	6,416E+1	5,108E+1
168,223	62,350	0,000	6,033E+1	6,103E+1	6,086E+1	5,587E+1	6,791E+1	6,894E+1	5,746E+1	6,318E+1	6,416E+1	5,113E+1
168,223	62,350	0,000	6,033E+1	6,103E+1	6,086E+1	5,587E+1	6,791E+1	6,894E+1	5,746E+1	6,318E+1	6,416E+1	5,113E+1
170,464	62,418	0,000	6,027E+1	6,103E+1	6,078E+1	5,585E+1	6,799E+1	6,895E+1	5,747E+1	6,317E+1	6,419E+1	5,106E+1
170,464	62,418	0,000	6,027E+1	6,103E+1	6,078E+1	5,585E+1	6,799E+1	6,895E+1	5,747E+1	6,317E+1	6,419E+1	5,106E+1
172,703	62,329	0,000	6,023E+1	6,098E+1	6,077E+1	5,585E+1	6,807E+1	6,890E+1	5,748E+1	6,308E+1	6,419E+1	5,095E+1
172,703	62,329	0,000	6,023E+1	6,098E+1	6,077E+1	5,585E+1	6,807E+1	6,890E+1	5,748E+1	6,308E+1	6,419E+1	5,095E+1
174,872	62,336	0,000	6,026E+1	6,101E+1	6,077E+1	5,585E+1	6,803E+1	6,892E+1	5,750E+1	6,301E+1	6,419E+1	5,095E+1
174,872	62,336	0,000	6,026E+1	6,101E+1	6,077E+1	5,585E+1	6,803E+1	6,892E+1	5,750E+1	6,301E+1	6,419E+1	5,095E+1
177,039	62,373	0,000	6,028E+1	6,097E+1	6,090E+1	5,582E+1	6,802E+1	6,901E+1	5,759E+1	6,310E+1	6,420E+1	5,101E+1
177,039	62,373	0,000	6,028E+1	6,097E+1	6,090E+1	5,582E+1	6,802E+1	6,901E+1	5,759E+1	6,310E+1	6,420E+1	5,101E+1
177,039	62,373	0,000	6,028E+1	6,097E+1	6,090E+1	5,582E+1	6,802E+1	6,901E+1	5,759E+1	6,310E+1	6,420E+1	5,101E+1
179,205	62,435	0,000	6,029E+1	6,097E+1	6,091E+1	5,583E+1	6,806E+1	6,898E+1	5,751E+1	6,316E+1	6,427E+1	5,093E+1
179,205	62,435	0,000	6,029E+1	6,097E+1	6,091E+1	5,583E+1	6,806E+1	6,898E+1	5,751E+1	6,316E+1	6,427E+1	5,093E+1
181,372	62,418	0,000	6,028E+1	6,104E+1	6,084E+1	5,584E+1	6,806E+1	6,905E+1	5,750E+1	6,321E+1	6,430E+1	5,095E+1
181,372	62,418	0,000	6,028E+1	6,104E+1	6,084E+1	5,584E+1	6,806E+1	6,905E+1	5,750E+1	6,321E+1	6,430E+1	5,095E+1
183,539	62,470	0,000	6,029E+1	6,095E+1	6,080E+1	5,586E+1	6,809E+1	6,905E+1	5,750E+1	6,319E+1	6,429E+1	5,104E+1
183,539	62,470	0,000	6,029E+1	6,095E+1	6,080E+1	5,586E+1	6,809E+1	6,905E+1	5,750E+1	6,319E+1	6,429E+1	5,104E+1
185,706	62,455	0,000	6,031E+1	6,097E+1	6,083E+1	5,585E+1	6,805E+1	6,906E+1	5,749E+1	6,318E+1	6,430E+1	5,109E+1
185,706	62,455	0,000	6,031E+1	6,097E+1	6,083E+1	5,585E+1	6,805E+1	6,906E+1	5,749E+1	6,318E+1	6,430E+1	5,109E+1
187,873	62,473	0,000	6,031E+1	6,101E+1	6,087E+1	5,578E+1	6,808E+1	6,913E+1	5,749E+1	6,315E+1	6,428E+1	5,103E+1
187,873	62,473	0,000	6,031E+1	6,101E+1	6,087E+1	5,578E+1	6,808E+1	6,913E+1	5,749E+1	6,315E+1	6,428E+1	5,103E+1
190,039	62,469	0,000	6,033E+1	6,099E+1	6,083E+1	5,586E+1	6,810E+1	6,919E+1	5,751E+1	6,325E+1	6,427E+1	5,125E+1
190,039	62,469	0,000	6,033E+1	6,099E+1	6,083E+1	5,586E+1	6,810E+1	6,919E+1	5,751E+1	6,325E+1	6,427E+1	5,125E+1
190,039	62,469	0,000	6,033E+1	6,099E+1	6,083E+1	5,586E+1	6,810E+1	6,919E+1	5,751E+1	6,325E+1	6,427E+1	5,125E+1
192,206	62,474	0,000	6,039E+1	6,107E+1	6,094E+1	5,585E+1	6,792E+1	6,908E+1	5,750E+1	6,328E+1	6,429E+1	5,116E+1
192,206	62,474	0,000	6,039E+1	6,107E+1	6,094E+1	5,585E+1	6,792E+1	6,908E+1	5,750E+1	6,328E+1	6,429E+1	5,116E+1
194,371	62,477	0,000	6,037E+1	6,105E+1	6,100E+1	5,581E+1	6,777E+1	6,900E+1	5,753E+1	6,325E+1	6,430E+1	5,106E+1
194,371	62,477	0,000	6,037E+1	6,105E+1	6,100E+1	5,581E+1	6,777E+1	6,900E+1	5,753E+1	6,325E+1	6,430E+1	5,106E+1
196,534	62,509	0,000	6,041E+1	6,104E+1	6,106E+1	5,582E+1	6,782E+1	6,910E+1	5,757E+1	6,325E+1	6,432E+1	5,117E+1
196,534	62,509	0,000	6,041E+1	6,104E+1	6,106E+1	5,582E+1	6,782E+1	6,910E+1	5,757E+1	6,325E+1	6,432E+1	5,117E+1
198,701	62,472	0,000	6,041E+1	6,104E+1	6,105E+1	5,592E+1	6,794E+1	6,916E+1	5,761E+1	6,322E+1	6,433E+1	5,138E+1
198,701	62,472	0,000	6,041E+1	6,104E+1	6,105E+1	5,592E+1	6,794E+1	6,916E+1	5,761E+1	6,322E+1	6,433E+1	5,138E+1
200,866	62,518	0,000	6,039E+1	6,105E+1	6,103E+1	5,598E+1	6,798E+1	6,918E+1	5,763E+1	6,320E+1	6,436E+1	5,147E+1
200,866	62,518	0,000	6,039E+1	6,105E+1	6,103E+1	5,598E+1	6,798E+1	6,918E+1	5,763E+1	6,320E+1	6,436E+1	5,147E+1
203,032	62,550	0,000	6,044E+1	6,108E+1	6,097E+1	5,595E+1	6,798E+1	6,916E+1	5,769E+1	6,315E+1	6,434E+1	5,146E+1
203,032	62,550	0,000	6,044E+1	6,108E+1	6,097E+1	5,595E+1	6,798E+1	6,916E+1	5,769E+1	6,315E+1	6,434E+1	5,146E+1
203,032	62,550	0,000	6,044E+1	6,108E+1	6,097E+1	5,595E+1	6,798E+1	6,916E+1	5,769E+1	6,315E+1	6,434E+1	5,146E+1
205,199	62,565	0,000	6,048E+1	6,105E+1	6,100E+1	5,600E+1	6,809E+1	6,915E+1	5,770E+1	6,315E+1	6,435E+1	5,155E+1
205,199	62,565	0,000	6,048E+1	6,105E+1	6,100E+1	5,600E+1	6,809E+1	6,915E+1	5,770E+1	6,315E+1	6,435E+1	5,155E+1
207,364	62,508	0,000	6,044E+1	6,106E+1	6,111E+1	5,605E+1	6,807E+1	6,915E+1	5,773E+1	6,317E+1	6,440E+1	5,144E+1
207,364	62,508	0,000	6,044E+1	6,106E+1	6,111E+1	5,605E+1	6,807E+1	6,915E+1	5,773E+1	6,317E+1	6,440E+1	5,144E+1
209,531	62,565	0,000	6,048E+1	6,107E+1	6,107E+1	5,596E+1	6,809E+1	6,916E+1	5,776E+1	6,311E+1	6,440E+1	5,132E+1
209,531	62,565	0,000	6,048E+1	6,107E+1	6,107E+1	5,596E+1	6,809E+1	6,916E+1	5,776E+1	6,311E+1	6,440E+1	5,132E+1
211,772	62,462	0,000	6,048E+1	6,105E+1	6,099E+1	5,592E+1	6,816E+1	6,908E+1	5,775E+1	6,306E+1	6,436E+1	5,119E+1
211,772	62,462	0,000	6,048E+1	6,105E+1	6,099E+1	5,592E+1	6,816E+1	6,908E+1	5,775E+1	6,306E+1	6,436E+1	5,119E+1
214,013	62,617	0,000	6,054E+1	6,110E+1	6,098E+1	5,588E+1	6,821E+1	6,917E+1	5,774E+1	6,305E+1	6,439E+1	5,124E+1
214,013	62,617	0,000	6,054E+1	6,110E+1	6,098E+1	5,588E+1	6,821E+1	6,917E+1	5,774E+1	6,305E+1	6,439E+1	5,124E+1
214,013	62,617	0,000	6,054E+1	6,110E+1	6,098E+1	5,588E+1	6,821E+1	6,917E+1	5,774E+1	6,305E+1	6,439E+1	5,124E+1
216,254	62,538	0,000	6,054E+1	6,110E+1	6,093E+1	5,591E+1	6,832E+1	6,932E+1	5,773E+1	6,317E+1	6,441E+1	5,130E+1
216,254	62,538	0,000	6,054E+1	6,110E+1	6,093E+1	5,591E+1	6,832E+1	6,932E+1	5,773E+1	6,317E+1	6,441E+1	5,130E+1
218,493	62,619	0,000	6,052E+1	6,102E+1	6,084E+1	5,597E+1	6,837E+1	6,936E+1	5,775E+1	6,317E+1	6,440E+1	5,136E+1
218,493	62,619	0,000	6,052E+1	6,102E+1	6,084E+1	5,597E+1	6,837E+1	6,936E+1	5,775E+1	6,317E+1	6,440E+1	5,136E+1
220,732	62,514	0,000	6,050E+1	6,108E+1	6,082E+1	5,595E+1	6,840E+1	6,941E+1	5,777E+1	6,323E+1	6,440E+1	5,138E+1
220,732	62,514	0,000	6,050E+1	6,108E+1	6,082E+1	5,595E+1	6,840E+1	6,941E+1	5,777E+1	6,323E+1	6,440E+1	5,138E+1
222,974	62,568	0,000	6,044E+1	6,106E+1	6,080E+1	5,596E+1	6,846E+1	6,948E+1	5,776E+1	6,327E+1	6,444E+1	5,143E+1
222,974	62,568	0,000	6,044E+1	6,106E+1	6,080E+1	5,596E+1	6,846E+1	6,948E+1	5,776E+1	6,327E+1	6,444E+1	5,143E+1
222,974	62,568	0,000	6,044E+1	6,106E+1	6,080E+1	5,596E+1	6,846E+1	6,948E+1	5,776E+1	6,327E+1	6,444E+1	5,143E+1
225,217	62,524	0,000	6,050E+1	6,105E+1	6,085E+1	5,608E+1	6,834E+1	6,945E+1	5,780E+1	6,335E+1	6,441E+1	5,159E+1
225,217	62,524	0,000	6,050E+1	6,105E+1	6,085E+1	5,608E+1	6,834E+1	6,945E+1	5,780E+1	6,335E+1	6,441E+1	5,159E+1
227,458	62,642	0,000	6,048E+1	6,109E+1	6,089E+1	5,606E+1	6,833E+1	6,939E+1	5,777E+1	6,330E+1	6,437E+1	5,152E+1
227,458	62,642	0,000	6,048E+1	6,109E+1	6,089E+1	5,606E+1	6,833E+1	6,939E+1	5,777E+1	6,330E+1	6,437E+1	5,152E+1
229,699	62,548	0,000	6,049E+1	6,108E+1	6,101E+1	5,610E+1	6,808E+1	6,924E+1	5,783E+1	6,331E+1	6,438E+1	5,156E+1
