t	PC(E)	PL(E)	PC(T)	PL(T)	Vel
0,000	0,000	0,000	0,000E+0	0,000E+0	0,000E+0
0,002	1,010	0,000	1,010E+0	1,010E+0	0,000E+0
1,003	1,050	0,000	1,050E+0	1,050E+0	0,000E+0
2,003	0,950	0,000	1,050E+0	1,050E+0	0,000E+0
3,004	0,800	0,000	8,000E-1	8,000E-1	0,000E+0
4,004	1,060	0,000	8,000E-1	8,000E-1	0,000E+0
5,004	1,500	0,000	1,060E+0	7,200E-5	0,000E+0
6,003	1,500	0,000	1,500E+0	1,500E+0	0,000E+0
7,003	1,010	0,000	1,010E+0	1,010E+0	0,000E+0
8,004	1,040	0,000	1,040E+0	1,040E+0	0,000E+0
9,005	1,150	0,000	1,150E+0	1,150E+0	0,000E+0
10,005	1,000	0,000	1,000E+0	1,000E+0	0,000E+0
11,005	0,930	0,000	1,028E+0	1,028E+0	0,000E+0
12,005	0,930	0,000	9,300E-1	9,300E-1	0,000E+0
13,005	1,080	0,000	1,080E+0	1,080E+0	0,000E+0
14,005	1,210	0,000	1,210E+0	1,210E+0	0,000E+0
15,005	1,370	0,000	1,370E+0	1,370E+0	0,000E+0
16,005	0,900	0,000	9,000E-1	9,000E-1	0,000E+0
17,005	0,990	0,000	9,900E-1	9,900E-1	0,000E+0
18,006	1,180	0,000	9,900E-1	9,900E-1	0,000E+0
19,006	1,090	0,000	1,180E+0	1,180E+0	0,000E+0
20,006	1,210	0,000	1,090E+0	1,090E+0	0,000E+0
21,006	1,270	0,000	1,210E+0	1,210E+0	0,000E+0
22,006	1,270	0,000	1,270E+0	7,200E-5	0,000E+0
23,006	0,820	0,000	8,200E-1	8,200E-1	0,000E+0
24,005	1,110	0,000	1,110E+0	1,110E+0	0,000E+0
25,007	1,100	0,000	1,100E+0	1,100E+0	0,000E+0
26,007	1,070	0,000	1,070E+0	1,070E+0	0,000E+0
27,007	1,180	0,000	1,180E+0	1,180E+0	0,000E+0
28,008	1,070	0,000	1,105E+0	1,105E+0	0,000E+0
29,008	1,070	0,000	1,070E+0	1,070E+0	0,000E+0
30,008	1,070	0,000	1,070E+0	1,070E+0	0,000E+0
31,008	1,060	0,000	1,150E+0	1,150E+0	0,000E+0
32,008	1,060	0,000	1,060E+0	1,060E+0	0,000E+0
33,009	1,120	0,000	1,120E+0	1,120E+0	0,000E+0
34,009	1,290	0,000	1,135E+0	1,135E+0	0,000E+0
35,009	0,890	0,000	1,290E+0	1,290E+0	0,000E+0
36,009	1,080	0,000	8,900E-1	8,900E-1	0,000E+0
37,010	1,170	0,000	1,080E+0	1,080E+0	0,000E+0
38,010	1,040	0,000	1,170E+0	1,170E+0	0,000E+0
39,009	1,040	0,000	1,040E+0	1,040E+0	0,000E+0
40,010	1,090	0,000	1,090E+0	1,090E+0	0,000E+0
41,010	1,100	0,000	1,090E+0	1,090E+0	0,000E+0
42,010	1,140	0,000	1,100E+0	1,100E+0	3,000E+3
43,010	1,240	0,000	1,140E+0	1,140E+0	3,000E+3
44,011	2,430	0,000	1,240E+0	1,240E+0	3,000E+3
45,011	14,580	11,370	2,430E+0	2,274E+0	3,000E+3
46,011	14,580	11,370	1,458E+1	1,458E+1	3,000E+3
47,011	81,530	47,150	1,458E+1	1,458E+1	3,000E+3
48,011	21,140	17,170	2,114E+1	2,114E+1	3,000E+3
49,011	21,190	18,280	2,119E+1	2,119E+1	3,000E+3
50,011	22,080	18,210	2,119E+1	2,119E+1	3,000E+3
51,010	21,690	18,090	3,341E+1	3,341E+1	3,000E+3
52,011	21,690	18,090	2,169E+1	2,169E+1	3,000E+3
53,012	21,250	17,850	2,125E+1	2,125E+1	3,000E+3
54,012	20,480	17,910	2,048E+1	2,048E+1	3,000E+3
55,013	39,510	35,870	3,951E+1	3,951E+1	3,000E+3
56,013	57,080	52,180	5,708E+1	5,708E+1	3,000E+3
57,013	56,340	51,830	3,900E+1	3,900E+1	3,000E+3
58,014	56,340	51,830	5,634E+1	5,634E+1	3,000E+3
59,014	56,790	51,590	5,679E+1	5,679E+1	3,000E+3
60,014	55,640	51,500	5,564E+1	5,564E+1	3,000E+3
61,015	55,960	51,460	5,596E+1	5,596E+1	3,000E+3
62,016	55,800	51,460	5,580E+1	5,580E+1	3,000E+3
63,017	55,670	51,370	5,567E+1	5,567E+1	3,000E+3
64,017	56,020	51,310	5,567E+1	5,567E+1	3,000E+3
65,017	55,610	51,200	5,602E+1	5,602E+1	3,000E+3
66,017	55,720	51,200	5,561E+1	5,561E+1	3,000E+3
67,017	55,550	51,080	5,572E+1	5,572E+1	3,000E+3
68,017	54,700	51,110	5,555E+1	5,121E+1	3,000E+3
69,017	54,700	51,110	5,470E+1	5,470E+1	3,000E+3
70,017	55,450	51,040	5,470E+1	5,470E+1	3,000E+3
71,016	55,460	51,040	5,545E+1	5,545E+1	3,000E+3
72,018	55,130	51,020	5,546E+1	5,546E+1	3,000E+3
73,019	55,530	51,070	5,553E+1	5,553E+1	3,000E+3
74,019	55,590	51,000	5,553E+1	5,109E+1	3,000E+3
75,020	55,590	51,000	5,559E+1	5,559E+1	3,000E+3
76,021	55,420	50,970	5,542E+1	5,542E+1	3,000E+3
77,021	55,430	51,030	5,543E+1	5,543E+1	3,000E+3
78,021	55,260	50,850	5,526E+1	5,526E+1	3,000E+3
79,021	55,400	50,950	5,540E+1	5,540E+1	3,000E+3
80,021	55,540	50,980	5,557E+1	5,557E+1	3,000E+3
81,022	55,540	50,980	5,554E+1	5,554E+1	3,000E+3
82,022	55,330	50,930	5,533E+1	5,533E+1	3,000E+3
83,022	55,310	50,870	5,531E+1	5,531E+1	3,000E+3
84,022	54,950	50,810	5,495E+1	5,495E+1	3,000E+3
85,023	55,200	50,950	5,520E+1	5,520E+1	3,000E+3
86,024	55,430	50,880	5,525E+1	5,525E+1	3,000E+3
87,024	55,430	50,880	5,543E+1	5,543E+1	3,000E+3
88,024	55,310	50,870	5,531E+1	5,531E+1	3,000E+3
89,024	55,110	50,800	5,511E+1	5,511E+1	3,000E+3
90,024	55,390	50,850	5,539E+1	5,539E+1	3,000E+3
91,024	55,220	50,780	5,522E+1	5,522E+1	3,000E+3
92,024	55,150	50,930	5,535E+1	5,535E+1	3,000E+3
93,024	55,150	50,930	5,515E+1	5,515E+1	3,000E+3
94,024	335,980	360,190	3,360E+2	3,360E+2	3,000E+3
95,024	355,400	398,790	3,554E+2	3,554E+2	3,000E+3
96,024	356,690	402,250	3,567E+2	3,567E+2	3,000E+3
97,024	356,860	402,610	3,569E+2	3,569E+2	3,000E+3
98,024	355,890	401,950	3,522E+2	3,522E+2	3,000E+3
99,025	353,570	402,480	3,559E+2	3,559E+2	3,000E+3
100,026	353,570	402,480	3,536E+2	3,536E+2	3,000E+3
101,026	345,420	402,660	3,454E+2	3,454E+2	3,000E+3
102,027	333,810	402,770	3,337E+2	3,337E+2	3,000E+3
103,027	343,420	401,810	3,338E+2	3,338E+2	3,000E+3
104,027	343,250	402,240	3,434E+2	3,434E+2	3,000E+3
106,028	343,250	402,240	3,432E+2	3,432E+2	3,000E+3
106,028	343,210	402,170	3,432E+2	3,432E+2	3,000E+3
107,029	342,590	402,350	3,417E+2	3,417E+2	3,000E+3
108,029	347,870	402,420	3,426E+2	3,426E+2	3,000E+3
109,029	356,870	401,830	3,479E+2	3,479E+2	3,000E+3
110,029	356,870	401,830	3,569E+2	3,569E+2	3,000E+3
111,030	356,210	401,960	3,562E+2	3,562E+2	3,000E+3
112,030	354,370	402,530	3,536E+2	3,536E+2	3,000E+3
113,031	355,440	402,500	3,544E+2	3,544E+2	3,000E+3
114,032	354,940	403,030	3,554E+2	3,554E+2	3,000E+3
115,032	354,940	403,030	3,549E+2	3,549E+2	3,000E+3
116,034	355,350	402,900	3,554E+2	3,554E+2	3,000E+3
117,034	357,150	403,210	3,566E+2	3,566E+2	3,000E+3
118,034	357,990	403,600	3,571E+2	3,571E+2	3,000E+3
119,034	357,990	403,600	3,580E+2	3,580E+2	3,000E+3
120,034	358,230	402,680	3,582E+2	3,582E+2	3,000E+3
121,034	357,140	403,570	3,575E+2	3,575E+2	3,000E+3
122,035	357,440	403,600	3,571E+2	3,571E+2	3,000E+3
123,034	357,930	404,250	3,574E+2	3,574E+2	3,000E+3
124,035	357,930	404,250	3,579E+2	3,579E+2	3,000E+3
125,035	357,920	403,550	3,583E+2	3,583E+2	3,000E+3
126,036	357,330	404,210	3,579E+2	3,579E+2	3,000E+3
127,035	358,520	404,040	3,573E+2	3,573E+2	3,000E+3
128,036	358,520	404,040	3,585E+2	3,585E+2	3,000E+3
129,036	359,290	403,960	3,593E+2	3,593E+2	3,000E+3
130,036	358,170	403,310	3,593E+2	3,593E+2	3,000E+3
131,037	200,160	203,030	2,002E+2	2,002E+2	3,000E+3
132,037	113,810	108,050	1,138E+2	1,138E+2	3,000E+3
133,038	98,290	92,880	9,926E+1	9,926E+1	3,000E+3
134,039	98,290	92,880	9,829E+1	9,829E+1	3,000E+3
135,038	98,830	92,990	9,883E+1	9,883E+1	3,000E+3
136,038	98,330	93,010	9,833E+1	9,833E+1	3,000E+3
137,040	98,060	92,970	9,806E+1	9,806E+1	3,000E+3
138,040	98,770	93,010	9,877E+1	9,877E+1	3,000E+3
139,040	98,760	93,110	9,889E+1	9,889E+1	3,000E+3
140,040	98,520	93,080	9,876E+1	9,876E+1	3,000E+3
141,040	98,690	93,100	9,852E+1	9,852E+1	3,000E+3
142,041	98,400	93,040	9,869E+1	9,869E+1	3,000E+3
143,042	98,400	93,040	9,840E+1	9,840E+1	3,000E+3
144,043	38,890	34,700	3,889E+1	3,889E+1	3,000E+3
145,044	33,330	29,970	3,333E+1	3,333E+1	3,000E+3
146,044	105,680	98,960	1,057E+2	1,057E+2	3,000E+3
147,045	251,500	256,640	2,515E+2	2,515E+2	3,000E+3
148,046	339,860	369,650	1,542E+2	1,542E+2	3,000E+3
149,047	352,850	395,240	3,399E+2	3,399E+2	3,000E+3
150,047	354,050	395,480	3,529E+2	3,529E+2	3,000E+3
151,047	354,050	395,480	3,540E+2	3,540E+2	3,000E+3
152,048	352,750	396,050	3,528E+2	3,528E+2	3,000E+3
153,048	355,260	395,450	3,531E+2	3,531E+2	3,000E+3
154,048	355,280	394,890	3,553E+2	3,553E+2	3,000E+3
155,048	355,280	394,890	3,553E+2	3,553E+2	3,000E+3
156,048	355,990	394,960	3,560E+2	3,560E+2	3,000E+3
157,048	354,390	395,640	3,560E+2	3,560E+2	3,000E+3
158,048	10,370	6,680	1,903E+2	1,903E+2	3,000E+3
159,047	10,370	6,680	1,037E+1	1,037E+1	3,000E+3
160,047	22,070	18,470	2,207E+1	2,207E+1	3,000E+3
161,048	21,340	17,640	2,134E+1	2,134E+1	3,000E+3
162,048	21,190	17,110	2,119E+1	2,119E+1	3,000E+3
163,050	20,600	17,050	2,060E+1	2,060E+1	3,000E+3
164,050	21,310	17,200	2,117E+1	2,117E+1	3,000E+3
165,050	21,310	17,200	2,131E+1	2,131E+1	3,000E+3
166,050	20,920	17,000	2,092E+1	2,092E+1	3,000E+3
167,051	20,580	17,130	2,037E+1	2,037E+1	3,000E+3
168,051	20,930	17,210	2,058E+1	2,058E+1	3,000E+3
169,051	21,010	17,020	2,093E+1	1,711E+1	3,000E+3
170,051	21,010	17,020	2,101E+1	2,101E+1	3,000E+3
171,051	21,240	17,080	2,101E+1	2,101E+1	3,000E+3
172,052	20,610	17,080	2,124E+1	2,124E+1	3,000E+3
173,053	21,400	17,130	2,140E+1	2,140E+1	3,000E+3
174,053	20,490	17,110	2,049E+1	2,049E+1	3,000E+3
175,053	20,690	17,110	2,049E+1	1,711E+1	3,000E+3
176,053	20,690	17,110	2,069E+1	2,069E+1	3,000E+3
177,053	21,730	17,080	2,173E+1	2,173E+1	3,000E+3
178,053	20,250	17,080	2,025E+1	2,025E+1	3,000E+3
179,054	20,210	17,100	2,021E+1	2,021E+1	3,000E+3
180,054	20,940	17,130	2,094E+1	2,094E+1	3,000E+3
181,055	21,540	17,090	2,079E+1	2,079E+1	3,000E+3
182,055	21,540	17,090	2,154E+1	2,154E+1	3,000E+3
183,055	20,780	17,180	2,078E+1	2,078E+1	3,000E+3
184,056	20,480	17,070	2,048E+1	2,048E+1	3,000E+3
185,057	21,230	17,180	2,123E+1	2,123E+1	3,000E+3
186,057	20,350	17,220	2,035E+1	2,035E+1	3,000E+3
187,057	20,110	17,060	2,011E+1	2,011E+1	3,000E+3
188,057	20,110	17,060	2,011E+1	2,011E+1	3,000E+3
189,058	20,120	17,180	2,075E+1	2,075E+1	3,000E+3
190,058	20,360	17,090	2,012E+1	2,012E+1	3,000E+3
191,057	20,960	17,150	2,036E+1	2,036E+1	3,000E+3
192,058	20,510	17,150	2,096E+1	1,716E+1	3,000E+3
193,058	20,510	17,150	2,051E+1	2,051E+1	3,000E+3
194,058	20,650	17,240	2,051E+1	2,051E+1	3,000E+3
195,058	23,890	20,390	2,065E+1	2,065E+1	3,000E+3
196,058	24,510	20,680	2,389E+1	2,389E+1	3,000E+3
197,058	245,920	246,470	2,451E+1	2,451E+1	3,000E+3
198,058	340,480	369,980	2,459E+2	1,350E+2	3,000E+3
199,058	340,480	369,980	3,405E+2	3,405E+2	3,000E+3
200,058	359,110	403,410	3,405E+2	3,405E+2	3,000E+3
201,058	357,880	402,730	3,591E+2	3,591E+2	3,000E+3
202,058	357,480	402,870	3,579E+2	3,579E+2	3,000E+3
203,058	357,890	402,500	3,575E+2	3,575E+2	3,000E+3
204,059	357,270	402,880	3,579E+2	3,579E+2	3,000E+3
205,059	356,580	402,490	3,573E+2	3,573E+2	3,000E+3
206,060	354,940	401,180	3,566E+2	3,566E+2	3,000E+3
207,059	354,940	402,070	3,549E+2	3,549E+2	3,000E+3
208,061	354,990	402,310	3,549E+2	3,549E+2	3,000E+3
209,062	355,510	402,230	3,550E+2	3,550E+2	3,000E+3
210,063	355,390	402,820	3,555E+2	3,555E+2	3,000E+3
211,064	355,470	402,470	3,554E+2	3,554E+2	3,000E+3
212,064	357,230	402,710	3,572E+2	3,572E+2	3,000E+3
213,065	356,660	403,280	3,567E+2	3,567E+2	3,000E+3
214,065	356,390	402,460	3,567E+2	3,567E+2	3,000E+3
215,065	357,190	402,640	3,564E+2	3,564E+2	3,000E+3
216,066	193,040	202,260	3,572E+2	3,572E+2	3,000E+3
217,066	65,040	61,600	6,504E+1	6,504E+1	3,000E+3
218,066	30,000	25,910	6,504E+1	6,504E+1	3,000E+3
219,066	39,200	34,430	3,000E+1	3,000E+1	3,000E+3
220,066	38,880	34,760	3,920E+1	3,920E+1	3,000E+3
221,067	38,260	34,860	3,888E+1	3,888E+1	3,000E+3
222,067	38,240	34,910	3,826E+1	3,300E+1	3,000E+3
223,067	38,240	34,910	3,824E+1	3,824E+1	3,000E+3
224,067	39,100	34,950	3,824E+1	3,824E+1	3,000E+3
225,068	35,260	30,810	3,910E+1	3,910E+1	3,000E+3
226,067	19,550	16,350	1,955E+1	1,955E+1	3,000E+3
227,068	21,100	16,960	1,955E+1	1,955E+1	3,000E+3
228,069	21,050	17,060	2,110E+1	2,323E+1	3,000E+3
229,069	21,050	17,060	2,105E+1	2,105E+1	3,000E+3
