Time [s]	I_Fonte[A]	I_SP[A]	V_Fonte[V]	V_SP[V]
0,000	0,000	0,150	0,000E+0	1,500E+1
0,003	0,000	0,150	3,000E-1	1,500E+1
0,204	0,000	0,150	3,000E-1	1,500E+1
0,404	0,000	0,150	3,000E-1	1,500E+1
0,604	0,000	0,150	3,000E-1	1,500E+1
0,806	0,000	0,150	3,000E-1	1,500E+1
1,007	0,000	0,150	3,000E-1	1,500E+1
1,207	0,000	0,150	3,000E-1	1,500E+1
1,407	0,000	0,150	3,000E-1	1,500E+1
1,607	0,000	0,150	3,000E-1	1,500E+1
1,809	0,000	0,150	3,000E-1	1,500E+1
2,008	0,000	0,150	3,000E-1	1,500E+1
2,209	0,000	0,150	3,000E-1	1,500E+1
2,410	0,000	0,150	3,000E-1	1,500E+1
2,609	0,000	0,150	3,000E-1	1,500E+1
2,810	0,000	0,150	3,000E-1	1,500E+1
3,012	0,000	0,150	3,000E-1	1,500E+1
3,212	0,000	0,150	3,000E-1	1,500E+1
3,413	0,000	0,150	3,000E-1	1,500E+1
3,614	0,000	0,150	3,000E-1	1,500E+1
3,815	0,000	0,150	3,000E-1	1,500E+1
4,016	0,000	0,150	3,000E-1	1,500E+1
4,217	0,000	0,150	3,000E-1	1,500E+1
4,416	0,000	0,150	3,000E-1	1,500E+1
4,616	0,000	0,150	3,000E-1	1,500E+1
4,817	0,000	0,150	3,000E-1	1,500E+1
5,016	0,000	0,150	3,000E-1	1,500E+1
5,217	0,000	0,150	3,000E-1	1,500E+1
5,418	0,000	0,150	3,000E-1	1,500E+1
5,618	0,000	0,150	3,000E-1	1,500E+1
5,817	0,000	0,150	3,000E-1	1,500E+1
6,018	0,000	0,150	3,000E-1	1,500E+1
6,218	0,000	0,150	3,000E-1	1,500E+1
6,419	0,000	0,150	3,000E-1	1,500E+1
6,618	0,000	0,150	3,000E-1	1,500E+1
6,819	0,089	0,150	3,000E-1	1,500E+1
7,020	0,089	0,150	1,262E+1	1,500E+1
7,220	0,150	0,150	1,262E+1	1,500E+1
7,420	0,150	0,150	9,260E+0	1,500E+1
7,620	0,150	0,150	9,250E+0	1,500E+1
7,819	0,150	0,150	9,250E+0	1,500E+1
8,021	0,150	0,150	9,250E+0	1,500E+1
8,221	0,150	0,150	9,250E+0	1,500E+1
8,421	0,150	0,150	9,250E+0	1,500E+1
8,621	0,150	0,150	9,250E+0	1,500E+1
8,820	0,150	0,150	9,250E+0	1,500E+1
9,020	0,150	0,150	9,250E+0	1,500E+1
9,220	0,150	0,150	9,250E+0	1,500E+1
9,421	0,150	0,150	9,250E+0	1,500E+1
9,621	0,150	0,150	9,250E+0	1,500E+1
9,821	0,150	0,150	9,250E+0	1,500E+1
10,021	0,150	0,150	9,250E+0	1,500E+1
10,222	0,150	0,150	9,250E+0	1,500E+1
10,424	0,150	0,150	9,250E+0	1,500E+1
10,625	0,150	0,150	9,260E+0	1,500E+1
10,824	0,150	0,150	9,250E+0	1,500E+1
11,024	0,150	0,150	9,250E+0	1,500E+1
11,224	0,150	0,150	9,250E+0	1,500E+1
11,425	0,150	0,150	9,250E+0	1,500E+1
11,627	0,150	0,150	9,250E+0	1,500E+1
11,828	0,150	0,150	9,250E+0	1,500E+1
12,027	0,150	0,150	9,250E+0	1,500E+1
12,228	0,150	0,150	9,260E+0	1,500E+1
12,428	0,150	0,150	9,260E+0	1,500E+1
12,629	0,150	0,150	9,250E+0	1,500E+1
12,829	0,150	0,150	9,250E+0	1,500E+1
13,030	0,150	0,150	9,260E+0	1,500E+1
13,231	0,150	0,150	9,260E+0	1,500E+1
13,430	0,150	0,150	9,260E+0	1,500E+1
13,630	0,150	0,150	9,260E+0	1,500E+1
13,831	0,150	0,150	9,260E+0	1,500E+1
14,031	0,150	0,150	9,260E+0	1,500E+1
14,231	0,150	0,150	9,250E+0	1,500E+1
14,431	0,150	0,150	9,260E+0	1,500E+1
14,632	0,150	0,150	9,260E+0	1,500E+1
14,833	0,150	0,150	9,250E+0	1,500E+1
15,033	0,150	0,150	9,260E+0	1,500E+1
15,233	0,150	0,150	9,260E+0	1,500E+1
15,433	0,150	0,150	9,260E+0	1,500E+1
15,632	0,150	0,150	9,260E+0	1,500E+1
15,832	0,150	0,150	9,260E+0	1,500E+1
16,033	0,150	0,150	9,260E+0	1,500E+1
16,232	0,150	0,150	9,260E+0	1,500E+1
16,432	0,150	0,150	9,260E+0	1,500E+1
16,632	0,150	0,150	9,260E+0	1,500E+1
16,832	0,150	0,150	9,260E+0	1,500E+1
17,033	0,150	0,150	9,260E+0	1,500E+1
17,232	0,150	0,150	9,260E+0	1,500E+1
17,432	0,150	0,150	9,260E+0	1,500E+1
17,632	0,150	0,150	9,260E+0	1,500E+1
17,833	0,150	0,150	9,260E+0	1,500E+1
18,033	0,150	0,150	9,260E+0	1,500E+1
18,233	0,150	0,150	9,250E+0	1,500E+1
18,433	0,150	0,150	9,260E+0	1,500E+1
18,633	0,150	0,150	9,260E+0	1,500E+1
18,834	0,150	0,150	9,260E+0	1,500E+1
19,033	0,150	0,150	9,270E+0	1,500E+1
19,234	0,150	0,150	9,270E+0	1,500E+1
19,433	0,150	0,150	9,270E+0	1,500E+1
19,633	0,150	0,150	9,260E+0	1,500E+1
19,834	0,150	0,150	9,260E+0	1,500E+1
20,034	0,150	0,150	9,260E+0	1,500E+1
20,236	0,150	0,150	9,260E+0	1,500E+1
20,436	0,150	0,150	9,260E+0	1,500E+1
20,635	0,150	0,150	9,260E+0	1,500E+1
20,835	0,150	0,150	9,260E+0	1,500E+1
21,036	0,150	0,150	9,260E+0	1,500E+1
21,235	0,150	0,150	9,260E+0	1,500E+1
21,436	0,150	0,150	9,260E+0	1,500E+1
21,636	0,150	0,150	9,260E+0	1,500E+1
21,835	0,150	0,150	9,260E+0	1,500E+1
22,036	0,150	0,150	9,260E+0	1,500E+1
22,236	0,150	0,150	9,260E+0	1,500E+1
22,436	0,150	0,150	9,260E+0	1,500E+1
22,637	0,150	0,150	9,260E+0	1,500E+1
22,836	0,150	0,150	9,260E+0	1,500E+1
23,037	0,150	0,150	9,260E+0	1,500E+1
23,237	0,150	0,150	9,260E+0	1,500E+1
23,437	0,150	0,150	9,260E+0	1,500E+1
23,637	0,150	0,150	9,260E+0	1,500E+1
23,837	0,150	0,150	9,260E+0	1,500E+1
24,036	0,150	0,150	9,260E+0	1,500E+1
24,237	0,150	0,150	9,260E+0	1,500E+1
24,437	0,150	0,150	9,260E+0	1,500E+1
24,637	0,150	0,150	9,260E+0	1,500E+1
24,836	0,150	0,150	9,260E+0	1,500E+1
25,036	0,150	0,150	9,260E+0	1,500E+1
25,237	0,150	0,150	9,260E+0	1,500E+1
25,436	0,150	0,150	9,260E+0	1,500E+1
25,636	0,150	0,150	9,260E+0	1,500E+1
25,836	0,150	0,150	9,260E+0	1,500E+1
26,036	0,150	0,150	9,260E+0	1,500E+1
26,236	0,150	0,150	9,260E+0	1,500E+1
26,437	0,150	0,150	9,260E+0	1,500E+1
26,636	0,150	0,150	9,260E+0	1,500E+1
26,836	0,150	0,150	9,260E+0	1,500E+1
27,036	0,150	0,150	9,260E+0	1,500E+1
27,236	0,150	0,150	9,260E+0	1,500E+1
27,436	0,150	0,150	9,260E+0	1,500E+1
27,637	0,150	0,150	9,260E+0	1,500E+1
27,838	0,150	0,150	9,260E+0	1,500E+1
28,038	0,150	0,150	9,260E+0	1,500E+1
28,238	0,150	0,150	9,260E+0	1,500E+1
28,439	0,150	0,150	9,260E+0	1,500E+1
28,639	0,150	0,150	9,260E+0	1,500E+1
28,838	0,150	0,150	9,260E+0	1,500E+1
29,039	0,150	0,150	9,260E+0	1,500E+1
29,241	0,150	0,150	9,260E+0	1,500E+1
29,441	0,150	0,150	9,260E+0	1,500E+1
29,641	0,150	0,150	9,260E+0	1,500E+1
29,840	0,150	0,150	9,260E+0	1,500E+1
30,042	0,150	0,150	9,260E+0	1,500E+1
30,241	0,150	0,150	9,260E+0	1,500E+1
30,442	0,150	0,150	9,260E+0	1,500E+1
30,641	0,150	0,150	9,260E+0	1,500E+1
30,842	0,150	0,150	9,260E+0	1,500E+1
31,042	0,150	0,150	9,260E+0	1,500E+1
31,243	0,150	0,150	9,260E+0	1,500E+1
31,443	0,150	0,150	9,260E+0	1,500E+1
31,644	0,150	0,150	9,260E+0	1,500E+1
31,843	0,150	0,150	9,260E+0	1,500E+1
32,044	0,150	0,150	9,260E+0	1,500E+1
32,244	0,150	0,150	9,260E+0	1,500E+1
32,443	0,150	0,150	9,260E+0	1,500E+1
32,645	0,150	0,150	9,260E+0	1,500E+1
32,844	0,150	0,150	9,260E+0	1,500E+1
33,045	0,150	0,150	9,260E+0	1,500E+1
33,245	0,150	0,150	9,260E+0	1,500E+1
33,444	0,150	0,150	9,260E+0	1,500E+1
33,644	0,150	0,150	9,260E+0	1,500E+1
33,845	0,150	0,150	9,260E+0	1,500E+1
34,046	0,150	0,150	9,260E+0	1,500E+1
34,246	0,150	0,150	9,270E+0	1,500E+1
34,446	0,150	0,150	9,260E+0	1,500E+1
34,647	0,150	0,200	9,260E+0	1,500E+1
34,846	0,150	0,200	9,260E+0	1,500E+1
35,046	0,150	0,200	9,260E+0	1,500E+1
35,247	0,150	0,200	9,260E+0	1,500E+1
35,447	0,150	0,200	9,260E+0	1,500E+1
35,648	0,150	0,200	9,260E+0	1,500E+1
35,848	0,150	0,200	9,260E+0	1,500E+1
36,047	0,150	0,200	9,260E+0	1,500E+1
36,248	0,150	0,200	9,260E+0	1,500E+1
36,448	0,150	0,200	9,260E+0	1,500E+1
36,650	0,161	0,200	9,260E+0	1,500E+1
36,850	0,161	0,200	1,293E+1	1,500E+1
37,051	0,200	0,200	1,225E+1	1,500E+1
37,251	0,200	0,200	1,225E+1	1,500E+1
37,451	0,200	0,200	1,225E+1	1,500E+1
37,651	0,200	0,200	1,225E+1	1,500E+1
37,850	0,200	0,200	1,225E+1	1,500E+1
38,051	0,200	0,200	1,225E+1	1,500E+1
38,252	0,200	0,200	1,225E+1	1,500E+1
38,452	0,200	0,200	1,225E+1	1,500E+1
38,653	0,200	0,200	1,225E+1	1,500E+1
38,854	0,200	0,200	1,224E+1	1,500E+1
39,053	0,200	0,200	1,225E+1	1,500E+1
39,256	0,200	0,200	1,225E+1	1,500E+1
39,456	0,200	0,200	1,225E+1	1,500E+1
39,655	0,200	0,200	1,225E+1	1,500E+1
39,856	0,200	0,200	1,225E+1	1,500E+1
40,056	0,200	0,200	1,225E+1	1,500E+1
40,257	0,200	0,200	1,225E+1	1,500E+1
40,458	0,200	0,200	1,225E+1	1,500E+1
40,657	0,200	0,200	1,225E+1	1,500E+1
40,858	0,200	0,200	1,225E+1	1,500E+1
41,060	0,200	0,200	1,225E+1	1,500E+1
41,260	0,200	0,200	1,225E+1	1,500E+1
41,460	0,200	0,200	1,225E+1	1,500E+1
41,661	0,200	0,200	1,225E+1	1,500E+1
41,861	0,200	0,200	1,225E+1	1,500E+1
42,061	0,200	0,200	1,225E+1	1,500E+1
42,261	0,200	0,200	1,225E+1	1,500E+1
42,460	0,200	0,200	1,225E+1	1,500E+1
42,660	0,200	0,200	1,225E+1	1,500E+1
42,862	0,200	0,200	1,225E+1	1,500E+1
43,061	0,200	0,200	1,225E+1	1,500E+1
43,262	0,200	0,200	1,225E+1	1,500E+1
43,462	0,200	0,200	1,225E+1	1,500E+1
43,662	0,200	0,200	1,225E+1	1,500E+1
43,862	0,200	0,200	1,226E+1	1,500E+1
44,062	0,200	0,200	1,225E+1	1,500E+1
44,263	0,200	0,200	1,225E+1	1,500E+1
44,464	0,200	0,200	1,225E+1	1,500E+1
44,665	0,200	0,200	1,226E+1	1,500E+1
44,864	0,200	0,200	1,226E+1	1,500E+1
45,065	0,200	0,200	1,226E+1	1,500E+1
45,265	0,200	0,200	1,226E+1	1,500E+1
45,465	0,200	0,200	1,226E+1	1,500E+1
45,666	0,200	0,200	1,226E+1	1,500E+1
45,866	0,200	0,200	1,226E+1	1,500E+1
46,066	0,200	0,200	1,226E+1	1,500E+1
46,267	0,200	0,200	1,226E+1	1,500E+1
46,468	0,200	0,200	1,226E+1	1,500E+1
46,668	0,200	0,200	1,226E+1	1,500E+1
46,868	0,200	0,200	1,226E+1	1,500E+1
47,068	0,200	0,200	1,226E+1	1,500E+1
47,268	0,200	0,200	1,226E+1	1,500E+1
47,468	0,200	0,200	1,226E+1	1,500E+1
47,668	0,200	0,200	1,226E+1	1,500E+1
47,869	0,200	0,200	1,226E+1	1,500E+1
48,069	0,200	0,200	1,226E+1	1,500E+1
48,268	0,200	0,200	1,226E+1	1,500E+1
48,468	0,200	0,200	1,226E+1	1,500E+1
48,670	0,200	0,200	1,226E+1	1,500E+1
48,870	0,200	0,200	1,226E+1	1,500E+1
49,070	0,200	0,200	1,226E+1	1,500E+1
49,271	0,200	0,200	1,226E+1	1,500E+1
49,471	0,200	0,200	1,226E+1	1,500E+1
49,671	0,200	0,200	1,226E+1	1,500E+1
49,871	0,200	0,200	1,226E+1	1,500E+1
50,071	0,200	0,200	1,226E+1	1,500E+1
50,272	0,200	0,200	1,226E+1	1,500E+1
50,471	0,200	0,200	1,226E+1	1,500E+1
50,671	0,200	0,200	1,226E+1	1,500E+1
50,872	0,200	0,200	1,226E+1	1,500E+1
51,071	0,200	0,200	1,226E+1	1,500E+1
51,271	0,200	0,200	1,226E+1	1,500E+1
51,472	0,200	0,200	1,226E+1	1,500E+1
51,673	0,200	0,200	1,226E+1	1,500E+1
51,873	0,200	0,200	1,226E+1	1,500E+1
52,072	0,200	0,200	1,227E+1	1,500E+1
52,272	0,200	0,200	1,227E+1	1,500E+1
52,473	0,200	0,200	1,226E+1	1,500E+1
52,674	0,200	0,200	1,227E+1	1,500E+1
52,875	0,200	0,200	1,227E+1	1,500E+1
53,075	0,200	0,200	1,227E+1	1,500E+1
53,274	0,200	0,200	1,227E+1	1,500E+1
53,474	0,200	0,200	1,227E+1	1,500E+1
53,674	0,200	0,200	1,227E+1	1,500E+1
53,875	0,200	0,200	1,227E+1	1,500E+1
54,076	0,200	0,200	1,227E+1	1,500E+1
54,278	0,200	0,200	1,227E+1	1,500E+1
54,477	0,200	0,200	1,227E+1	1,500E+1
54,677	0,200	0,200	1,227E+1	1,500E+1
54,878	0,200	0,200	1,227E+1	1,500E+1
55,078	0,200	0,200	1,227E+1	1,500E+1
55,279	0,200	0,200	1,227E+1	1,500E+1
55,480	0,200	0,200	1,227E+1	1,500E+1
55,680	0,200	0,200	1,227E+1	1,500E+1
55,881	0,200	0,200	1,227E+1	1,500E+1
56,081	0,200	0,200	1,227E+1	1,500E+1
56,282	0,200	0,200	1,227E+1	1,500E+1
56,483	0,200	0,200	1,227E+1	1,500E+1
56,683	0,200	0,200	1,227E+1	1,500E+1
56,883	0,200	0,200	1,227E+1	1,500E+1
57,082	0,200	0,200	1,227E+1	1,500E+1
57,285	0,200	0,200	1,227E+1	1,500E+1
57,487	0,200	0,200	1,227E+1	1,500E+1
57,686	0,200	0,200	1,227E+1	1,500E+1
57,888	0,200	0,200	1,227E+1	1,500E+1
58,087	0,200	0,200	1,227E+1	1,500E+1
58,287	0,200	0,200	1,227E+1	1,500E+1
58,487	0,200	0,200	1,227E+1	1,500E+1
58,688	0,200	0,200	1,227E+1	1,500E+1
58,888	0,200	0,200	1,227E+1	1,500E+1
59,087	0,200	0,200	1,228E+1	1,500E+1
59,288	0,200	0,200	1,228E+1	1,500E+1
59,489	0,200	0,200	1,228E+1	1,500E+1
59,689	0,200	0,200	1,228E+1	1,500E+1
59,888	0,200	0,200	1,227E+1	1,500E+1
60,089	0,200	0,200	1,227E+1	1,500E+1
60,289	0,200	0,200	1,227E+1	1,500E+1
60,490	0,200	0,200	1,227E+1	1,500E+1
60,689	0,200	0,200	1,228E+1	1,500E+1
60,890	0,200	0,200	1,228E+1	1,500E+1
61,090	0,200	0,200	1,228E+1	1,500E+1
61,290	0,200	0,180	1,228E+1	1,500E+1
61,490	0,200	0,180	1,228E+1	1,500E+1
61,691	0,200	0,180	1,228E+1	1,500E+1
61,892	0,200	0,180	1,228E+1	1,500E+1
62,093	0,200	0,180	1,228E+1	1,500E+1
62,293	0,200	0,180	1,228E+1	1,500E+1
62,494	0,200	0,180	1,228E+1	1,500E+1
62,695	0,200	0,180	1,228E+1	1,500E+1
62,895	0,200	0,180	1,228E+1	1,500E+1
63,094	0,200	0,180	1,228E+1	1,500E+1
63,295	0,200	0,180	1,228E+1	1,500E+1
63,494	0,200	0,180	1,228E+1	1,500E+1
63,694	0,180	0,180	1,107E+1	1,500E+1
63,894	0,180	0,180	1,109E+1	1,500E+1
64,094	0,180	0,180	1,109E+1	1,500E+1
64,296	0,180	0,180	1,109E+1	1,500E+1
64,496	0,180	0,180	1,109E+1	1,500E+1
64,696	0,180	0,180	1,108E+1	1,500E+1
64,897	0,180	0,180	1,108E+1	1,500E+1
65,097	0,180	0,180	1,109E+1	1,500E+1
65,298	0,180	0,180	1,109E+1	1,500E+1
65,499	0,180	0,180	1,109E+1	1,500E+1
65,699	0,180	0,180	1,109E+1	1,500E+1
65,899	0,180	0,180	1,109E+1	1,500E+1
66,100	0,180	0,180	1,109E+1	1,500E+1
66,300	0,180	0,180	1,109E+1	1,500E+1
66,500	0,180	0,180	1,109E+1	1,500E+1
66,700	0,180	0,180	1,109E+1	1,500E+1
66,902	0,180	0,180	1,109E+1	1,500E+1
67,101	0,180	0,180	1,109E+1	1,500E+1
67,304	0,180	0,180	1,109E+1	1,500E+1
67,504	0,180	0,180	1,109E+1	1,500E+1
67,705	0,180	0,180	1,109E+1	1,500E+1
67,906	0,180	0,180	1,109E+1	1,500E+1
68,107	0,180	0,180	1,109E+1	1,500E+1
68,307	0,180	0,180	1,109E+1	1,500E+1
68,507	0,180	0,180	1,109E+1	1,500E+1
68,707	0,180	0,180	1,109E+1	1,500E+1
68,907	0,180	0,180	1,109E+1	1,500E+1
69,107	0,180	0,180	1,109E+1	1,500E+1
69,307	0,180	0,180	1,109E+1	1,500E+1
69,507	0,180	0,180	1,109E+1	1,500E+1
69,708	0,180	0,180	1,109E+1	1,500E+1
69,909	0,180	0,180	1,109E+1	1,500E+1
70,108	0,180	0,180	1,109E+1	1,500E+1
70,309	0,180	0,180	1,109E+1	1,500E+1
70,509	0,180	0,180	1,109E+1	1,500E+1
70,709	0,180	0,180	1,109E+1	1,500E+1
70,909	0,180	0,180	1,109E+1	1,500E+1
71,109	0,180	0,180	1,110E+1	1,500E+1
71,311	0,180	0,180	1,110E+1	1,500E+1
71,510	0,180	0,180	1,109E+1	1,500E+1
71,711	0,180	0,180	1,109E+1	1,500E+1
71,910	0,180	0,180	1,109E+1	1,500E+1
72,111	0,180	0,180	1,109E+1	1,500E+1
72,312	0,180	0,180	1,109E+1	1,500E+1
72,511	0,180	0,180	1,110E+1	1,500E+1
72,711	0,180	0,180	1,110E+1	1,500E+1
72,912	0,180	0,180	1,109E+1	1,500E+1
73,112	0,180	0,180	1,109E+1	1,500E+1
73,313	0,180	0,180	1,109E+1	1,500E+1
73,513	0,180	0,180	1,109E+1	1,500E+1
73,712	0,180	0,180	1,110E+1	1,500E+1
73,912	0,180	0,180	1,110E+1	1,500E+1
74,113	0,180	0,180	1,110E+1	1,500E+1
74,313	0,180	0,180	1,110E+1	1,500E+1
74,515	0,180	0,180	1,110E+1	1,500E+1
74,715	0,180	0,180	1,110E+1	1,500E+1
74,915	0,180	0,180	1,110E+1	1,500E+1
75,115	0,180	0,180	1,110E+1	1,500E+1
75,315	0,180	0,180	1,110E+1	1,500E+1
75,514	0,180	0,180	1,110E+1	1,500E+1
75,715	0,180	0,180	1,110E+1	1,500E+1
75,916	0,180	0,180	1,110E+1	1,500E+1
76,115	0,180	0,180	1,110E+1	1,500E+1
76,317	0,180	0,180	1,110E+1	1,500E+1
76,516	0,180	0,180	1,110E+1	1,500E+1
76,717	0,180	0,180	1,110E+1	1,500E+1
76,918	0,180	0,180	1,110E+1	1,500E+1
77,117	0,180	0,180	1,110E+1	1,500E+1
77,319	0,180	0,110	1,110E+1	1,500E+1
77,520	0,180	0,110	1,110E+1	1,500E+1
77,719	0,180	0,110	1,110E+1	1,500E+1
77,921	0,180	0,110	1,110E+1	1,500E+1
78,121	0,180	0,110	1,110E+1	1,500E+1
78,321	0,180	0,110	1,110E+1	1,500E+1
78,522	0,180	0,110	1,110E+1	1,500E+1
78,722	0,180	0,110	1,110E+1	1,500E+1
78,922	0,180	0,110	1,110E+1	1,500E+1
79,122	0,180	0,110	1,110E+1	1,500E+1
79,322	0,180	0,110	9,710E+0	1,500E+1
79,524	0,110	0,110	9,710E+0	1,500E+1
79,725	0,110	0,110	6,900E+0	1,500E+1
79,924	0,110	0,110	6,910E+0	1,500E+1
80,125	0,110	0,110	6,910E+0	1,500E+1
80,326	0,110	0,110	6,910E+0	1,500E+1
80,527	0,110	0,110	6,910E+0	1,500E+1
80,728	0,110	0,110	6,910E+0	1,500E+1
80,928	0,110	0,110	6,910E+0	1,500E+1
81,129	0,110	0,110	6,910E+0	1,500E+1
81,328	0,110	0,110	6,910E+0	1,500E+1
81,529	0,110	0,110	6,910E+0	1,500E+1
81,729	0,110	0,110	6,910E+0	1,500E+1
81,928	0,110	0,110	6,910E+0	1,500E+1
82,128	0,110	0,110	6,910E+0	1,500E+1
82,329	0,110	0,110	6,910E+0	1,500E+1
82,530	0,110	0,110	6,910E+0	1,500E+1
82,731	0,110	0,110	6,910E+0	1,500E+1
82,932	0,110	0,110	6,910E+0	1,500E+1
83,132	0,110	0,110	6,910E+0	1,500E+1
83,331	0,110	0,110	6,910E+0	1,500E+1
83,531	0,110	0,110	6,910E+0	1,500E+1
83,731	0,110	0,110	6,910E+0	1,500E+1
83,932	0,110	0,110	6,910E+0	1,500E+1
84,131	0,110	0,110	6,910E+0	1,500E+1
84,332	0,110	0,110	6,910E+0	1,500E+1
84,531	0,110	0,110	6,910E+0	1,500E+1
84,732	0,110	0,110	6,910E+0	1,500E+1
84,932	0,110	0,110	6,910E+0	1,500E+1
85,131	0,110	0,110	6,910E+0	1,500E+1
85,332	0,110	0,110	6,910E+0	1,500E+1
85,532	0,110	0,110	6,910E+0	1,500E+1
85,732	0,110	0,110	6,910E+0	1,500E+1
85,934	0,110	0,110	6,910E+0	1,500E+1
86,134	0,110	0,110	6,910E+0	1,500E+1
86,334	0,110	0,110	6,910E+0	1,500E+1
86,535	0,110	0,110	6,910E+0	1,500E+1
86,735	0,110	0,090	6,910E+0	1,500E+1
86,934	0,110	0,090	6,910E+0	1,500E+1
87,134	0,110	0,090	6,910E+0	1,500E+1
87,336	0,110	0,090	6,910E+0	1,500E+1
87,535	0,110	0,090	6,910E+0	1,500E+1
87,736	0,110	0,090	6,910E+0	1,500E+1
87,935	0,110	0,090	6,910E+0	1,500E+1
88,136	0,110	0,090	6,910E+0	1,500E+1
88,336	0,110	0,090	6,910E+0	1,500E+1
88,537	0,110	0,090	6,910E+0	1,500E+1
88,736	0,110	0,090	6,910E+0	1,500E+1
88,936	0,093	0,090	6,910E+0	1,500E+1
89,136	0,093	0,090	5,740E+0	1,500E+1
89,337	0,090	0,090	5,710E+0	1,500E+1
89,536	0,090	0,090	5,710E+0	1,500E+1
89,738	0,090	0,090	5,710E+0	1,500E+1
89,937	0,090	0,090	5,710E+0	1,500E+1
90,138	0,090	0,090	5,710E+0	1,500E+1
90,339	0,090	0,090	5,710E+0	1,500E+1
90,540	0,090	0,090	5,710E+0	1,500E+1
90,739	0,090	0,090	5,710E+0	1,500E+1
90,939	0,090	0,090	5,710E+0	1,500E+1
91,139	0,090	0,090	5,710E+0	1,500E+1
91,341	0,090	0,090	5,710E+0	1,500E+1
91,540	0,090	0,090	5,710E+0	1,500E+1
91,740	0,090	0,090	5,710E+0	1,500E+1
91,940	0,090	0,090	5,710E+0	1,500E+1
92,141	0,090	0,090	5,710E+0	1,500E+1
92,341	0,090	0,090	5,710E+0	1,500E+1
92,541	0,090	0,090	5,710E+0	1,500E+1
92,742	0,090	0,090	5,710E+0	1,500E+1
92,943	0,090	0,090	5,710E+0	1,500E+1
93,143	0,090	0,090	5,710E+0	1,500E+1
93,343	0,090	0,090	5,710E+0	1,500E+1
93,543	0,090	0,090	5,710E+0	1,500E+1
93,743	0,090	0,090	5,710E+0	1,500E+1
93,943	0,090	0,090	5,710E+0	1,500E+1
94,144	0,090	0,090	5,710E+0	1,500E+1
94,344	0,090	0,090	5,710E+0	1,500E+1
94,544	0,090	0,090	5,710E+0	1,500E+1
94,744	0,090	0,090	5,710E+0	1,500E+1
94,945	0,090	0,090	5,710E+0	1,500E+1
95,144	0,090	0,090	5,710E+0	1,500E+1
95,344	0,090	0,090	5,710E+0	1,500E+1
95,544	0,090	0,090	5,710E+0	1,500E+1
95,744	0,090	0,090	5,710E+0	1,500E+1
95,945	0,090	0,090	5,710E+0	1,500E+1
96,145	0,090	0,090	5,710E+0	1,500E+1
96,344	0,090	0,090	5,710E+0	1,500E+1
96,544	0,090	0,090	5,710E+0	1,500E+1
96,745	0,090	0,090	5,710E+0	1,500E+1
96,946	0,090	0,090	5,710E+0	1,500E+1
97,146	0,090	0,090	5,710E+0	1,500E+1
97,346	0,090	0,090	5,710E+0	1,500E+1
97,547	0,090	0,090	5,710E+0	1,500E+1
97,746	0,090	0,090	5,710E+0	1,500E+1
97,946	0,090	0,090	5,710E+0	1,500E+1
98,146	0,090	0,090	5,720E+0	1,500E+1
98,346	0,090	0,090	5,710E+0	1,500E+1
98,546	0,090	0,090	5,710E+0	1,500E+1
98,748	0,090	0,090	5,720E+0	1,500E+1
98,947	0,090	0,090	5,720E+0	1,500E+1
99,147	0,090	0,090	5,720E+0	1,500E+1
99,348	0,090	0,090	5,710E+0	1,500E+1
99,548	0,090	0,090	5,720E+0	1,500E+1
99,749	0,090	0,090	5,720E+0	1,500E+1
99,949	0,090	0,090	5,720E+0	1,500E+1
100,150	0,090	0,090	5,710E+0	1,500E+1
100,349	0,090	0,090	5,710E+0	1,500E+1
100,550	0,090	0,090	5,710E+0	1,500E+1
100,749	0,090	0,090	5,720E+0	1,500E+1
100,949	0,090	0,090	5,710E+0	1,500E+1
101,149	0,090	0,090	5,710E+0	1,500E+1
101,350	0,090	0,090	5,710E+0	1,500E+1
101,550	0,090	0,090	5,710E+0	1,500E+1
101,751	0,090	0,090	5,710E+0	1,500E+1
101,951	0,090	0,090	5,720E+0	1,500E+1
102,152	0,090	0,090	5,720E+0	1,500E+1
102,352	0,090	0,090	5,710E+0	1,500E+1
102,553	0,090	0,090	5,720E+0	1,500E+1
102,752	0,090	0,090	5,720E+0	1,500E+1
102,953	0,090	0,090	5,720E+0	1,500E+1
103,152	0,090	0,090	5,720E+0	1,500E+1
103,352	0,090	0,090	5,720E+0	1,500E+1
103,553	0,090	0,090	5,720E+0	1,500E+1
103,753	0,090	0,090	5,720E+0	1,500E+1
103,953	0,090	0,090	5,720E+0	1,500E+1
104,153	0,090	0,090	5,720E+0	1,500E+1
104,355	0,090	0,090	5,720E+0	1,500E+1
104,557	0,090	0,090	5,720E+0	1,500E+1
104,758	0,090	0,090	5,720E+0	1,500E+1
104,959	0,090	0,090	5,720E+0	1,500E+1
105,159	0,090	0,090	5,720E+0	1,500E+1
105,358	0,090	0,090	5,720E+0	1,500E+1
105,559	0,090	0,090	5,710E+0	1,500E+1
105,758	0,090	0,090	5,720E+0	1,500E+1
105,958	0,090	0,090	5,720E+0	1,500E+1
106,159	0,090	0,090	5,720E+0	1,500E+1
106,359	0,090	0,090	5,720E+0	1,500E+1
106,559	0,090	0,090	5,720E+0	1,500E+1
106,759	0,090	0,090	5,720E+0	1,500E+1
106,959	0,090	0,090	5,720E+0	1,500E+1
107,159	0,090	0,090	5,720E+0	1,500E+1
107,360	0,090	0,090	5,720E+0	1,500E+1
107,559	0,090	0,090	5,720E+0	1,500E+1
107,760	0,090	0,090	5,720E+0	1,500E+1
107,959	0,090	0,090	5,720E+0	1,500E+1
108,161	0,090	0,090	5,720E+0	1,500E+1
108,361	0,090	0,090	5,720E+0	1,500E+1
108,562	0,090	0,090	5,720E+0	1,500E+1
108,763	0,090	0,090	5,720E+0	1,500E+1
108,963	0,090	0,090	5,720E+0	1,500E+1
109,164	0,090	0,090	5,720E+0	1,500E+1
109,364	0,090	0,090	5,720E+0	1,500E+1
109,565	0,090	0,090	5,720E+0	1,500E+1
109,765	0,090	0,090	5,720E+0	1,500E+1
109,966	0,090	0,090	5,720E+0	1,500E+1
110,165	0,090	0,090	5,720E+0	1,500E+1
110,366	0,090	0,090	5,720E+0	1,500E+1
110,567	0,090	0,090	5,720E+0	1,500E+1
110,768	0,090	0,090	5,720E+0	1,500E+1
110,968	0,090	0,090	5,720E+0	1,500E+1
111,168	0,090	0,090	5,720E+0	1,500E+1
111,369	0,090	0,090	5,720E+0	1,500E+1
111,568	0,090	0,090	5,720E+0	1,500E+1
111,769	0,090	0,090	5,720E+0	1,500E+1
111,970	0,090	0,090	5,720E+0	1,500E+1
112,170	0,090	0,090	5,720E+0	1,500E+1
112,371	0,090	0,090	5,720E+0	1,500E+1
112,571	0,090	0,090	5,720E+0	1,500E+1
112,770	0,090	0,090	5,720E+0	1,500E+1
112,970	0,090	0,090	5,720E+0	1,500E+1
113,170	0,090	0,090	5,720E+0	1,500E+1
113,372	0,090	0,090	5,720E+0	1,500E+1
113,572	0,090	0,090	5,720E+0	1,500E+1
113,772	0,090	0,090	5,720E+0	1,500E+1
113,973	0,090	0,090	5,720E+0	1,500E+1
114,174	0,090	0,090	5,720E+0	1,500E+1
114,375	0,090	0,090	5,720E+0	1,500E+1
114,575	0,090	0,090	5,720E+0	1,500E+1
114,776	0,090	0,090	5,720E+0	1,500E+1
114,978	0,090	0,090	5,720E+0	1,500E+1
