Time [s]	PC(E)[W]	PL(E)[W]	PC(T)[W]	PL(T)[W]
0,000	0,000	0,000	0,000E+0	0,000E+0
0,003	0,000	0,000	0,000E+0	0,000E+0
0,204	0,980	0,000	1,263E+0	1,263E+0
0,404	0,980	0,000	1,263E+0	1,263E+0
0,604	0,980	0,000	9,800E-1	9,800E-1
0,806	0,980	0,000	9,800E-1	9,800E-1
1,007	0,980	0,000	9,800E-1	9,800E-1
1,207	0,980	0,000	9,800E-1	9,800E-1
1,407	0,980	0,000	9,800E-1	9,800E-1
1,607	1,070	0,000	9,800E-1	9,800E-1
1,809	1,070	0,000	9,800E-1	9,800E-1
2,008	1,070	0,000	1,070E+0	1,070E+0
2,209	1,070	0,000	1,070E+0	1,070E+0
2,410	1,070	0,000	1,070E+0	1,070E+0
2,609	0,900	0,000	1,070E+0	1,070E+0
2,810	0,900	0,000	1,070E+0	1,070E+0
3,012	0,900	0,000	9,000E-1	9,000E-1
3,212	0,900	0,000	9,000E-1	9,000E-1
3,413	0,900	0,000	9,000E-1	9,000E-1
3,614	1,100	0,000	9,000E-1	9,000E-1
3,815	1,100	0,000	1,100E+0	1,100E+0
4,016	1,100	0,000	1,100E+0	1,100E+0
4,217	1,100	0,000	1,100E+0	1,100E+0
4,416	1,100	0,000	1,100E+0	1,100E+0
4,616	1,260	0,000	1,100E+0	1,100E+0
4,817	1,260	0,000	1,260E+0	1,260E+0
5,016	1,260	0,000	1,260E+0	1,260E+0
5,217	1,260	0,000	1,260E+0	1,260E+0
5,418	1,260	0,000	1,260E+0	1,260E+0
5,618	1,180	0,000	1,260E+0	0,000E+0
5,817	1,180	0,000	1,260E+0	0,000E+0
6,018	1,180	0,000	1,260E+0	0,000E+0
6,218	1,180	0,000	1,095E+0	1,095E+0
6,419	1,180	0,000	1,095E+0	1,095E+0
6,618	1,180	0,000	1,180E+0	1,180E+0
6,819	1,180	0,000	1,180E+0	1,180E+0
7,020	1,180	0,000	1,180E+0	1,180E+0
7,220	1,180	0,000	1,180E+0	1,180E+0
7,420	1,180	0,000	1,180E+0	1,180E+0
7,620	1,180	0,000	1,180E+0	1,180E+0
7,819	1,180	0,000	1,180E+0	1,180E+0
8,021	1,180	0,000	1,180E+0	1,180E+0
8,221	1,180	0,000	1,180E+0	1,180E+0
8,421	1,030	0,000	1,180E+0	1,180E+0
8,621	1,030	0,000	1,030E+0	1,030E+0
8,820	1,030	0,000	1,030E+0	1,030E+0
9,020	1,030	0,000	1,030E+0	1,030E+0
9,220	1,030	0,000	1,030E+0	1,030E+0
9,421	1,140	0,000	1,030E+0	1,030E+0
9,621	1,140	0,000	1,140E+0	1,140E+0
9,821	1,140	0,000	1,140E+0	1,140E+0
10,021	1,140	0,000	1,140E+0	1,140E+0
10,222	1,150	0,000	1,140E+0	1,140E+0
10,424	1,150	0,000	1,140E+0	1,140E+0
10,625	1,150	0,000	1,150E+0	1,150E+0
10,824	1,150	0,000	1,150E+0	1,150E+0
11,024	1,150	0,000	1,150E+0	1,150E+0
11,224	1,150	0,000	1,150E+0	1,150E+0
11,425	1,150	0,000	1,150E+0	0,000E+0
11,627	1,150	0,000	1,150E+0	0,000E+0
11,828	1,160	0,000	1,130E+0	1,130E+0
12,027	1,160	0,000	1,130E+0	1,130E+0
12,228	1,160	0,000	1,160E+0	1,160E+0
12,428	1,160	0,000	1,160E+0	1,160E+0
12,629	1,160	0,000	1,160E+0	1,160E+0
12,829	1,160	0,000	1,160E+0	1,160E+0
13,030	1,160	0,000	1,160E+0	1,160E+0
13,231	1,190	0,000	1,160E+0	1,160E+0
13,430	1,190	0,000	1,160E+0	1,160E+0
13,630	1,190	0,000	1,190E+0	1,190E+0
13,831	1,190	0,000	1,190E+0	1,190E+0
14,031	1,190	0,000	1,190E+0	1,190E+0
14,231	1,200	0,000	1,190E+0	1,190E+0
14,431	1,200	0,000	1,190E+0	1,190E+0
14,632	1,200	0,000	1,200E+0	1,200E+0
14,833	1,200	0,000	1,200E+0	1,200E+0
15,033	1,200	0,000	1,200E+0	1,200E+0
15,233	1,060	0,000	1,200E+0	1,200E+0
15,433	1,060	0,000	1,200E+0	1,200E+0
15,632	1,060	0,000	1,060E+0	1,060E+0
15,832	1,060	0,000	1,060E+0	1,060E+0
16,033	1,060	0,000	1,060E+0	1,060E+0
16,232	1,110	0,000	1,060E+0	1,060E+0
16,432	1,110	0,000	1,110E+0	1,110E+0
16,632	1,110	0,000	1,110E+0	1,110E+0
16,832	1,110	0,000	1,110E+0	1,110E+0
17,033	1,110	0,000	1,110E+0	1,110E+0
17,232	1,080	0,000	1,110E+0	0,000E+0
17,432	1,080	0,000	1,110E+0	0,000E+0
17,632	1,080	0,000	1,129E+0	1,129E+0
17,833	1,080	0,000	1,129E+0	1,129E+0
18,033	1,080	0,000	1,080E+0	1,080E+0
18,233	1,080	0,000	1,080E+0	1,080E+0
18,433	1,080	0,000	1,080E+0	1,080E+0
18,633	1,080	0,000	1,080E+0	1,080E+0
18,834	1,080	0,000	1,080E+0	1,080E+0
19,033	2,230	0,000	1,080E+0	1,080E+0
19,234	2,230	0,000	1,080E+0	1,080E+0
19,433	2,230	0,000	2,230E+0	2,230E+0
19,633	2,230	0,000	2,230E+0	2,230E+0
19,834	18,630	13,710	2,230E+0	2,230E+0
20,034	18,630	13,710	2,230E+0	2,230E+0
20,236	18,630	13,710	1,863E+1	1,863E+1
20,436	18,630	13,710	1,863E+1	1,863E+1
20,635	18,630	13,710	1,863E+1	1,863E+1
20,835	81,580	74,510	1,863E+1	1,863E+1
21,036	81,580	74,510	1,863E+1	1,863E+1
21,235	81,580	74,510	8,158E+1	8,158E+1
21,436	81,580	74,510	8,158E+1	8,158E+1
21,636	81,580	74,510	8,158E+1	8,158E+1
21,835	55,470	50,290	8,158E+1	8,158E+1
22,036	55,470	50,290	8,158E+1	8,158E+1
22,236	55,470	50,290	5,547E+1	5,547E+1
22,436	55,470	50,290	5,547E+1	5,547E+1
22,637	55,470	50,290	5,547E+1	5,547E+1
22,836	55,470	50,290	5,547E+1	5,547E+1
23,037	70,920	65,670	5,547E+1	4,026E+1
23,237	70,920	65,670	5,547E+1	4,026E+1
23,437	70,920	65,670	5,547E+1	4,026E+1
23,637	70,920	65,670	4,590E+1	4,590E+1
23,837	70,920	65,670	4,590E+1	4,590E+1
24,036	70,920	65,670	7,092E+1	7,092E+1
24,237	70,920	65,670	7,092E+1	7,092E+1
24,437	70,920	65,670	7,092E+1	7,092E+1
24,637	67,440	62,440	7,092E+1	7,092E+1
24,836	67,440	62,440	7,092E+1	7,092E+1
25,036	67,440	62,440	7,092E+1	7,092E+1
25,237	67,440	62,440	6,744E+1	6,744E+1
25,436	67,440	62,440	6,744E+1	6,744E+1
25,636	67,410	62,400	6,744E+1	6,744E+1
25,836	67,410	62,400	6,744E+1	6,744E+1
26,036	67,410	62,400	6,741E+1	6,741E+1
26,236	67,410	62,400	6,741E+1	6,741E+1
26,437	67,410	62,400	6,741E+1	6,741E+1
26,636	67,410	62,400	6,741E+1	6,741E+1
26,836	67,410	62,400	6,741E+1	6,741E+1
27,036	55,350	50,490	6,741E+1	6,741E+1
27,236	55,350	50,490	5,535E+1	5,535E+1
27,436	55,350	50,490	5,535E+1	5,535E+1
27,637	55,350	50,490	5,535E+1	5,535E+1
27,838	55,350	50,490	5,535E+1	5,535E+1
28,038	47,570	42,450	5,535E+1	5,535E+1
28,238	47,570	42,450	4,757E+1	4,757E+1
28,439	47,570	42,450	4,757E+1	4,757E+1
28,639	47,570	42,450	4,757E+1	4,757E+1
28,838	47,570	42,450	4,757E+1	4,757E+1
29,039	43,670	39,490	4,757E+1	4,757E+1
29,241	43,670	39,490	4,367E+1	4,367E+1
29,441	43,670	39,490	4,367E+1	4,367E+1
29,641	43,670	39,490	4,367E+1	4,367E+1
29,840	43,670	39,490	4,367E+1	4,367E+1
30,042	43,240	38,570	4,367E+1	4,367E+1
30,241	43,240	38,570	4,324E+1	4,324E+1
30,442	43,240	38,570	4,324E+1	4,324E+1
30,641	43,240	38,570	4,324E+1	4,324E+1
30,842	43,240	38,570	4,324E+1	4,324E+1
31,042	42,960	38,590	4,324E+1	4,199E+1
31,243	42,960	38,590	4,324E+1	4,199E+1
31,443	42,960	38,590	4,658E+1	4,658E+1
31,644	42,960	38,590	4,658E+1	4,658E+1
31,843	42,960	38,590	4,296E+1	4,296E+1
32,044	42,960	38,590	4,296E+1	4,296E+1
32,244	42,960	38,590	4,296E+1	4,296E+1
32,443	42,960	38,590	4,296E+1	4,296E+1
32,645	42,960	38,590	4,296E+1	4,296E+1
32,844	43,370	38,690	4,296E+1	4,296E+1
33,045	43,370	38,690	4,296E+1	4,296E+1
33,245	43,370	38,690	4,337E+1	4,337E+1
33,444	43,370	38,690	4,337E+1	4,337E+1
33,644	43,310	38,730	4,337E+1	4,337E+1
33,845	43,310	38,730	4,337E+1	4,337E+1
34,046	43,310	38,730	4,331E+1	4,331E+1
34,246	43,310	38,730	4,331E+1	4,331E+1
34,446	43,310	38,730	4,331E+1	4,331E+1
34,647	43,250	38,640	4,331E+1	4,331E+1
34,846	43,250	38,640	4,331E+1	4,331E+1
35,046	43,250	38,640	4,325E+1	4,325E+1
35,247	43,250	38,640	4,325E+1	4,325E+1
35,447	43,250	38,640	4,325E+1	4,325E+1
35,648	42,670	38,630	4,325E+1	4,325E+1
35,848	42,670	38,630	4,325E+1	4,325E+1
36,047	42,670	38,630	4,267E+1	4,267E+1
36,248	42,670	38,630	4,267E+1	4,267E+1
36,448	42,670	38,630	4,267E+1	4,267E+1
36,650	42,670	38,630	4,267E+1	4,267E+1
36,850	43,140	38,660	4,267E+1	3,874E+1
37,051	43,140	38,660	4,267E+1	3,874E+1
37,251	43,140	38,660	4,323E+1	4,323E+1
37,451	43,140	38,660	4,323E+1	4,323E+1
37,651	43,140	38,660	4,314E+1	4,314E+1
37,850	43,140	38,660	4,314E+1	4,314E+1
38,051	43,140	38,660	4,314E+1	4,314E+1
38,252	43,140	38,660	4,314E+1	4,314E+1
38,452	43,140	38,660	4,314E+1	4,314E+1
38,653	75,090	69,470	4,314E+1	4,314E+1
38,854	75,090	69,470	4,314E+1	4,314E+1
39,053	75,090	69,470	7,509E+1	7,509E+1
39,256	75,090	69,470	7,509E+1	7,509E+1
39,456	75,090	69,470	7,509E+1	7,509E+1
39,655	76,020	70,470	7,509E+1	7,509E+1
39,856	76,020	70,470	7,509E+1	7,509E+1
40,056	76,020	70,470	7,602E+1	7,602E+1
40,257	76,020	70,470	7,602E+1	7,602E+1
40,458	76,020	70,470	7,602E+1	7,602E+1
40,657	76,020	70,470	7,602E+1	7,602E+1
40,858	76,830	71,020	7,602E+1	7,602E+1
41,060	76,830	71,020	7,602E+1	7,602E+1
41,260	76,830	71,020	7,683E+1	7,683E+1
41,460	76,880	71,210	7,683E+1	7,683E+1
41,661	76,880	71,210	7,683E+1	7,683E+1
41,861	76,880	71,210	7,688E+1	7,688E+1
42,061	76,880	71,210	7,688E+1	7,688E+1
42,261	76,880	71,210	7,688E+1	7,688E+1
42,460	76,880	71,210	7,688E+1	7,688E+1
42,660	76,940	71,090	7,688E+1	7,077E+1
42,862	76,940	71,090	7,688E+1	7,077E+1
43,061	76,940	71,090	7,638E+1	7,638E+1
43,262	76,940	71,090	7,638E+1	7,638E+1
43,462	76,940	71,090	7,694E+1	7,694E+1
43,662	76,940	71,090	7,694E+1	7,694E+1
43,862	76,940	71,090	7,694E+1	7,694E+1
44,062	76,940	71,090	7,694E+1	7,694E+1
44,263	76,940	71,090	7,694E+1	7,694E+1
44,464	76,720	71,030	7,694E+1	7,694E+1
44,665	76,720	71,030	7,694E+1	7,694E+1
44,864	76,720	71,030	7,672E+1	7,672E+1
45,065	76,720	71,030	7,672E+1	7,672E+1
45,265	76,860	71,030	7,672E+1	7,672E+1
45,465	76,860	71,030	7,672E+1	7,672E+1
45,666	76,860	71,030	7,686E+1	7,686E+1
45,866	76,860	71,030	7,686E+1	7,686E+1
46,066	76,860	71,030	7,686E+1	7,686E+1
46,267	76,750	71,090	7,686E+1	7,686E+1
46,468	76,750	71,090	7,686E+1	7,686E+1
46,668	76,750	71,090	7,675E+1	7,675E+1
46,868	76,750	71,090	7,675E+1	7,675E+1
47,068	76,750	71,090	7,675E+1	7,675E+1
47,268	76,720	70,960	7,675E+1	7,675E+1
47,468	76,720	70,960	7,675E+1	7,675E+1
47,668	76,720	70,960	7,672E+1	7,672E+1
47,869	76,720	70,960	7,672E+1	7,672E+1
48,069	76,720	70,960	7,672E+1	7,672E+1
48,268	76,580	71,090	7,672E+1	7,114E+1
48,468	76,580	71,090	7,672E+1	7,114E+1
48,670	76,580	71,090	7,672E+1	7,114E+1
48,870	76,580	71,090	7,672E+1	7,672E+1
49,070	76,580	71,090	7,672E+1	7,672E+1
49,271	76,580	71,090	7,672E+1	7,672E+1
49,471	76,580	71,090	7,658E+1	7,658E+1
49,671	76,580	71,090	7,658E+1	7,658E+1
49,871	76,580	71,090	7,658E+1	7,658E+1
50,071	76,540	71,010	7,658E+1	7,658E+1
50,272	76,540	71,010	7,658E+1	7,658E+1
50,471	76,540	71,010	7,654E+1	7,654E+1
50,671	76,540	71,010	7,654E+1	7,654E+1
50,872	76,540	71,010	7,654E+1	7,654E+1
51,071	76,450	70,850	7,654E+1	7,654E+1
51,271	76,450	70,850	7,654E+1	7,654E+1
51,472	76,450	70,850	7,654E+1	7,654E+1
51,673	76,450	70,850	7,654E+1	7,654E+1
51,873	76,450	70,850	7,645E+1	7,645E+1
52,072	76,450	70,850	7,645E+1	7,645E+1
52,272	76,600	71,010	7,645E+1	7,645E+1
52,473	76,600	71,010	7,645E+1	7,645E+1
52,674	76,600	71,010	7,645E+1	7,645E+1
52,875	76,600	71,010	7,660E+1	7,660E+1
53,075	76,600	71,010	7,660E+1	7,660E+1
53,274	76,600	71,010	7,660E+1	7,660E+1
53,474	76,430	71,020	7,660E+1	7,660E+1
53,674	76,430	71,020	7,660E+1	7,660E+1
53,875	76,620	70,980	7,643E+1	7,643E+1
54,076	76,620	70,980	7,643E+1	7,643E+1
54,477	76,620	70,980	7,643E+1	7,643E+1
54,477	76,620	70,980	7,662E+1	7,662E+1
54,677	76,620	70,980	7,662E+1	7,662E+1
54,878	76,620	70,980	7,662E+1	7,662E+1
55,078	76,280	70,720	7,662E+1	7,662E+1
55,279	76,280	70,720	7,662E+1	7,662E+1
55,480	76,280	70,720	7,662E+1	7,662E+1
55,680	76,280	70,720	7,628E+1	7,628E+1
55,881	76,280	70,720	7,628E+1	7,628E+1
56,081	76,780	70,860	7,628E+1	7,628E+1
56,282	76,780	70,860	7,628E+1	7,628E+1
56,483	76,780	70,860	7,628E+1	7,628E+1
56,683	76,780	70,860	7,678E+1	7,678E+1
56,883	76,780	70,860	7,678E+1	7,678E+1
57,082	76,780	70,860	7,678E+1	7,678E+1
57,285	76,330	70,850	7,678E+1	7,678E+1
57,487	76,330	70,850	7,678E+1	7,678E+1
57,686	76,330	70,850	7,678E+1	7,678E+1
57,888	76,330	70,850	7,633E+1	7,633E+1
58,087	76,330	70,850	7,633E+1	7,633E+1
58,287	76,530	70,820	7,633E+1	7,633E+1
58,487	76,530	70,820	7,633E+1	7,633E+1
58,688	76,530	70,820	7,633E+1	7,633E+1
58,888	76,340	70,830	7,653E+1	7,653E+1
59,087	76,340	70,830	7,653E+1	7,653E+1
59,288	76,340	70,830	7,653E+1	7,653E+1
59,489	76,340	70,830	7,634E+1	7,634E+1
59,689	76,340	70,830	7,634E+1	7,634E+1
59,888	76,340	70,830	7,634E+1	7,634E+1
60,089	76,680	70,810	7,634E+1	7,634E+1
60,289	76,680	70,810	7,634E+1	7,634E+1
60,490	76,680	70,810	7,668E+1	7,668E+1
60,689	76,680	70,810	7,668E+1	7,668E+1
60,890	76,680	70,810	7,668E+1	7,668E+1
61,090	76,360	70,790	7,668E+1	7,668E+1
61,290	76,360	70,790	7,668E+1	7,668E+1
61,490	76,360	70,790	7,668E+1	7,668E+1
61,691	76,360	70,790	7,636E+1	7,636E+1
61,892	76,360	70,790	7,636E+1	7,636E+1
62,093	76,360	70,790	7,636E+1	7,636E+1
62,293	76,630	70,750	7,636E+1	7,636E+1
62,494	76,630	70,750	7,636E+1	7,636E+1
62,695	76,630	70,750	7,663E+1	7,663E+1
62,895	76,630	70,750	7,663E+1	7,663E+1
63,094	76,630	70,750	7,663E+1	7,663E+1
63,295	76,630	70,750	7,663E+1	7,663E+1
63,494	76,250	70,920	7,663E+1	7,663E+1
63,694	76,250	70,920	7,663E+1	7,663E+1
63,894	71,760	66,180	7,625E+1	7,625E+1
64,094	71,760	66,180	7,176E+1	7,176E+1
64,296	71,760	66,180	7,176E+1	7,176E+1
64,496	71,760	66,180	7,176E+1	7,176E+1
64,696	71,760	66,180	7,176E+1	7,176E+1
64,897	71,760	66,180	7,176E+1	7,176E+1
65,097	64,120	58,950	7,176E+1	7,176E+1
65,298	64,120	58,950	7,176E+1	7,176E+1
65,499	64,120	58,950	6,412E+1	6,412E+1
65,699	64,120	58,950	6,412E+1	6,412E+1
65,899	64,120	58,950	6,412E+1	6,412E+1
66,100	63,510	58,290	6,412E+1	6,412E+1
66,300	63,510	58,290	6,412E+1	6,412E+1
66,500	63,510	58,290	6,351E+1	6,351E+1
66,700	63,510	58,290	6,351E+1	6,351E+1
66,902	63,510	58,290	6,351E+1	6,351E+1
67,101	63,320	58,120	6,351E+1	6,351E+1
67,304	63,320	58,120	6,351E+1	6,351E+1
67,504	63,320	58,120	6,332E+1	6,332E+1
67,705	63,320	58,120	6,332E+1	6,332E+1
67,906	63,320	58,120	6,332E+1	6,332E+1
68,107	63,320	58,120	6,332E+1	6,332E+1
68,307	63,230	58,070	6,332E+1	6,332E+1
68,507	63,230	58,070	6,323E+1	6,323E+1
68,707	63,230	58,070	6,323E+1	6,323E+1
68,907	63,230	58,070	6,323E+1	6,323E+1
69,107	63,230	58,070	6,323E+1	6,323E+1
69,307	63,280	58,160	6,323E+1	5,842E+1
69,507	63,280	58,160	6,323E+1	5,842E+1
69,708	63,280	58,160	6,323E+1	5,842E+1
69,909	63,280	58,160	6,353E+1	6,353E+1
70,108	63,280	58,160	6,353E+1	6,353E+1
70,309	63,280	58,160	6,353E+1	6,353E+1
70,509	63,280	58,160	6,328E+1	6,328E+1
70,709	63,280	58,160	6,328E+1	6,328E+1
70,909	63,530	58,240	6,328E+1	6,328E+1
71,109	63,530	58,240	6,328E+1	6,328E+1
71,311	63,530	58,240	6,353E+1	6,353E+1
71,510	63,530	58,240	6,353E+1	6,353E+1
71,711	63,530	58,240	6,353E+1	6,353E+1
71,910	63,530	58,240	6,353E+1	6,353E+1
72,111	63,530	58,240	6,353E+1	6,353E+1
72,312	63,530	58,140	6,353E+1	6,353E+1
72,511	63,530	58,140	6,353E+1	6,353E+1
72,711	63,530	58,140	6,353E+1	6,353E+1
72,912	63,530	58,140	6,353E+1	6,353E+1
73,112	63,530	58,140	6,353E+1	6,353E+1
73,313	63,800	58,010	6,353E+1	6,353E+1
73,513	63,800	58,010	6,353E+1	6,353E+1
73,712	63,800	58,010	6,380E+1	6,380E+1
73,912	63,800	58,010	6,380E+1	6,380E+1
74,113	63,800	58,010	6,380E+1	6,380E+1
74,313	63,520	58,180	6,380E+1	6,380E+1
74,515	63,520	58,180	6,380E+1	6,380E+1
74,715	63,520	58,180	6,352E+1	6,352E+1
74,915	63,520	58,180	6,352E+1	6,352E+1
75,115	63,520	58,180	6,352E+1	6,352E+1
75,315	63,520	58,180	6,352E+1	6,352E+1
75,514	63,810	58,020	6,352E+1	6,352E+1
75,715	63,810	58,020	6,381E+1	6,381E+1
75,916	63,810	58,020	6,381E+1	6,381E+1
76,115	63,810	58,020	6,381E+1	6,381E+1
76,317	63,810	58,020	6,381E+1	5,817E+1
76,516	63,810	58,020	6,381E+1	5,817E+1
76,717	63,530	58,150	6,337E+1	6,337E+1
76,918	63,530	58,150	6,337E+1	6,337E+1
77,117	63,530	58,150	6,353E+1	6,353E+1
77,319	63,530	58,150	6,353E+1	6,353E+1
77,520	63,530	58,150	6,353E+1	6,353E+1
77,719	63,530	58,150	6,353E+1	6,353E+1
77,921	63,530	58,150	6,353E+1	6,353E+1
78,121	63,230	58,140	6,353E+1	6,353E+1
78,321	63,230	58,140	6,323E+1	6,323E+1
78,522	63,230	58,140	6,323E+1	6,323E+1
78,722	63,230	58,140	6,323E+1	6,323E+1
78,922	63,230	58,140	6,323E+1	6,323E+1
79,122	63,580	58,120	6,323E+1	6,323E+1
79,322	63,580	58,120	6,358E+1	6,358E+1
79,524	63,580	58,120	6,358E+1	6,358E+1
79,725	63,580	58,120	6,358E+1	6,358E+1
79,924	63,580	58,120	6,358E+1	6,358E+1
80,125	49,210	43,950	6,358E+1	6,358E+1
80,326	49,210	43,950	4,921E+1	4,921E+1
80,527	49,210	43,950	4,921E+1	4,921E+1
80,728	49,210	43,950	4,921E+1	4,921E+1
80,928	49,210	43,950	4,921E+1	4,921E+1
81,129	28,470	24,200	4,921E+1	4,921E+1
81,328	28,470	24,200	2,847E+1	2,847E+1
81,529	28,470	24,200	2,847E+1	2,847E+1
81,729	28,470	24,200	2,847E+1	2,847E+1
81,928	28,470	24,200	2,847E+1	2,847E+1
82,128	27,870	23,790	2,847E+1	4,171E+1
82,329	27,870	23,790	2,847E+1	4,171E+1
82,530	27,870	23,790	4,636E+1	4,636E+1
82,731	27,870	23,790	4,636E+1	4,636E+1
82,932	27,870	23,790	2,787E+1	2,787E+1
83,132	27,870	23,790	2,787E+1	2,787E+1
83,331	27,870	23,790	2,787E+1	2,787E+1
83,531	27,870	23,790	2,787E+1	2,787E+1
83,731	27,870	23,790	2,787E+1	2,787E+1
83,932	27,950	23,380	2,787E+1	2,787E+1
84,131	27,950	23,380	2,787E+1	2,787E+1
84,332	27,950	23,380	2,795E+1	2,795E+1
84,531	27,950	23,380	2,795E+1	2,795E+1
84,732	27,950	23,380	2,795E+1	2,795E+1
84,932	27,950	23,380	2,795E+1	2,795E+1
85,131	27,240	23,440	2,795E+1	2,795E+1
85,332	27,240	23,440	2,724E+1	2,724E+1
85,532	27,240	23,440	2,724E+1	2,724E+1
85,732	27,660	23,350	2,724E+1	2,724E+1
85,934	27,660	23,350	2,724E+1	2,724E+1
86,134	27,660	23,350	2,766E+1	2,766E+1
86,334	27,660	23,350	2,766E+1	2,766E+1
86,535	27,660	23,350	2,766E+1	2,766E+1
86,735	27,320	23,360	2,766E+1	2,766E+1
86,934	27,320	23,360	2,766E+1	2,766E+1
87,134	27,320	23,360	2,732E+1	2,732E+1
87,336	27,320	23,360	2,732E+1	2,732E+1
87,535	27,320	23,360	2,732E+1	2,732E+1
87,736	27,530	23,430	2,732E+1	2,342E+1
87,935	27,530	23,430	2,732E+1	2,342E+1
88,136	27,530	23,430	2,732E+1	2,342E+1
88,336	27,530	23,430	2,744E+1	2,744E+1
88,537	27,530	23,430	2,744E+1	2,744E+1
88,736	27,530	23,430	2,753E+1	2,753E+1
88,936	27,530	23,430	2,753E+1	2,753E+1
89,136	27,530	23,430	2,753E+1	2,753E+1
89,337	27,530	23,430	2,753E+1	2,753E+1
89,536	27,530	23,430	2,753E+1	2,753E+1
89,738	25,490	21,680	2,753E+1	2,753E+1
89,937	25,490	21,680	2,753E+1	2,753E+1
90,138	25,490	21,680	2,549E+1	2,549E+1
90,339	25,490	21,680	2,549E+1	2,549E+1
90,540	22,860	19,350	2,549E+1	2,549E+1
90,739	22,860	19,350	2,286E+1	2,286E+1
90,939	22,860	19,350	2,286E+1	2,286E+1
91,139	22,860	19,350	2,286E+1	2,286E+1
91,341	22,860	19,350	2,286E+1	2,286E+1
91,540	22,690	19,310	2,286E+1	2,286E+1
91,740	22,690	19,310	2,286E+1	2,286E+1
91,940	22,690	19,310	2,269E+1	2,269E+1
92,141	22,690	19,310	2,269E+1	2,269E+1
92,341	22,690	19,310	2,269E+1	2,269E+1
92,541	23,020	19,300	2,269E+1	2,269E+1
92,742	23,020	19,300	2,269E+1	2,269E+1
92,943	23,020	19,300	2,302E+1	2,302E+1
93,143	23,020	19,300	2,302E+1	2,302E+1
93,343	23,020	19,300	2,302E+1	2,302E+1
93,543	23,020	19,300	2,302E+1	2,302E+1
93,743	23,320	19,310	2,302E+1	1,982E+1
93,943	23,320	19,310	2,302E+1	1,982E+1
94,144	23,320	19,310	2,377E+1	2,377E+1
94,344	23,320	19,310	2,377E+1	2,377E+1
94,544	23,320	19,310	2,332E+1	2,332E+1
94,744	23,320	19,310	2,332E+1	2,332E+1
94,945	23,320	19,310	2,332E+1	2,332E+1
95,144	23,320	19,310	2,332E+1	2,332E+1
95,344	23,320	19,310	2,332E+1	2,332E+1
95,544	23,070	19,200	2,332E+1	2,332E+1
95,744	23,070	19,200	2,332E+1	2,332E+1
95,945	23,070	19,200	2,307E+1	2,307E+1
96,145	23,070	19,200	2,307E+1	2,307E+1
96,344	23,070	19,200	2,307E+1	2,307E+1
96,544	23,070	19,200	2,307E+1	2,307E+1
96,745	23,720	19,290	2,307E+1	2,307E+1
96,946	23,720	19,290	2,372E+1	2,372E+1
97,146	23,720	19,290	2,372E+1	2,372E+1
97,346	23,420	19,410	2,372E+1	2,372E+1
97,547	23,420	19,410	2,372E+1	2,372E+1
97,746	23,420	19,410	2,342E+1	2,342E+1
97,946	23,420	19,410	2,342E+1	2,342E+1
98,146	23,420	19,410	2,342E+1	2,342E+1
98,346	24,190	20,370	2,342E+1	2,342E+1
98,546	24,190	20,370	2,342E+1	2,342E+1
98,748	24,190	20,370	2,419E+1	2,419E+1
98,947	24,190	20,370	2,419E+1	2,419E+1
99,147	24,190	20,370	2,419E+1	2,419E+1
99,348	24,190	20,370	2,419E+1	2,419E+1
99,548	24,800	20,940	2,419E+1	1,987E+1
99,749	24,800	20,940	2,419E+1	1,987E+1
99,949	24,800	20,940	2,378E+1	2,378E+1
100,150	24,800	20,940	2,378E+1	2,378E+1
100,349	24,800	20,940	2,480E+1	2,480E+1
100,550	24,800	20,940	2,480E+1	2,480E+1
100,749	24,800	20,940	2,480E+1	2,480E+1
100,949	24,800	20,940	2,480E+1	2,480E+1
101,149	24,800	20,940	2,480E+1	2,480E+1
101,350	25,070	20,740	2,480E+1	2,480E+1
101,550	25,070	20,740	2,480E+1	2,480E+1
101,751	25,070	20,740	2,507E+1	2,507E+1
101,951	25,070	20,740	2,507E+1	2,507E+1
102,152	25,070	20,740	2,507E+1	2,507E+1
102,352	24,800	20,790	2,507E+1	2,507E+1
102,553	24,800	20,790	2,480E+1	2,480E+1
102,752	24,800	20,790	2,480E+1	2,480E+1
102,953	24,800	20,790	2,480E+1	2,480E+1
103,152	24,800	20,790	2,480E+1	2,480E+1
103,352	24,340	20,790	2,480E+1	2,480E+1
103,553	24,340	20,790	2,434E+1	2,434E+1
103,753	24,340	20,790	2,434E+1	2,434E+1
103,953	24,340	20,790	2,434E+1	2,434E+1
104,153	24,340	20,790	2,434E+1	2,434E+1
104,355	25,140	20,780	2,434E+1	2,434E+1
104,557	25,140	20,780	2,514E+1	2,514E+1
104,758	25,140	20,780	2,514E+1	2,514E+1
104,959	25,140	20,780	2,514E+1	2,514E+1
105,159	25,140	20,780	2,514E+1	2,514E+1
105,358	25,490	20,800	2,514E+1	2,080E+1
105,559	25,490	20,800	2,514E+1	2,080E+1
105,758	25,490	20,800	2,474E+1	2,474E+1
105,958	25,490	20,800	2,474E+1	2,474E+1
106,159	25,490	20,800	2,549E+1	2,549E+1
106,359	25,490	20,800	2,549E+1	2,549E+1
106,559	25,490	20,800	2,549E+1	2,549E+1
106,759	25,490	20,800	2,549E+1	2,549E+1
106,959	25,490	20,800	2,549E+1	2,549E+1
107,159	24,830	20,790	2,549E+1	2,549E+1
107,360	24,830	20,790	2,549E+1	2,549E+1
107,559	24,830	20,790	2,483E+1	2,483E+1
107,760	24,830	20,790	2,483E+1	2,483E+1
107,959	24,830	20,790	2,483E+1	2,483E+1
108,161	24,830	20,790	2,483E+1	2,483E+1
108,361	24,450	20,780	2,483E+1	2,483E+1
108,562	24,450	20,780	2,483E+1	2,483E+1
108,763	24,450	20,780	2,445E+1	2,445E+1
108,963	24,540	20,780	2,445E+1	2,445E+1
109,164	24,540	20,780	2,445E+1	2,445E+1
109,364	24,540	20,780	2,454E+1	2,454E+1
109,565	24,540	20,780	2,454E+1	2,454E+1
109,765	24,540	20,780	2,454E+1	2,454E+1
109,966	24,140	20,760	2,454E+1	2,454E+1
110,165	24,140	20,760	2,454E+1	2,454E+1
110,366	24,140	20,760	2,414E+1	2,414E+1
110,567	24,140	20,760	2,414E+1	2,414E+1
110,768	24,140	20,760	2,414E+1	2,414E+1
110,968	24,140	20,760	2,414E+1	2,414E+1
111,168	24,140	20,760	2,414E+1	2,080E+1
111,369	24,140	20,760	2,414E+1	2,080E+1
111,568	24,480	20,790	2,481E+1	2,481E+1
111,769	24,480	20,790	2,481E+1	2,481E+1
111,970	24,480	20,790	2,448E+1	2,448E+1
112,170	24,480	20,790	2,448E+1	2,448E+1
112,371	24,480	20,790	2,448E+1	2,448E+1
112,571	24,480	20,790	2,448E+1	2,448E+1
112,770	24,480	20,790	2,448E+1	2,448E+1
112,970	25,120	20,730	2,448E+1	2,448E+1
113,170	25,120	20,730	2,448E+1	2,448E+1
113,372	25,120	20,730	2,512E+1	2,512E+1
113,572	25,120	20,730	2,512E+1	2,512E+1
113,772	25,120	20,730	2,512E+1	2,512E+1
113,973	24,700	20,740	2,512E+1	2,512E+1
114,174	24,700	20,740	2,512E+1	2,512E+1
114,375	24,700	20,740	2,470E+1	2,470E+1
114,575	24,700	20,740	2,470E+1	2,470E+1
114,776	24,700	20,740	2,470E+1	2,470E+1
114,978	24,700	20,740	2,470E+1	2,470E+1
