t	IF	IR	VF	VR
0,000	0,000	0,075	0,000E+0	1,700E+1
0,007	0,000	0,075	3,000E-1	1,700E+1
0,208	0,000	0,075	3,000E-1	1,700E+1
0,407	0,000	0,075	3,000E-1	1,700E+1
0,607	0,000	0,075	3,000E-1	1,700E+1
0,808	0,000	0,075	3,000E-1	1,700E+1
1,007	0,000	0,075	3,000E-1	1,700E+1
1,209	0,000	0,075	3,000E-1	1,700E+1
1,410	0,000	0,075	3,000E-1	1,700E+1
1,611	0,000	0,075	3,000E-1	1,700E+1
1,811	0,000	0,075	3,000E-1	1,700E+1
2,012	0,000	0,075	3,000E-1	1,700E+1
2,213	0,000	0,075	3,000E-1	1,700E+1
2,413	0,000	0,075	3,000E-1	1,700E+1
2,613	0,000	0,075	3,000E-1	1,700E+1
2,813	0,000	0,075	3,000E-1	1,700E+1
3,014	0,000	0,075	3,000E-1	1,700E+1
3,215	0,000	0,075	3,000E-1	1,700E+1
3,418	0,000	0,075	3,000E-1	1,700E+1
3,618	0,000	0,075	3,000E-1	1,700E+1
3,818	0,000	0,075	3,000E-1	1,700E+1
4,019	0,000	0,075	3,000E-1	1,700E+1
4,219	0,000	0,075	3,000E-1	1,700E+1
4,420	0,000	0,075	3,000E-1	1,700E+1
4,619	0,000	0,075	3,000E-1	1,700E+1
4,819	0,000	0,075	3,000E-1	1,700E+1
5,020	0,000	0,075	3,000E-1	1,700E+1
5,220	0,000	0,075	3,000E-1	1,700E+1
5,420	0,000	0,075	3,000E-1	1,700E+1
5,621	0,000	0,075	3,000E-1	1,700E+1
5,820	0,000	0,075	3,000E-1	1,700E+1
6,022	0,000	0,075	3,000E-1	1,700E+1
6,221	0,000	0,075	3,000E-1	1,700E+1
6,423	0,000	0,075	3,000E-1	1,700E+1
6,622	0,000	0,075	3,000E-1	1,700E+1
6,822	0,000	0,075	3,000E-1	1,700E+1
7,023	0,000	0,075	3,000E-1	1,700E+1
7,223	0,000	0,075	3,000E-1	1,700E+1
7,423	0,000	0,075	3,000E-1	1,700E+1
7,623	0,000	0,075	3,000E-1	1,700E+1
7,823	0,000	0,075	3,000E-1	1,700E+1
8,023	0,000	0,075	3,000E-1	1,700E+1
8,223	0,000	0,075	3,000E-1	1,700E+1
8,424	0,000	0,075	3,000E-1	1,700E+1
8,624	0,000	0,075	3,000E-1	1,700E+1
8,823	0,000	0,075	3,000E-1	1,700E+1
9,023	0,000	0,075	3,000E-1	1,700E+1
9,225	0,000	0,075	3,000E-1	1,700E+1
9,425	0,000	0,075	3,000E-1	1,700E+1
9,626	0,000	0,075	3,000E-1	1,700E+1
9,825	0,000	0,075	3,000E-1	1,700E+1
10,026	0,000	0,075	3,000E-1	1,700E+1
10,226	0,000	0,075	3,000E-1	1,700E+1
10,427	0,000	0,075	3,000E-1	1,700E+1
10,628	0,000	0,075	3,000E-1	1,700E+1
10,830	0,000	0,075	3,000E-1	1,700E+1
11,031	0,000	0,075	3,000E-1	1,700E+1
11,231	0,000	0,075	3,000E-1	1,700E+1
11,432	0,000	0,075	3,000E-1	1,700E+1
11,633	0,000	0,075	3,000E-1	1,700E+1
11,833	0,000	0,075	3,000E-1	1,700E+1
12,032	0,000	0,075	3,000E-1	1,700E+1
12,232	0,000	0,075	3,000E-1	1,700E+1
12,432	0,000	0,075	3,000E-1	1,700E+1
12,632	0,000	0,075	3,000E-1	1,700E+1
12,832	0,000	0,075	3,000E-1	1,700E+1
13,033	0,000	0,075	3,000E-1	1,700E+1
13,234	0,000	0,075	3,000E-1	1,700E+1
13,435	0,000	0,075	3,000E-1	1,700E+1
13,636	0,000	0,075	3,000E-1	1,700E+1
13,837	0,000	0,075	3,000E-1	1,700E+1
14,037	0,000	0,075	3,000E-1	1,700E+1
14,237	0,000	0,075	3,000E-1	1,700E+1
14,437	0,000	0,075	3,000E-1	1,700E+1
14,637	0,000	0,075	3,000E-1	1,700E+1
14,838	0,000	0,075	3,000E-1	1,700E+1
15,037	0,000	0,075	3,000E-1	1,700E+1
15,239	0,000	0,075	3,000E-1	1,700E+1
15,439	0,000	0,075	3,000E-1	1,700E+1
15,640	0,000	0,075	3,000E-1	1,700E+1
15,839	0,000	0,075	3,000E-1	1,700E+1
16,040	0,000	0,075	3,000E-1	1,700E+1
16,242	0,000	0,075	3,000E-1	1,700E+1
16,441	0,000	0,075	3,000E-1	1,700E+1
16,641	0,000	0,075	3,000E-1	1,700E+1
16,842	0,000	0,075	3,000E-1	1,700E+1
17,041	0,000	0,075	3,000E-1	1,700E+1
17,242	0,000	0,075	3,000E-1	1,700E+1
17,442	0,000	0,075	3,000E-1	1,700E+1
17,642	0,000	0,075	3,000E-1	1,700E+1
17,841	0,000	0,075	3,000E-1	1,700E+1
18,042	0,000	0,075	3,000E-1	1,700E+1
18,242	0,000	0,075	3,000E-1	1,700E+1
18,444	0,000	0,075	3,000E-1	1,700E+1
18,644	0,000	0,075	3,000E-1	1,700E+1
18,845	0,000	0,075	3,000E-1	1,700E+1
19,046	0,000	0,075	3,000E-1	1,700E+1
19,246	0,000	0,075	3,000E-1	1,700E+1
19,446	0,000	0,075	3,000E-1	1,700E+1
19,648	0,000	0,075	3,000E-1	1,700E+1
19,847	0,000	0,075	3,000E-1	1,700E+1
20,048	0,000	0,075	3,000E-1	1,700E+1
20,248	0,000	0,075	3,000E-1	1,700E+1
20,448	0,000	0,075	3,000E-1	1,700E+1
20,648	0,000	0,075	3,000E-1	1,700E+1
20,849	0,000	0,075	3,000E-1	1,700E+1
21,048	0,000	0,075	3,000E-1	1,700E+1
21,248	0,000	0,075	3,000E-1	1,700E+1
21,448	0,000	0,075	3,000E-1	1,700E+1
21,648	0,000	0,075	3,000E-1	1,700E+1
21,848	0,000	0,075	3,000E-1	1,700E+1
22,048	0,000	0,075	3,000E-1	1,700E+1
22,248	0,000	0,075	3,000E-1	1,700E+1
22,448	0,000	0,075	3,000E-1	1,700E+1
22,649	0,000	0,075	3,000E-1	1,700E+1
