Time [s]	I_Fonte	I_SP	V_Fonte	V_SP
389,803	0,000	0,200	3,000E-1	1,500E+1
0,002	0,000	0,200	3,000E-1	1,500E+1
0,202	0,000	0,200	3,000E-1	1,500E+1
0,401	0,000	0,200	3,000E-1	1,500E+1
0,602	0,000	0,200	3,000E-1	1,500E+1
0,803	0,000	0,200	3,000E-1	1,500E+1
1,003	0,000	0,200	3,000E-1	1,500E+1
1,203	0,000	0,200	3,000E-1	1,500E+1
1,403	0,000	0,200	3,000E-1	1,500E+1
1,602	0,000	0,200	3,000E-1	1,500E+1
1,803	0,000	0,200	3,000E-1	1,500E+1
2,003	0,000	0,200	3,000E-1	1,500E+1
2,204	0,000	0,200	3,000E-1	1,500E+1
2,404	0,000	0,200	3,000E-1	1,500E+1
2,604	0,000	0,200	3,000E-1	1,500E+1
2,805	0,000	0,200	3,000E-1	1,500E+1
3,005	0,000	0,200	3,000E-1	1,500E+1
3,205	0,000	0,200	3,000E-1	1,500E+1
3,405	0,000	0,200	3,000E-1	1,500E+1
3,606	0,000	0,200	3,000E-1	1,500E+1
3,806	0,000	0,200	3,000E-1	1,500E+1
4,006	0,000	0,200	3,000E-1	1,500E+1
4,206	0,000	0,200	3,000E-1	1,500E+1
4,406	0,000	0,200	3,000E-1	1,500E+1
4,606	0,000	0,200	3,000E-1	1,500E+1
4,806	0,000	0,200	3,000E-1	1,500E+1
5,006	0,000	0,200	3,000E-1	1,500E+1
5,206	0,000	0,200	3,000E-1	1,500E+1
5,407	0,000	0,200	3,000E-1	1,500E+1
5,607	0,000	0,200	3,000E-1	1,500E+1
5,808	0,000	0,200	3,000E-1	1,500E+1
6,008	0,000	0,200	3,000E-1	1,500E+1
6,208	0,000	0,200	3,000E-1	1,500E+1
6,408	0,000	0,200	3,000E-1	1,500E+1
6,608	0,000	0,200	3,000E-1	1,500E+1
6,809	0,000	0,200	3,000E-1	1,500E+1
7,009	0,000	0,200	3,000E-1	1,500E+1
7,209	0,000	0,200	3,000E-1	1,500E+1
7,409	0,000	0,200	3,000E-1	1,500E+1
7,609	0,000	0,200	3,000E-1	1,500E+1
7,810	0,000	0,200	3,000E-1	1,500E+1
8,010	0,000	0,200	3,000E-1	1,500E+1
8,210	0,000	0,200	3,000E-1	1,500E+1
8,410	0,000	0,200	3,000E-1	1,500E+1
8,610	0,000	0,200	3,000E-1	1,500E+1
8,810	0,000	0,200	3,000E-1	1,500E+1
9,010	0,000	0,200	3,000E-1	1,500E+1
9,210	0,000	0,200	3,000E-1	1,500E+1
9,410	0,000	0,200	3,000E-1	1,500E+1
9,611	0,000	0,200	3,000E-1	1,500E+1
9,811	0,000	0,200	3,000E-1	1,500E+1
10,011	0,000	0,200	3,000E-1	1,500E+1
10,210	0,000	0,200	3,000E-1	1,500E+1
10,411	0,000	0,200	3,000E-1	1,500E+1
10,611	0,000	0,200	3,000E-1	1,500E+1
10,812	0,000	0,200	3,000E-1	1,500E+1
11,013	0,000	0,200	3,000E-1	1,500E+1
11,213	0,000	0,200	3,000E-1	1,500E+1
11,413	0,000	0,200	3,000E-1	1,500E+1
11,614	0,000	0,200	3,000E-1	1,500E+1
11,815	0,000	0,200	3,000E-1	1,500E+1
12,015	0,000	0,200	3,000E-1	1,500E+1
12,216	0,000	0,200	3,000E-1	1,500E+1
12,417	0,000	0,200	3,000E-1	1,500E+1
12,617	0,000	0,200	3,000E-1	1,500E+1
12,817	0,000	0,200	3,000E-1	1,500E+1
13,017	0,000	0,200	3,000E-1	1,500E+1
13,217	0,000	0,200	3,000E-1	1,500E+1
13,417	0,000	0,200	3,000E-1	1,500E+1
13,617	0,000	0,200	3,000E-1	1,500E+1
13,818	0,000	0,200	3,000E-1	1,500E+1
14,017	0,000	0,200	3,000E-1	1,500E+1
14,218	0,000	0,200	3,000E-1	1,500E+1
14,418	0,000	0,200	3,000E-1	1,500E+1
14,618	0,000	0,200	3,000E-1	1,500E+1
14,818	0,000	0,200	3,000E-1	1,500E+1
15,019	0,000	0,200	3,000E-1	1,500E+1
15,220	0,000	0,200	3,000E-1	1,500E+1
15,420	0,000	0,200	3,000E-1	1,500E+1
15,620	0,000	0,200	3,000E-1	1,500E+1
15,821	0,000	0,200	3,000E-1	1,500E+1
16,021	0,000	0,200	3,000E-1	1,500E+1
16,221	0,000	0,200	3,000E-1	1,500E+1
16,422	0,000	0,200	3,000E-1	1,500E+1
16,622	0,000	0,200	3,000E-1	1,500E+1
16,822	0,000	0,200	3,000E-1	1,500E+1
17,022	0,000	0,200	3,000E-1	1,500E+1
17,222	0,000	0,200	3,000E-1	1,500E+1
17,422	0,000	0,200	3,000E-1	1,500E+1
17,624	0,000	0,200	3,000E-1	1,500E+1
17,823	0,000	0,200	3,000E-1	1,500E+1
18,024	0,000	0,200	3,000E-1	1,500E+1
18,224	0,000	0,200	3,000E-1	1,500E+1
18,424	0,000	0,200	3,000E-1	1,500E+1
18,624	0,000	0,200	3,000E-1	1,500E+1
18,824	0,000	0,200	3,000E-1	1,500E+1
19,024	0,000	0,200	3,000E-1	1,500E+1
19,225	0,000	0,200	3,000E-1	1,500E+1
19,425	0,000	0,200	3,000E-1	1,500E+1
19,625	0,000	0,200	3,000E-1	1,500E+1
19,826	0,000	0,200	3,000E-1	1,500E+1
20,027	0,000	0,200	3,000E-1	1,500E+1
20,227	0,000	0,200	3,000E-1	1,500E+1
20,428	0,000	0,200	3,000E-1	1,500E+1
20,628	0,000	0,200	3,000E-1	1,500E+1
20,828	0,000	0,200	3,000E-1	1,500E+1
21,029	0,000	0,200	3,000E-1	1,500E+1
21,229	0,000	0,200	3,000E-1	1,500E+1
21,429	0,000	0,200	3,000E-1	1,500E+1
21,629	0,000	0,200	3,000E-1	1,500E+1
21,830	0,000	0,200	3,000E-1	1,500E+1
22,030	0,000	0,200	3,000E-1	1,500E+1
22,229	0,000	0,200	3,000E-1	1,500E+1
22,431	0,000	0,200	3,000E-1	1,500E+1
22,632	0,000	0,200	3,000E-1	1,500E+1
22,832	0,000	0,200	3,000E-1	1,500E+1
23,033	0,000	0,200	3,000E-1	1,500E+1
23,233	0,000	0,200	3,000E-1	1,500E+1
23,433	0,000	0,200	3,000E-1	1,500E+1
23,633	0,000	0,200	3,000E-1	1,500E+1
23,833	0,000	0,200	3,000E-1	1,500E+1
24,033	0,000	0,200	3,000E-1	1,500E+1
24,234	0,000	0,200	3,000E-1	1,500E+1
24,434	0,000	0,200	3,000E-1	1,500E+1
24,634	0,000	0,200	3,000E-1	1,500E+1
24,835	0,000	0,200	3,000E-1	1,500E+1
25,035	0,000	0,200	3,000E-1	1,500E+1
25,235	0,000	0,200	3,000E-1	1,500E+1
25,436	0,000	0,200	3,000E-1	1,500E+1
25,637	0,000	0,200	3,000E-1	1,500E+1
25,838	0,000	0,200	3,000E-1	1,500E+1
26,037	0,000	0,200	3,000E-1	1,500E+1
26,237	0,000	0,200	3,000E-1	1,500E+1
26,437	0,000	0,200	3,000E-1	1,500E+1
26,637	0,000	0,200	3,000E-1	1,500E+1
26,838	0,000	0,200	3,000E-1	1,500E+1
27,038	0,000	0,200	3,000E-1	1,500E+1
27,238	0,000	0,200	3,000E-1	1,500E+1
27,438	0,000	0,200	3,000E-1	1,500E+1
27,638	0,000	0,200	3,000E-1	1,500E+1
27,838	0,000	0,200	3,000E-1	1,500E+1
28,038	0,000	0,200	3,000E-1	1,500E+1
28,238	0,000	0,200	3,000E-1	1,500E+1
28,438	0,000	0,200	3,000E-1	1,500E+1
28,638	0,000	0,200	3,000E-1	1,500E+1
28,838	0,000	0,200	3,000E-1	1,500E+1
29,038	0,000	0,200	3,000E-1	1,500E+1
29,238	0,000	0,200	3,000E-1	1,500E+1
29,438	0,000	0,200	3,000E-1	1,500E+1
29,638	0,000	0,200	3,000E-1	1,500E+1
29,838	0,000	0,200	3,000E-1	1,500E+1
30,038	0,000	0,200	3,000E-1	1,500E+1
30,238	0,000	0,200	3,000E-1	1,500E+1
30,439	0,000	0,200	3,000E-1	1,500E+1
30,640	0,000	0,200	3,000E-1	1,500E+1
30,841	0,000	0,200	3,000E-1	1,500E+1
31,040	0,000	0,200	3,000E-1	1,500E+1
31,241	0,000	0,200	3,000E-1	1,500E+1
31,441	0,000	0,200	3,000E-1	1,500E+1
31,641	0,000	0,200	3,000E-1	1,500E+1
31,841	0,000	0,200	3,000E-1	1,500E+1
32,042	0,000	0,200	3,000E-1	1,500E+1
32,242	0,000	0,200	3,000E-1	1,500E+1
32,442	0,000	0,200	3,000E-1	1,500E+1
32,643	0,000	0,200	3,000E-1	1,500E+1
32,843	0,000	0,200	3,000E-1	1,500E+1
33,043	0,000	0,200	3,000E-1	1,500E+1
33,244	0,000	0,200	3,000E-1	1,500E+1
33,444	0,000	0,200	3,000E-1	1,500E+1
33,645	0,000	0,200	3,000E-1	1,500E+1
33,846	0,000	0,200	3,000E-1	1,500E+1
34,046	0,000	0,200	3,000E-1	1,500E+1
34,246	0,000	0,200	3,000E-1	1,500E+1
34,446	0,000	0,200	3,000E-1	1,500E+1
34,646	0,000	0,200	3,000E-1	1,500E+1
34,846	0,000	0,200	3,000E-1	1,500E+1
35,046	0,000	0,200	3,000E-1	1,500E+1
35,246	0,000	0,200	3,000E-1	1,500E+1
35,446	0,000	0,200	3,000E-1	1,500E+1
35,647	0,000	0,200	3,000E-1	1,500E+1
35,847	0,000	0,200	3,000E-1	1,500E+1
36,048	0,000	0,200	3,000E-1	1,500E+1
36,248	0,000	0,200	3,000E-1	1,500E+1
36,448	0,000	0,200	3,000E-1	1,500E+1
36,648	0,000	0,200	3,000E-1	1,500E+1
36,850	0,000	0,200	3,000E-1	1,500E+1
37,049	0,000	0,200	3,000E-1	1,500E+1
37,249	0,000	0,200	3,000E-1	1,500E+1
37,450	0,000	0,200	3,000E-1	1,500E+1
37,650	0,000	0,200	3,000E-1	1,500E+1
37,850	0,000	0,200	3,000E-1	1,500E+1
38,050	0,000	0,200	3,000E-1	1,500E+1
38,250	0,000	0,200	3,000E-1	1,500E+1
38,450	0,000	0,200	3,000E-1	1,500E+1
38,650	0,000	0,200	3,000E-1	1,500E+1
38,850	0,000	0,200	3,000E-1	1,500E+1
39,050	0,000	0,200	3,000E-1	1,500E+1
39,249	0,000	0,200	3,000E-1	1,500E+1
39,451	0,000	0,200	3,000E-1	1,500E+1
39,653	0,000	0,200	3,000E-1	1,500E+1
39,853	0,000	0,200	3,000E-1	1,500E+1
40,054	0,000	0,200	3,000E-1	1,500E+1
40,254	0,000	0,200	3,000E-1	1,500E+1
40,454	0,000	0,200	3,000E-1	1,500E+1
40,654	0,000	0,200	3,000E-1	1,500E+1
40,854	0,000	0,200	3,000E-1	1,500E+1
41,054	0,000	0,200	3,000E-1	1,500E+1
41,255	0,000	0,200	3,000E-1	1,500E+1
41,455	0,000	0,200	3,000E-1	1,500E+1
41,656	0,000	0,200	3,000E-1	1,500E+1
41,857	0,000	0,200	3,000E-1	1,500E+1
42,059	0,000	0,200	3,000E-1	1,500E+1
42,258	0,000	0,200	3,000E-1	1,500E+1
42,458	0,000	0,200	3,000E-1	1,500E+1
42,659	0,000	0,200	3,000E-1	1,500E+1
42,859	0,000	0,200	3,000E-1	1,500E+1
43,059	0,000	0,200	3,000E-1	1,500E+1
43,259	0,000	0,200	3,000E-1	1,500E+1
43,460	0,000	0,200	3,000E-1	1,500E+1
43,660	0,000	0,200	3,000E-1	1,500E+1
43,860	0,000	0,200	3,000E-1	1,500E+1
44,060	0,000	0,200	3,000E-1	1,500E+1
44,261	0,000	0,200	3,000E-1	1,500E+1
44,461	0,000	0,200	3,000E-1	1,500E+1
44,661	0,000	0,200	3,000E-1	1,500E+1
44,861	0,000	0,200	3,000E-1	1,500E+1
45,061	0,000	0,200	3,000E-1	1,500E+1
45,261	0,000	0,200	3,000E-1	1,500E+1
45,461	0,000	0,200	3,000E-1	1,500E+1
45,662	0,000	0,200	3,000E-1	1,500E+1
45,862	0,000	0,200	3,000E-1	1,500E+1
46,062	0,000	0,200	3,000E-1	1,500E+1
46,262	0,000	0,200	3,000E-1	1,500E+1
46,462	0,000	0,200	3,000E-1	1,500E+1
46,662	0,000	0,200	3,000E-1	1,500E+1
46,862	0,000	0,200	3,000E-1	1,500E+1
47,063	0,000	0,200	3,000E-1	1,500E+1
47,264	0,000	0,200	3,000E-1	1,500E+1
47,465	0,000	0,200	3,000E-1	1,500E+1
47,665	0,000	0,200	3,000E-1	1,500E+1
47,866	0,000	0,200	3,000E-1	1,500E+1
48,066	0,000	0,200	3,000E-1	1,500E+1
48,267	0,000	0,200	3,000E-1	1,500E+1
48,468	0,000	0,200	3,000E-1	1,500E+1
48,668	0,000	0,200	3,000E-1	1,500E+1
48,868	0,000	0,200	3,000E-1	1,500E+1
49,068	0,000	0,200	3,000E-1	1,500E+1
49,269	0,000	0,200	3,000E-1	1,500E+1
49,469	0,000	0,200	3,000E-1	1,500E+1
49,669	0,000	0,200	3,000E-1	1,500E+1
49,869	0,000	0,200	3,000E-1	1,500E+1
50,069	0,000	0,200	3,000E-1	1,500E+1
50,269	0,000	0,200	3,000E-1	1,500E+1
50,469	0,000	0,200	3,000E-1	1,500E+1
50,669	0,000	0,200	3,000E-1	1,500E+1
50,869	0,000	0,200	3,000E-1	1,500E+1
51,069	0,000	0,200	3,000E-1	1,500E+1
51,270	0,000	0,200	3,000E-1	1,500E+1
51,470	0,000	0,200	3,000E-1	1,500E+1
51,670	0,000	0,200	3,000E-1	1,500E+1
51,871	0,000	0,200	3,000E-1	1,500E+1
52,071	0,000	0,200	3,000E-1	1,500E+1
52,272	0,000	0,200	3,000E-1	1,500E+1
52,472	0,000	0,200	3,000E-1	1,500E+1
52,672	0,000	0,200	3,000E-1	1,500E+1
52,873	0,000	0,200	3,000E-1	1,500E+1
53,074	0,000	0,200	3,000E-1	1,500E+1
53,275	0,000	0,200	3,000E-1	1,500E+1
53,476	0,000	0,200	3,000E-1	1,500E+1
53,676	0,000	0,200	3,000E-1	1,500E+1
53,876	0,000	0,200	3,000E-1	1,500E+1
54,076	0,000	0,200	3,000E-1	1,500E+1
54,276	0,000	0,200	3,000E-1	1,500E+1
54,475	0,000	0,200	3,000E-1	1,500E+1
54,676	0,000	0,200	3,000E-1	1,500E+1
54,876	0,000	0,200	3,000E-1	1,500E+1
55,076	0,000	0,200	3,000E-1	1,500E+1
55,276	0,000	0,200	3,000E-1	1,500E+1
55,476	0,000	0,200	3,000E-1	1,500E+1
55,678	0,000	0,200	3,000E-1	1,500E+1
55,877	0,000	0,200	3,000E-1	1,500E+1
56,077	0,000	0,200	3,000E-1	1,500E+1
56,277	0,000	0,200	3,000E-1	1,500E+1
56,477	0,000	0,200	7,350E+0	1,500E+1
56,678	0,184	0,200	7,350E+0	1,500E+1
56,879	0,184	0,200	1,494E+1	1,500E+1
57,079	0,200	0,200	1,494E+1	1,500E+1
57,279	0,200	0,200	1,237E+1	1,500E+1
57,479	0,200	0,200	1,237E+1	1,500E+1
57,680	0,200	0,200	1,237E+1	1,500E+1
57,880	0,200	0,200	1,238E+1	1,500E+1
58,081	0,200	0,200	1,238E+1	1,500E+1
58,281	0,200	0,200	1,238E+1	1,500E+1
58,481	0,200	0,200	1,238E+1	1,500E+1
58,683	0,200	0,200	1,238E+1	1,500E+1
58,883	0,200	0,200	1,238E+1	1,500E+1
59,083	0,200	0,200	1,238E+1	1,500E+1
59,284	0,200	0,200	1,238E+1	1,500E+1
59,485	0,200	0,200	1,238E+1	1,500E+1
59,685	0,200	0,200	1,238E+1	1,500E+1
59,885	0,200	0,200	1,238E+1	1,500E+1
60,086	0,200	0,200	1,238E+1	1,500E+1
60,286	0,200	0,200	1,238E+1	1,500E+1
60,486	0,200	0,200	1,238E+1	1,500E+1
60,686	0,200	0,200	1,238E+1	1,500E+1
60,887	0,200	0,200	1,238E+1	1,500E+1
61,087	0,200	0,200	1,238E+1	1,500E+1
61,288	0,200	0,200	1,238E+1	1,500E+1
61,489	0,200	0,200	1,239E+1	1,500E+1
61,690	0,200	0,200	1,238E+1	1,500E+1
61,890	0,200	0,200	1,238E+1	1,500E+1
62,091	0,200	0,200	1,238E+1	1,500E+1
62,290	0,200	0,200	1,238E+1	1,500E+1
62,490	0,200	0,200	1,238E+1	1,500E+1
62,690	0,200	0,200	1,238E+1	1,500E+1
62,890	0,200	0,200	1,238E+1	1,500E+1
63,092	0,200	0,200	1,238E+1	1,500E+1
63,292	0,200	0,200	1,238E+1	1,500E+1
63,493	0,200	0,200	1,238E+1	1,500E+1
63,693	0,200	0,200	1,238E+1	1,500E+1
63,894	0,200	0,200	1,238E+1	1,500E+1
64,094	0,200	0,200	1,238E+1	1,500E+1
64,294	0,200	0,200	1,238E+1	1,500E+1
64,494	0,200	0,200	1,238E+1	1,500E+1
64,695	0,200	0,200	1,238E+1	1,500E+1
64,894	0,200	0,200	1,238E+1	1,500E+1
65,095	0,200	0,200	1,238E+1	1,500E+1
65,296	0,200	0,200	1,239E+1	1,500E+1
65,496	0,200	0,200	1,239E+1	1,500E+1
65,696	0,200	0,200	1,239E+1	1,500E+1
65,896	0,200	0,200	1,239E+1	1,500E+1
66,096	0,200	0,200	1,239E+1	1,500E+1
66,296	0,200	0,200	1,239E+1	1,500E+1
66,496	0,200	0,200	1,239E+1	1,500E+1
66,697	0,200	0,200	1,239E+1	1,500E+1
66,897	0,200	0,200	1,239E+1	1,500E+1
67,098	0,200	0,200	1,239E+1	1,500E+1
67,299	0,200	0,200	1,239E+1	1,500E+1
67,499	0,200	0,200	1,239E+1	1,500E+1
67,700	0,200	0,200	1,239E+1	1,500E+1
67,901	0,200	0,200	1,239E+1	1,500E+1
68,101	0,200	0,200	1,239E+1	1,500E+1
68,301	0,200	0,200	1,239E+1	1,500E+1
68,502	0,200	0,200	1,239E+1	1,500E+1
68,703	0,200	0,200	1,239E+1	1,500E+1
68,903	0,200	0,200	1,239E+1	1,500E+1
69,103	0,200	0,200	1,239E+1	1,500E+1
69,303	0,200	0,200	1,239E+1	1,500E+1
69,503	0,200	0,200	1,239E+1	1,500E+1
69,703	0,200	0,200	1,239E+1	1,500E+1
69,903	0,200	0,200	1,239E+1	1,500E+1
70,103	0,200	0,200	1,239E+1	1,500E+1
70,303	0,200	0,200	1,239E+1	1,500E+1
70,503	0,200	0,200	1,239E+1	1,500E+1
70,703	0,200	0,200	1,239E+1	1,500E+1
70,903	0,200	0,200	1,239E+1	1,500E+1
71,103	0,200	0,200	1,239E+1	1,500E+1
71,303	0,200	0,200	1,239E+1	1,500E+1
71,503	0,200	0,200	1,239E+1	1,500E+1
71,703	0,200	0,200	1,239E+1	1,500E+1
71,903	0,200	0,200	1,239E+1	1,500E+1
72,103	0,200	0,200	1,239E+1	1,500E+1
72,303	0,200	0,200	1,239E+1	1,500E+1
72,504	0,200	0,200	1,239E+1	1,500E+1
72,705	0,200	0,200	1,240E+1	1,500E+1
72,905	0,200	0,200	1,239E+1	1,500E+1
73,105	0,200	0,200	1,239E+1	1,500E+1
73,306	0,200	0,200	1,239E+1	1,500E+1
73,506	0,200	0,200	1,239E+1	1,500E+1
73,707	0,200	0,200	1,239E+1	1,500E+1
73,907	0,200	0,200	1,239E+1	1,500E+1
74,107	0,200	0,200	1,240E+1	1,500E+1
74,307	0,200	0,200	1,240E+1	1,500E+1
74,507	0,200	0,200	1,240E+1	1,500E+1
74,708	0,200	0,200	1,239E+1	1,500E+1
74,908	0,200	0,200	1,239E+1	1,500E+1
75,108	0,200	0,200	1,239E+1	1,500E+1
75,308	0,200	0,200	1,240E+1	1,500E+1
75,508	0,200	0,200	1,240E+1	1,500E+1
75,708	0,200	0,200	1,240E+1	1,500E+1
75,909	0,200	0,200	1,240E+1	1,500E+1
76,110	0,200	0,200	1,240E+1	1,500E+1
76,309	0,200	0,200	1,240E+1	1,500E+1
76,509	0,200	0,200	1,240E+1	1,500E+1
76,709	0,200	0,200	1,240E+1	1,500E+1
76,910	0,200	0,200	1,240E+1	1,500E+1
77,111	0,200	0,200	1,240E+1	1,500E+1
77,311	0,200	0,200	1,240E+1	1,500E+1
77,511	0,200	0,200	1,240E+1	1,500E+1
77,711	0,200	0,200	1,240E+1	1,500E+1
77,911	0,200	0,200	1,240E+1	1,500E+1
78,111	0,200	0,200	1,240E+1	1,500E+1
78,311	0,200	0,200	1,240E+1	1,500E+1
78,512	0,200	0,200	1,240E+1	1,500E+1
78,712	0,200	0,200	1,240E+1	1,500E+1
78,912	0,200	0,200	1,240E+1	1,500E+1
79,112	0,200	0,200	1,240E+1	1,500E+1
79,313	0,200	0,200	1,240E+1	1,500E+1
79,513	0,200	0,200	1,240E+1	1,500E+1
79,714	0,200	0,200	1,240E+1	1,500E+1
79,915	0,200	0,200	1,240E+1	1,500E+1
80,115	0,200	0,200	1,240E+1	1,500E+1
80,317	0,200	0,200	1,240E+1	1,500E+1
80,518	0,200	0,200	1,240E+1	1,500E+1
80,717	0,200	0,200	1,240E+1	1,500E+1
80,918	0,200	0,200	1,240E+1	1,500E+1
81,119	0,200	0,200	1,240E+1	1,500E+1
81,319	0,200	0,200	1,240E+1	1,500E+1
81,519	0,200	0,200	1,240E+1	1,500E+1
81,719	0,200	0,200	1,240E+1	1,500E+1
81,919	0,200	0,200	1,240E+1	1,500E+1
82,120	0,200	0,200	1,241E+1	1,500E+1
82,320	0,200	0,200	1,241E+1	1,500E+1
82,520	0,200	0,200	1,240E+1	1,500E+1
82,721	0,200	0,200	1,240E+1	1,500E+1
82,921	0,200	0,200	1,240E+1	1,500E+1
83,122	0,200	0,200	1,240E+1	1,500E+1
83,323	0,200	0,200	1,241E+1	1,500E+1
83,522	0,200	0,200	1,241E+1	1,500E+1
83,723	0,200	0,200	1,241E+1	1,500E+1
83,923	0,200	0,200	1,241E+1	1,500E+1
84,123	0,200	0,200	1,241E+1	1,500E+1
84,324	0,200	0,200	1,241E+1	1,500E+1
84,524	0,200	0,200	1,241E+1	1,500E+1
84,724	0,200	0,200	1,241E+1	1,500E+1
84,925	0,200	0,200	1,241E+1	1,500E+1
85,125	0,200	0,200	1,241E+1	1,500E+1
85,325	0,200	0,200	1,241E+1	1,500E+1
85,526	0,200	0,200	1,241E+1	1,500E+1
85,726	0,200	0,200	1,241E+1	1,500E+1
85,927	0,200	0,200	1,241E+1	1,500E+1
86,127	0,200	0,200	1,241E+1	1,500E+1
86,327	0,200	0,200	1,241E+1	1,500E+1
86,527	0,200	0,200	1,241E+1	1,500E+1
86,728	0,200	0,200	1,241E+1	1,500E+1
86,928	0,200	0,200	1,241E+1	1,500E+1
87,130	0,200	0,200	1,241E+1	1,500E+1
87,329	0,200	0,200	1,241E+1	1,500E+1
87,530	0,200	0,200	1,241E+1	1,500E+1
87,730	0,200	0,200	1,241E+1	1,500E+1
87,931	0,200	0,200	1,241E+1	1,500E+1
88,132	0,200	0,200	1,241E+1	1,500E+1
88,332	0,200	0,200	1,241E+1	1,500E+1
88,532	0,200	0,200	1,241E+1	1,500E+1
88,732	0,200	0,200	1,241E+1	1,500E+1
88,932	0,200	0,200	1,241E+1	1,500E+1
89,132	0,200	0,200	1,241E+1	1,500E+1
89,332	0,200	0,200	1,242E+1	1,500E+1
89,533	0,200	0,200	1,241E+1	1,500E+1
89,733	0,200	0,200	1,241E+1	1,500E+1
89,933	0,200	0,200	1,241E+1	1,500E+1
90,133	0,200	0,200	1,241E+1	1,500E+1
90,333	0,200	0,200	1,241E+1	1,500E+1
90,533	0,200	0,200	1,241E+1	1,500E+1
90,733	0,200	0,200	1,241E+1	1,500E+1
90,934	0,200	0,200	1,242E+1	1,500E+1
91,133	0,200	0,200	1,242E+1	1,500E+1
91,334	0,200	0,200	1,242E+1	1,500E+1
91,533	0,200	0,200	1,242E+1	1,500E+1
91,734	0,200	0,200	1,242E+1	1,500E+1
91,934	0,200	0,200	1,242E+1	1,500E+1
92,133	0,200	0,200	1,242E+1	1,500E+1
92,335	0,200	0,200	1,242E+1	1,500E+1
92,535	0,200	0,200	1,242E+1	1,500E+1
92,735	0,200	0,200	1,242E+1	1,500E+1
92,936	0,200	0,200	1,242E+1	1,500E+1
93,136	0,200	0,200	1,242E+1	1,500E+1
93,336	0,200	0,200	1,242E+1	1,500E+1
93,535	0,200	0,200	1,242E+1	1,500E+1
93,736	0,200	0,200	1,242E+1	1,500E+1
93,936	0,200	0,200	1,242E+1	1,500E+1
94,136	0,200	0,200	1,242E+1	1,500E+1
94,336	0,200	0,200	1,242E+1	1,500E+1
94,536	0,200	0,200	1,242E+1	1,500E+1
94,736	0,200	0,200	1,242E+1	1,500E+1
94,936	0,200	0,200	1,242E+1	1,500E+1
95,136	0,200	0,200	1,242E+1	1,500E+1
95,338	0,200	0,200	1,242E+1	1,500E+1
95,538	0,200	0,200	1,242E+1	1,500E+1
95,738	0,200	0,200	1,242E+1	1,500E+1
95,938	0,200	0,200	1,242E+1	1,500E+1
96,138	0,200	0,200	1,242E+1	1,500E+1
96,338	0,200	0,200	1,242E+1	1,500E+1
96,537	0,200	0,200	1,242E+1	1,500E+1
96,738	0,200	0,200	1,242E+1	1,500E+1
96,938	0,200	0,200	1,242E+1	1,500E+1
97,138	0,200	0,200	1,242E+1	1,500E+1
97,338	0,200	0,200	1,242E+1	1,500E+1
97,539	0,200	0,200	1,243E+1	1,500E+1
97,739	0,200	0,200	1,243E+1	1,500E+1
97,939	0,200	0,200	1,243E+1	1,500E+1
98,140	0,200	0,200	1,243E+1	1,500E+1
98,339	0,200	0,200	1,243E+1	1,500E+1
98,541	0,200	0,200	1,243E+1	1,500E+1
98,741	0,200	0,200	1,243E+1	1,500E+1
98,942	0,200	0,200	1,243E+1	1,500E+1
99,142	0,200	0,200	1,243E+1	1,500E+1
99,342	0,200	0,200	1,243E+1	1,500E+1
99,543	0,200	0,200	1,243E+1	1,500E+1
99,743	0,200	0,200	1,243E+1	1,500E+1
99,943	0,200	0,200	1,243E+1	1,500E+1
100,143	0,200	0,200	1,243E+1	1,500E+1
100,343	0,200	0,200	1,243E+1	1,500E+1
100,544	0,200	0,200	1,243E+1	1,500E+1
100,744	0,200	0,200	1,243E+1	1,500E+1
100,944	0,200	0,200	1,243E+1	1,500E+1
101,144	0,200	0,200	1,243E+1	1,500E+1
101,345	0,200	0,200	1,243E+1	1,500E+1
101,545	0,200	0,200	1,243E+1	1,500E+1
101,745	0,200	0,200	1,243E+1	1,500E+1
101,945	0,200	0,200	1,243E+1	1,500E+1
102,146	0,200	0,200	1,243E+1	1,500E+1
102,346	0,200	0,200	1,243E+1	1,500E+1
102,546	0,200	0,200	1,243E+1	1,500E+1
102,746	0,200	0,200	1,243E+1	1,500E+1
102,946	0,200	0,200	1,243E+1	1,500E+1
103,146	0,200	0,200	1,243E+1	1,500E+1
103,347	0,200	0,200	1,243E+1	1,500E+1
103,547	0,200	0,200	1,243E+1	1,500E+1
103,748	0,200	0,200	1,243E+1	1,500E+1
103,949	0,200	0,200	1,244E+1	1,500E+1
104,149	0,200	0,200	1,244E+1	1,500E+1
104,348	0,200	0,150	1,243E+1	1,500E+1
104,549	0,200	0,150	1,243E+1	1,500E+1
104,749	0,200	0,150	1,243E+1	1,500E+1
104,950	0,200	0,150	1,243E+1	1,500E+1
105,149	0,200	0,150	1,244E+1	1,500E+1
105,349	0,200	0,150	1,243E+1	1,500E+1
105,549	0,200	0,150	1,243E+1	1,500E+1
105,749	0,200	0,150	1,243E+1	1,500E+1
105,950	0,200	0,150	1,244E+1	1,500E+1
106,150	0,200	0,150	1,244E+1	1,500E+1
106,351	0,200	0,150	1,146E+1	1,500E+1
106,551	0,150	0,150	1,146E+1	1,500E+1
106,751	0,150	0,150	9,410E+0	1,500E+1
106,952	0,150	0,150	9,410E+0	1,500E+1
107,153	0,150	0,150	9,410E+0	1,500E+1
107,353	0,150	0,150	9,410E+0	1,500E+1
107,553	0,150	0,150	9,410E+0	1,500E+1
107,753	0,150	0,150	9,410E+0	1,500E+1
107,954	0,150	0,150	9,410E+0	1,500E+1
108,154	0,150	0,150	9,410E+0	1,500E+1
108,354	0,150	0,150	9,410E+0	1,500E+1
108,555	0,150	0,150	9,410E+0	1,500E+1
108,755	0,150	0,150	9,410E+0	1,500E+1
108,955	0,150	0,150	9,410E+0	1,500E+1
109,155	0,150	0,150	9,410E+0	1,500E+1
109,355	0,150	0,150	9,410E+0	1,500E+1
109,555	0,150	0,150	9,410E+0	1,500E+1
109,755	0,150	0,150	9,410E+0	1,500E+1
109,956	0,150	0,150	9,410E+0	1,500E+1
110,156	0,150	0,150	9,410E+0	1,500E+1
110,356	0,150	0,150	9,410E+0	1,500E+1
110,556	0,150	0,150	9,410E+0	1,500E+1
110,757	0,150	0,150	9,410E+0	1,500E+1
110,958	0,150	0,150	9,410E+0	1,500E+1
111,158	0,150	0,150	9,410E+0	1,500E+1
111,358	0,150	0,150	9,410E+0	1,500E+1
111,558	0,150	0,150	9,410E+0	1,500E+1
111,758	0,150	0,150	9,410E+0	1,500E+1
111,959	0,150	0,150	9,410E+0	1,500E+1
112,159	0,150	0,150	9,410E+0	1,500E+1
112,359	0,150	0,150	9,410E+0	1,500E+1
112,559	0,150	0,150	9,410E+0	1,500E+1
112,760	0,150	0,150	9,410E+0	1,500E+1
112,960	0,150	0,150	9,410E+0	1,500E+1
113,160	0,150	0,150	9,410E+0	1,500E+1
113,360	0,150	0,150	9,410E+0	1,500E+1
113,561	0,150	0,150	9,410E+0	1,500E+1
113,761	0,150	0,150	9,410E+0	1,500E+1
113,962	0,150	0,150	9,410E+0	1,500E+1
114,163	0,150	0,150	9,410E+0	1,500E+1
114,363	0,150	0,150	9,410E+0	1,500E+1
114,564	0,150	0,150	9,420E+0	1,500E+1
114,764	0,150	0,150	9,410E+0	1,500E+1
114,965	0,150	0,150	9,410E+0	1,500E+1
115,165	0,150	0,150	9,410E+0	1,500E+1
115,365	0,150	0,150	9,410E+0	1,500E+1
115,566	0,150	0,150	9,410E+0	1,500E+1
115,766	0,150	0,150	9,410E+0	1,500E+1
115,966	0,150	0,150	9,420E+0	1,500E+1
116,166	0,150	0,150	9,420E+0	1,500E+1
116,366	0,150	0,150	9,420E+0	1,500E+1
116,566	0,150	0,150	9,410E+0	1,500E+1
116,766	0,150	0,150	9,420E+0	1,500E+1
116,966	0,150	0,150	9,420E+0	1,500E+1
117,165	0,150	0,150	9,420E+0	1,500E+1
117,367	0,150	0,150	9,420E+0	1,500E+1
117,567	0,150	0,150	9,420E+0	1,500E+1
117,767	0,150	0,150	9,410E+0	1,500E+1
117,967	0,150	0,150	9,420E+0	1,500E+1
118,167	0,150	0,150	9,420E+0	1,500E+1
118,367	0,150	0,150	9,420E+0	1,500E+1
118,567	0,150	0,150	9,420E+0	1,500E+1
118,768	0,150	0,150	9,420E+0	1,500E+1
118,969	0,150	0,150	9,420E+0	1,500E+1
119,169	0,150	0,150	9,420E+0	1,500E+1
119,369	0,150	0,150	9,420E+0	1,500E+1
119,570	0,150	0,150	9,420E+0	1,500E+1
119,770	0,150	0,150	9,420E+0	1,500E+1
119,971	0,150	0,150	9,420E+0	1,500E+1
120,172	0,150	0,150	9,420E+0	1,500E+1
120,372	0,150	0,150	9,420E+0	1,500E+1
120,573	0,150	0,150	9,420E+0	1,500E+1
120,773	0,150	0,150	9,420E+0	1,500E+1
120,973	0,150	0,150	9,420E+0	1,500E+1
121,174	0,150	0,150	9,420E+0	1,500E+1
121,374	0,150	0,150	9,420E+0	1,500E+1
121,574	0,150	0,150	9,420E+0	1,500E+1
121,776	0,150	0,150	9,420E+0	1,500E+1
121,977	0,150	0,150	9,420E+0	1,500E+1
122,177	0,150	0,150	9,420E+0	1,500E+1
122,376	0,150	0,150	9,420E+0	1,500E+1
122,577	0,150	0,150	9,420E+0	1,500E+1
122,777	0,150	0,150	9,420E+0	1,500E+1
122,978	0,150	0,150	9,420E+0	1,500E+1
123,178	0,150	0,150	9,420E+0	1,500E+1
123,378	0,150	0,150	9,420E+0	1,500E+1
123,578	0,150	0,150	9,420E+0	1,500E+1
123,778	0,150	0,150	9,420E+0	1,500E+1
123,978	0,150	0,150	9,420E+0	1,500E+1
124,178	0,150	0,150	9,420E+0	1,500E+1
124,378	0,150	0,150	9,420E+0	1,500E+1
124,578	0,150	0,150	9,420E+0	1,500E+1
124,778	0,150	0,150	9,430E+0	1,500E+1
124,978	0,150	0,150	9,420E+0	1,500E+1
125,179	0,150	0,150	9,420E+0	1,500E+1
125,380	0,150	0,150	9,420E+0	1,500E+1
125,580	0,150	0,150	9,420E+0	1,500E+1
125,780	0,150	0,150	9,420E+0	1,500E+1
125,980	0,150	0,150	9,420E+0	1,500E+1
126,180	0,150	0,150	9,420E+0	1,500E+1
126,380	0,150	0,150	9,420E+0	1,500E+1
126,580	0,150	0,150	9,430E+0	1,500E+1
126,780	0,150	0,150	9,430E+0	1,500E+1
126,981	0,150	0,150	9,430E+0	1,500E+1
127,181	0,150	0,150	9,430E+0	1,500E+1
127,381	0,150	0,150	9,420E+0	1,500E+1
127,581	0,150	0,150	9,420E+0	1,500E+1
127,781	0,150	0,150	9,420E+0	1,500E+1
127,982	0,150	0,150	9,420E+0	1,500E+1
128,183	0,150	0,150	9,420E+0	1,500E+1
128,384	0,150	0,150	9,420E+0	1,500E+1
128,585	0,150	0,150	9,430E+0	1,500E+1
128,786	0,150	0,150	9,430E+0	1,500E+1
128,986	0,150	0,150	9,430E+0	1,500E+1
129,186	0,150	0,150	9,430E+0	1,500E+1
129,386	0,150	0,150	9,430E+0	1,500E+1
129,586	0,150	0,150	9,430E+0	1,500E+1
129,786	0,150	0,150	9,430E+0	1,500E+1
129,986	0,150	0,150	9,430E+0	1,500E+1
130,186	0,150	0,150	9,430E+0	1,500E+1
130,386	0,150	0,150	9,430E+0	1,500E+1
130,586	0,150	0,150	9,430E+0	1,500E+1
130,786	0,150	0,150	9,430E+0	1,500E+1
130,988	0,150	0,150	9,420E+0	1,500E+1
131,187	0,150	0,150	9,430E+0	1,500E+1
131,387	0,150	0,150	9,430E+0	1,500E+1
131,587	0,150	0,150	9,430E+0	1,500E+1
131,788	0,150	0,150	9,430E+0	1,500E+1
131,988	0,150	0,150	9,430E+0	1,500E+1
132,189	0,150	0,150	9,430E+0	1,500E+1
132,389	0,150	0,150	9,430E+0	1,500E+1
132,589	0,150	0,150	9,430E+0	1,500E+1
132,789	0,150	0,150	9,430E+0	1,500E+1
132,989	0,150	0,150	9,430E+0	1,500E+1
133,188	0,150	0,150	9,430E+0	1,500E+1
133,391	0,150	0,150	9,430E+0	1,500E+1
133,590	0,150	0,150	9,430E+0	1,500E+1
133,790	0,150	0,150	9,430E+0	1,500E+1
133,990	0,150	0,150	9,430E+0	1,500E+1
134,191	0,150	0,150	9,430E+0	1,500E+1
134,391	0,150	0,150	9,430E+0	1,500E+1
134,591	0,150	0,150	9,430E+0	1,500E+1
134,791	0,150	0,150	9,430E+0	1,500E+1
134,991	0,150	0,150	9,430E+0	1,500E+1
135,191	0,150	0,150	9,430E+0	1,500E+1
135,391	0,150	0,150	9,430E+0	1,500E+1
135,592	0,150	0,150	9,430E+0	1,500E+1
135,792	0,150	0,150	9,430E+0	1,500E+1
135,992	0,150	0,150	9,430E+0	1,500E+1
136,192	0,150	0,150	9,430E+0	1,500E+1
136,392	0,150	0,150	9,430E+0	1,500E+1
136,593	0,150	0,150	9,430E+0	1,500E+1
136,793	0,150	0,150	9,430E+0	1,500E+1
136,993	0,150	0,150	9,430E+0	1,500E+1
137,193	0,150	0,150	9,430E+0	1,500E+1
137,393	0,150	0,150	9,430E+0	1,500E+1
137,594	0,150	0,150	9,430E+0	1,500E+1
137,793	0,150	0,150	9,430E+0	1,500E+1
137,994	0,150	0,150	5,880E+0	1,500E+1
138,194	0,015	0,150	5,880E+0	1,500E+1
138,394	0,000	0,150	3,000E-1	1,500E+1
138,595	0,000	0,150	3,000E-1	1,500E+1
138,795	0,000	0,150	3,000E-1	1,500E+1
138,995	0,000	0,150	3,000E-1	1,500E+1
139,195	0,000	0,150	3,000E-1	1,500E+1
139,395	0,000	0,150	3,000E-1	1,500E+1
139,595	0,000	0,150	3,000E-1	1,500E+1
139,797	0,000	0,150	3,000E-1	1,500E+1
139,998	0,000	0,150	3,000E-1	1,500E+1
140,198	0,000	0,150	3,000E-1	1,500E+1
140,398	0,000	0,150	3,000E-1	1,500E+1
140,598	0,000	0,150	3,000E-1	1,500E+1
140,798	0,000	0,150	3,000E-1	1,500E+1
140,998	0,000	0,150	3,000E-1	1,500E+1
141,198	0,000	0,150	3,000E-1	1,500E+1
141,399	0,000	0,150	3,000E-1	1,500E+1
141,599	0,000	0,150	3,000E-1	1,500E+1
141,800	0,000	0,150	3,000E-1	1,500E+1
142,000	0,000	0,150	3,000E-1	1,500E+1
142,200	0,000	0,150	3,000E-1	1,500E+1
142,400	0,000	0,150	3,000E-1	1,500E+1
142,600	0,000	0,150	3,000E-1	1,500E+1
142,800	0,000	0,150	3,000E-1	1,500E+1
143,000	0,000	0,150	3,000E-1	1,500E+1
143,200	0,000	0,150	3,000E-1	1,500E+1
143,400	0,000	0,150	3,000E-1	1,500E+1
143,601	0,000	0,150	3,000E-1	1,500E+1
143,802	0,000	0,150	3,000E-1	1,500E+1
144,002	0,000	0,150	3,000E-1	1,500E+1
144,202	0,000	0,150	3,000E-1	1,500E+1
144,402	0,000	0,150	3,000E-1	1,500E+1
144,602	0,000	0,150	3,000E-1	1,500E+1
144,802	0,000	0,150	3,000E-1	1,500E+1
145,004	0,000	0,150	3,000E-1	1,500E+1
145,203	0,000	0,150	3,000E-1	1,500E+1
145,403	0,000	0,150	3,000E-1	1,500E+1
145,603	0,000	0,150	3,000E-1	1,500E+1
145,804	0,000	0,150	3,000E-1	1,500E+1
146,005	0,000	0,150	3,000E-1	1,500E+1
146,205	0,000	0,150	3,000E-1	1,500E+1
146,406	0,000	0,150	3,000E-1	1,500E+1
146,606	0,000	0,150	3,000E-1	1,500E+1
146,806	0,000	0,150	3,000E-1	1,500E+1
147,006	0,000	0,150	3,000E-1	1,500E+1
147,207	0,000	0,150	3,000E-1	1,500E+1
147,407	0,000	0,150	3,000E-1	1,500E+1
147,608	0,000	0,150	3,000E-1	1,500E+1
147,808	0,000	0,150	3,000E-1	1,500E+1
148,009	0,000	0,150	3,000E-1	1,500E+1
148,209	0,000	0,150	3,000E-1	1,500E+1
148,409	0,000	0,150	3,000E-1	1,500E+1
148,610	0,000	0,150	3,000E-1	1,500E+1
148,811	0,000	0,150	3,000E-1	1,500E+1
149,012	0,000	0,150	3,000E-1	1,500E+1
149,213	0,000	0,150	3,000E-1	1,500E+1
149,413	0,000	0,150	3,000E-1	1,500E+1
149,613	0,000	0,150	3,000E-1	1,500E+1
149,814	0,000	0,150	3,000E-1	1,500E+1
150,014	0,000	0,150	3,000E-1	1,500E+1
150,215	0,000	0,150	3,000E-1	1,500E+1
150,415	0,000	0,150	3,000E-1	1,500E+1
150,615	0,000	0,150	3,000E-1	1,500E+1
150,815	0,000	0,150	3,000E-1	1,500E+1
151,016	0,000	0,150	3,000E-1	1,500E+1
151,217	0,000	0,150	3,000E-1	1,500E+1
151,418	0,000	0,150	3,000E-1	1,500E+1
