Time [s]	PV [ºC]	SP [ºC]	Duty Cycle 
0,000	0,000	25,000	9,990E+1
0,000	20,159	25,000	1,000E-2
1,000	20,162	25,000	1,095E-1
2,001	20,163	25,000	2,685E-1
4,001	20,168	25,000	3,086E-1
5,001	20,164	25,000	6,855E-1
6,001	20,166	25,000	8,244E-1
7,001	20,162	25,000	1,201E+0
8,001	20,165	25,000	1,321E+0
9,001	20,166	25,000	1,479E+0
10,001	20,171	25,000	1,500E+0
11,002	20,175	25,000	1,579E+0
12,002	20,182	25,000	1,500E+0
13,002	20,205	25,000	8,257E-1
14,002	20,214	25,000	6,658E-1
15,002	20,226	25,000	4,067E-1
16,002	20,245	25,000	1,000E-2
17,002	20,262	25,000	1,000E-2
18,002	20,269	25,000	1,000E-2
19,002	20,267	25,000	2,831E-1
20,002	20,263	25,000	6,553E-1
21,002	20,257	25,000	1,107E+0
22,002	20,258	25,000	1,281E+0
23,002	20,261	25,000	1,357E+0
24,003	20,264	25,000	1,492E+0
25,003	20,270	25,000	1,428E+0
26,003	20,270	25,000	1,681E+0
27,003	20,274	25,000	1,697E+0
28,003	20,279	25,000	1,752E+0
29,003	20,286	25,000	1,668E+0
30,003	20,292	25,000	1,643E+0
31,003	20,300	25,000	1,558E+0
32,003	20,311	25,000	1,315E+0
33,003	20,323	25,000	1,051E+0
34,003	20,338	25,000	6,681E-1
35,003	20,347	25,000	5,218E-1
36,003	20,358	25,000	2,762E-1
37,004	20,360	25,000	4,263E-1
38,004	20,366	25,000	3,981E-1
39,004	20,374	25,000	2,708E-1
40,004	20,383	25,000	1,624E-1
41,004	20,391	25,000	3,434E-2
42,004	20,383	25,000	5,592E-1
43,004	20,381	25,000	8,469E-1
44,004	20,385	25,000	8,970E-1
45,004	20,383	25,000	1,185E+0
46,004	20,370	25,000	1,888E+0
47,004	20,364	25,000	2,335E+0
48,004	20,361	25,000	2,683E+0
49,005	20,364	25,000	2,754E+0
50,005	20,372	25,000	2,666E+0
51,005	20,389	25,000	2,201E+0
52,005	20,395	25,000	2,192E+0
53,005	20,395	25,000	2,360E+0
54,005	20,393	25,000	2,667E+0
55,005	20,398	25,000	2,677E+0
56,005	20,403	25,000	2,687E+0
57,005	20,405	25,000	2,795E+0
58,005	20,409	25,000	2,884E+0
59,006	20,416	25,000	2,794E+0
60,006	20,426	25,000	2,585E+0
61,006	20,435	25,000	2,455E+0
62,006	20,446	25,000	2,245E+0
63,006	20,452	25,000	2,193E+0
64,006	20,448	25,000	2,537E+0
65,006	20,447	25,000	2,822E+0
66,006	20,447	25,000	2,987E+0
67,006	20,447	25,000	3,193E+0
68,006	20,444	25,000	3,557E+0
69,006	20,455	25,000	3,327E+0
70,007	20,457	25,000	3,414E+0
71,007	20,463	25,000	3,381E+0
72,007	20,461	25,000	3,685E+0
73,007	20,457	25,000	4,028E+0
74,007	20,462	25,000	4,035E+0
75,007	20,465	25,000	4,121E+0
76,007	20,454	25,000	4,782E+0
77,007	20,447	25,000	5,284E+0
78,007	20,441	25,000	5,727E+0
79,007	20,441	25,000	5,933E+0
80,007	20,443	25,000	6,060E+0
81,007	20,431	25,000	6,741E+0
82,007	20,433	25,000	6,829E+0
83,008	20,434	25,000	7,015E+0
84,008	20,434	25,000	7,201E+0
85,008	20,437	25,000	7,308E+0
86,008	20,438	25,000	7,455E+0
87,008	20,438	25,000	7,661E+0
88,008	20,440	25,000	7,808E+0
89,008	20,443	25,000	7,915E+0
90,008	20,441	25,000	8,160E+0
91,008	20,441	25,000	8,366E+0
92,008	20,446	25,000	8,393E+0
93,008	20,447	25,000	8,579E+0
94,008	20,453	25,000	8,527E+0
95,009	20,444	25,000	9,089E+0
96,009	20,438	25,000	9,513E+0
97,009	20,432	25,000	9,976E+0
98,009	20,441	25,000	9,806E+0
99,009	20,444	25,000	9,893E+0
100,009	20,447	25,000	9,980E+0
101,009	20,450	25,000	1,011E+1
102,009	20,454	25,000	1,013E+1
103,009	20,444	25,000	1,073E+1
104,009	20,447	25,000	1,080E+1
105,009	20,452	25,000	1,083E+1
106,009	20,450	25,000	1,111E+1
107,009	20,444	25,000	1,158E+1
108,010	20,437	25,000	1,202E+1
109,010	20,441	25,000	1,207E+1
110,010	20,444	25,000	1,215E+1
111,010	20,449	25,000	1,218E+1
112,010	20,440	25,000	1,274E+1
113,010	20,436	25,000	1,311E+1
114,010	20,437	25,000	1,329E+1
115,010	20,435	25,000	1,354E+1
116,010	20,437	25,000	1,369E+1
117,010	20,449	25,000	1,342E+1
118,010	20,459	25,000	1,323E+1
119,010	20,471	25,000	1,296E+1
120,010	20,474	25,000	1,304E+1
121,010	20,483	25,000	1,291E+1
122,011	20,477	25,000	1,335E+1
123,011	20,481	25,000	1,338E+1
124,011	20,478	25,000	1,370E+1
125,011	20,471	25,000	1,416E+1
126,011	20,466	25,000	1,456E+1
127,011	20,462	25,000	1,493E+1
128,011	20,465	25,000	1,501E+1
129,011	20,464	25,000	1,528E+1
130,011	20,468	25,000	1,532E+1
131,011	20,468	25,000	1,553E+1
132,011	20,468	25,000	1,571E+1
133,012	20,471	25,000	1,584E+1
134,012	20,467	25,000	1,618E+1
135,012	20,472	25,000	1,619E+1
136,012	20,457	25,000	1,697E+1
137,012	20,447	25,000	1,759E+1
138,012	20,444	25,000	1,789E+1
139,012	20,441	25,000	1,826E+1
140,012	20,440	25,000	1,848E+1
141,012	20,434	25,000	1,891E+1
142,012	20,447	25,000	1,864E+1
143,012	20,456	25,000	1,845E+1
144,012	20,450	25,000	1,893E+1
145,012	20,459	25,000	1,878E+1
146,013	20,462	25,000	1,886E+1
147,013	20,475	25,000	1,853E+1
148,013	20,482	25,000	1,846E+1
149,013	20,498	25,000	1,803E+1
150,013	20,508	25,000	1,782E+1
151,013	20,511	25,000	1,794E+1
152,013	20,500	25,000	1,854E+1
153,013	20,511	25,000	1,833E+1
154,013	20,518	25,000	1,825E+1
155,013	20,524	25,000	1,820E+1
156,013	20,524	25,000	1,842E+1
157,014	20,523	25,000	1,864E+1
158,014	20,531	25,000	1,855E+1
159,014	20,533	25,000	1,867E+1
160,014	20,526	25,000	1,915E+1
161,014	20,526	25,000	1,935E+1
162,014	20,530	25,000	1,940E+1
163,014	20,523	25,000	1,985E+1
164,014	20,529	25,000	1,984E+1
165,014	20,521	25,000	2,034E+1
166,014	20,526	25,000	2,038E+1
167,014	20,535	25,000	2,019E+1
168,014	20,553	25,000	1,972E+1
169,015	20,558	25,000	1,972E+1
170,015	20,569	25,000	1,948E+1
171,015	20,566	25,000	1,978E+1
172,015	20,565	25,000	2,004E+1
173,015	20,563	25,000	2,030E+1
174,015	20,554	25,000	2,086E+1
175,015	20,543	25,000	2,149E+1
176,015	20,542	25,000	2,172E+1
177,015	20,550	25,000	2,160E+1
178,015	20,556	25,000	2,158E+1
179,015	20,564	25,000	2,147E+1
180,015	20,554	25,000	2,206E+1
181,016	20,548	25,000	2,250E+1
182,016	20,544	25,000	2,284E+1
183,016	20,556	25,000	2,261E+1
184,016	20,559	25,000	2,269E+1
185,016	20,556	25,000	2,301E+1
186,016	20,559	25,000	2,309E+1
187,016	20,558	25,000	2,331E+1
188,016	20,568	25,000	2,311E+1
189,016	20,580	25,000	2,284E+1
190,017	20,588	25,000	2,270E+1
191,017	20,590	25,000	2,286E+1
192,017	20,598	25,000	2,274E+1
193,017	20,596	25,000	2,302E+1
194,017	20,595	25,000	2,326E+1
195,017	20,593	25,000	2,350E+1
196,017	20,603	25,000	2,332E+1
197,017	20,602	25,000	2,356E+1
198,017	20,605	25,000	2,362E+1
199,017	20,602	25,000	2,394E+1
200,017	20,601	25,000	2,419E+1
201,017	20,611	25,000	2,402E+1
202,018	20,623	25,000	2,374E+1
203,018	20,625	25,000	2,382E+1
204,018	20,632	25,000	2,378E+1
205,018	20,636	25,000	2,382E+1
206,018	20,632	25,000	2,415E+1
207,018	20,641	25,000	2,401E+1
208,018	20,645	25,000	2,401E+1
209,018	20,663	25,000	2,350E+1
210,018	20,659	25,000	2,387E+1
211,018	20,656	25,000	2,418E+1
212,018	20,656	25,000	2,438E+1
213,019	20,657	25,000	2,456E+1
214,019	20,651	25,000	2,499E+1
215,019	20,633	25,000	2,590E+1
216,019	20,636	25,000	2,596E+1
217,019	20,624	25,000	2,661E+1
218,019	20,619	25,000	2,705E+1
219,019	20,612	25,000	2,750E+1
220,019	20,618	25,000	2,744E+1
221,019	20,623	25,000	2,748E+1
222,019	20,626	25,000	2,756E+1
223,019	20,626	25,000	2,774E+1
224,020	20,629	25,000	2,784E+1
225,020	20,634	25,000	2,780E+1
226,020	20,640	25,000	2,778E+1
227,020	20,652	25,000	2,750E+1
228,020	20,663	25,000	2,728E+1
229,020	20,670	25,000	2,718E+1
230,020	20,663	25,000	2,767E+1
231,020	20,669	25,000	2,763E+1
232,020	20,668	25,000	2,784E+1
233,020	20,677	25,000	2,768E+1
234,020	20,681	25,000	2,770E+1
235,020	20,692	25,000	2,750E+1
236,020	20,703	25,000	2,726E+1
237,020	20,708	25,000	2,725E+1
238,021	20,736	25,000	2,630E+1
239,021	20,739	25,000	2,639E+1
240,021	20,742	25,000	2,648E+1
241,021	20,752	25,000	2,624E+1
242,021	20,753	25,000	2,641E+1
243,021	20,762	25,000	2,625E+1
244,021	20,760	25,000	2,654E+1
245,021	20,760	25,000	2,673E+1
246,021	20,744	25,000	2,755E+1
247,021	20,748	25,000	2,757E+1
248,022	20,752	25,000	2,758E+1
249,022	20,758	25,000	2,754E+1
250,022	20,761	25,000	2,761E+1
251,022	20,768	25,000	2,752E+1
252,022	20,777	25,000	2,738E+1
253,022	20,765	25,000	2,802E+1
254,022	20,773	25,000	2,792E+1
255,022	20,772	25,000	2,815E+1
256,022	20,765	25,000	2,860E+1
257,022	20,758	25,000	2,908E+1
258,022	20,758	25,000	2,926E+1
259,023	20,755	25,000	2,957E+1
260,023	20,757	25,000	2,970E+1
261,023	20,756	25,000	2,993E+1
262,023	20,763	25,000	2,984E+1
263,023	20,765	25,000	2,994E+1
264,023	20,779	25,000	2,959E+1
265,023	20,787	25,000	2,947E+1
266,023	20,782	25,000	2,985E+1
267,023	20,796	25,000	2,951E+1
268,023	20,796	25,000	2,968E+1
269,023	20,804	25,000	2,955E+1
270,023	20,812	25,000	2,941E+1
271,023	20,816	25,000	2,948E+1
272,023	20,825	25,000	2,929E+1
273,024	20,834	25,000	2,914E+1
274,024	20,836	25,000	2,925E+1
275,024	20,832	25,000	2,958E+1
276,024	20,852	25,000	2,899E+1
277,024	20,857	25,000	2,896E+1
278,024	20,852	25,000	2,937E+1
279,024	20,867	25,000	2,894E+1
280,024	20,864	25,000	2,924E+1
281,024	20,853	25,000	2,987E+1
282,024	20,848	25,000	3,027E+1
283,024	20,860	25,000	2,996E+1
284,024	20,863	25,000	3,005E+1
285,024	20,855	25,000	3,056E+1
286,025	20,855	25,000	3,074E+1
287,025	20,871	25,000	3,026E+1
288,025	20,869	25,000	3,054E+1
289,025	20,876	25,000	3,045E+1
290,025	20,901	25,000	2,967E+1
291,025	20,898	25,000	2,995E+1
292,025	20,914	25,000	2,950E+1
293,025	20,933	25,000	2,895E+1
294,025	20,941	25,000	2,882E+1
295,025	20,934	25,000	2,928E+1
296,025	20,931	25,000	2,958E+1
297,025	20,931	25,000	2,973E+1
298,026	20,944	25,000	2,940E+1
299,026	20,948	25,000	2,942E+1
300,026	20,948	25,000	2,962E+1
301,026	20,953	25,000	2,961E+1
302,026	20,951	25,000	2,985E+1
303,026	20,974	25,000	2,914E+1
304,026	20,974	25,000	2,934E+1
305,026	20,974	25,000	2,949E+1
306,026	20,974	25,000	2,969E+1
307,026	20,974	25,000	2,989E+1
308,026	20,962	25,000	3,051E+1
309,026	20,948	25,000	3,126E+1
310,027	20,937	25,000	3,190E+1
311,027	20,937	25,000	3,207E+1
312,027	20,945	25,000	3,193E+1
313,027	20,947	25,000	3,206E+1
314,027	20,939	25,000	3,254E+1
315,027	20,963	25,000	3,177E+1
316,027	20,972	25,000	3,159E+1
317,027	20,989	25,000	3,110E+1
318,027	20,986	25,000	3,138E+1
319,027	20,974	25,000	3,208E+1
320,027	20,985	25,000	3,180E+1
321,028	20,991	25,000	3,177E+1
322,028	20,995	25,000	3,175E+1
323,028	20,987	25,000	3,225E+1
324,028	21,001	25,000	3,190E+1
325,028	21,025	25,000	3,112E+1
326,028	21,027	25,000	3,123E+1
327,028	21,021	25,000	3,164E+1
328,028	21,016	25,000	3,202E+1
329,028	21,003	25,000	3,272E+1
330,028	20,986	25,000	3,357E+1
331,028	20,991	25,000	3,355E+1
332,029	21,003	25,000	3,326E+1
333,029	20,995	25,000	3,374E+1
334,029	21,001	25,000	3,370E+1
335,029	21,008	25,000	3,362E+1
336,029	21,012	25,000	3,360E+1
337,029	21,004	25,000	3,412E+1
338,029	21,014	25,000	3,388E+1
339,029	21,018	25,000	3,391E+1
340,029	21,002	25,000	3,472E+1
341,030	20,992	25,000	3,534E+1
342,030	21,004	25,000	3,502E+1
343,030	21,015	25,000	3,477E+1
344,030	21,025	25,000	3,455E+1
345,030	21,035	25,000	3,435E+1
346,030	21,035	25,000	3,449E+1
347,030	21,031	25,000	3,485E+1
348,030	21,031	25,000	3,503E+1
349,030	21,060	25,000	3,404E+1
350,030	21,087	25,000	3,317E+1
351,030	21,107	25,000	3,255E+1
352,030	21,127	25,000	3,195E+1
353,030	21,132	25,000	3,191E+1
354,031	21,122	25,000	3,248E+1
355,031	21,110	25,000	3,315E+1
356,031	21,087	25,000	3,420E+1
357,031	21,105	25,000	3,368E+1
358,031	21,139	25,000	3,253E+1
359,031	21,136	25,000	3,279E+1
360,031	21,148	25,000	3,252E+1
361,031	21,139	25,000	3,306E+1
362,031	21,148	25,000	3,283E+1
363,031	21,140	25,000	3,334E+1
364,031	21,166	25,000	3,247E+1
365,032	21,166	25,000	3,264E+1
366,032	21,161	25,000	3,303E+1
367,032	21,157	25,000	3,334E+1
368,032	21,154	25,000	3,364E+1
369,032	21,133	25,000	3,466E+1
370,032	21,123	25,000	3,521E+1
371,032	21,114	25,000	3,578E+1
372,032	21,096	25,000	3,663E+1
373,032	21,103	25,000	3,655E+1
374,032	21,122	25,000	3,596E+1
375,032	21,149	25,000	3,508E+1
376,032	21,149	25,000	3,525E+1
377,032	21,145	25,000	3,561E+1
378,033	21,149	25,000	3,560E+1
379,033	21,142	25,000	3,607E+1
380,033	21,138	25,000	3,641E+1
381,033	21,160	25,000	3,571E+1
382,033	21,166	25,000	3,564E+1
383,033	21,165	25,000	3,584E+1
384,033	21,162	25,000	3,615E+1
385,033	21,163	25,000	3,626E+1
386,033	21,181	25,000	3,574E+1
387,033	21,181	25,000	3,592E+1
388,033	21,184	25,000	3,597E+1
389,033	21,176	25,000	3,642E+1
390,034	21,178	25,000	3,655E+1
391,034	21,166	25,000	3,720E+1
392,034	21,179	25,000	3,682E+1
393,034	21,190	25,000	3,657E+1
394,034	21,207	25,000	3,607E+1
395,034	21,220	25,000	3,575E+1
396,034	21,207	25,000	3,640E+1
397,034	21,205	25,000	3,667E+1
398,034	21,206	25,000	3,680E+1
399,034	21,211	25,000	3,677E+1
400,034	21,212	25,000	3,688E+1
401,034	21,214	25,000	3,699E+1
402,035	21,249	25,000	3,578E+1
403,035	21,244	25,000	3,615E+1
404,035	21,258	25,000	3,576E+1
405,035	21,251	25,000	3,621E+1
406,035	21,241	25,000	3,679E+1
407,035	21,255	25,000	3,637E+1
408,035	21,255	25,000	3,658E+1
409,035	21,249	25,000	3,696E+1
410,035	21,262	25,000	3,662E+1
411,035	21,274	25,000	3,629E+1
412,035	21,274	25,000	3,646E+1
413,036	21,282	25,000	3,635E+1
414,036	21,278	25,000	3,666E+1
415,036	21,276	25,000	3,688E+1
416,036	21,285	25,000	3,670E+1
417,036	21,307	25,000	3,599E+1
418,036	21,311	25,000	3,602E+1
419,036	21,294	25,000	3,684E+1
420,036	21,268	25,000	3,804E+1
421,036	21,276	25,000	3,793E+1
422,036	21,289	25,000	3,756E+1
423,036	21,303	25,000	3,719E+1
424,036	21,312	25,000	3,699E+1
425,036	21,335	25,000	3,622E+1
426,037	21,338	25,000	3,629E+1
427,037	21,368	25,000	3,524E+1
428,037	21,370	25,000	3,533E+1
429,037	21,361	25,000	3,585E+1
430,037	21,360	25,000	3,609E+1
431,037	21,392	25,000	3,499E+1
432,037	21,401	25,000	3,480E+1
433,037	21,399	25,000	3,502E+1
434,037	21,393	25,000	3,542E+1
435,037	21,392	25,000	3,562E+1
436,037	21,398	25,000	3,557E+1
437,037	21,384	25,000	3,626E+1
438,037	21,413	25,000	3,526E+1
439,038	21,429	25,000	3,481E+1
440,038	21,426	25,000	3,509E+1
441,038	21,416	25,000	3,562E+1
442,038	21,426	25,000	3,539E+1
443,038	21,412	25,000	3,612E+1
444,038	21,444	25,000	3,502E+1
445,038	21,474	25,000	3,399E+1
446,038	21,509	25,000	3,276E+1
447,038	21,541	25,000	3,163E+1
448,038	21,527	25,000	3,236E+1
449,038	21,517	25,000	3,294E+1
450,038	21,508	25,000	3,343E+1
451,038	21,526	25,000	3,286E+1
452,039	21,526	25,000	3,303E+1
453,039	21,500	25,000	3,422E+1
454,039	21,469	25,000	3,560E+1
455,039	21,471	25,000	3,567E+1
456,040	21,453	25,000	3,654E+1
457,040	21,444	25,000	3,707E+1
458,040	21,437	25,000	3,751E+1
459,040	21,465	25,000	3,656E+1
460,040	21,490	25,000	3,571E+1
461,040	21,477	25,000	3,643E+1
462,040	21,488	25,000	3,611E+1
463,040	21,509	25,000	3,544E+1
464,040	21,496	25,000	3,613E+1
465,040	21,488	25,000	3,660E+1
466,040	21,478	25,000	3,716E+1
467,041	21,479	25,000	3,730E+1
468,041	21,498	25,000	3,666E+1
469,041	21,502	25,000	3,666E+1
470,041	21,507	25,000	3,664E+1
471,041	21,522	25,000	3,621E+1
472,041	21,514	25,000	3,666E+1
473,041	21,529	25,000	3,626E+1
474,041	21,548	25,000	3,565E+1
475,041	21,531	25,000	3,648E+1
476,041	21,541	25,000	3,622E+1
477,041	21,558	25,000	3,570E+1
478,041	21,547	25,000	3,631E+1
479,042	21,549	25,000	3,639E+1
480,042	21,571	25,000	3,569E+1
481,042	21,588	25,000	3,515E+1
482,042	21,570	25,000	3,602E+1
483,042	21,563	25,000	3,645E+1
484,042	21,565	25,000	3,653E+1
485,042	21,587	25,000	3,581E+1
486,042	21,596	25,000	3,559E+1
487,042	21,595	25,000	3,580E+1
488,042	21,570	25,000	3,695E+1
489,043	21,565	25,000	3,730E+1
490,043	21,565	25,000	3,746E+1
491,043	21,552	25,000	3,811E+1
492,043	21,572	25,000	3,747E+1
493,043	21,550	25,000	3,852E+1
494,043	21,560	25,000	3,826E+1
495,043	21,593	25,000	3,710E+1
496,043	21,579	25,000	3,781E+1
497,043	21,562	25,000	3,866E+1
498,043	21,545	25,000	3,949E+1
499,043	21,573	25,000	3,852E+1
500,043	21,593	25,000	3,790E+1
501,043	21,604	25,000	3,764E+1
502,044	21,608	25,000	3,763E+1
503,044	21,642	25,000	3,644E+1
504,044	21,649	25,000	3,627E+1
505,044	21,637	25,000	3,692E+1
506,044	21,639	25,000	3,701E+1
507,044	21,632	25,000	3,742E+1
508,044	21,631	25,000	3,759E+1
509,044	21,651	25,000	3,697E+1
510,044	21,662	25,000	3,669E+1
511,044	21,661	25,000	3,688E+1
512,044	21,676	25,000	3,643E+1
513,044	21,664	25,000	3,706E+1
514,045	21,655	25,000	3,757E+1
515,045	21,648	25,000	3,799E+1
516,045	21,627	25,000	3,900E+1
517,045	21,669	25,000	3,749E+1
518,045	21,684	25,000	3,704E+1
519,045	21,686	25,000	3,711E+1
520,045	21,675	25,000	3,770E+1
521,045	21,690	25,000	3,723E+1
522,045	21,690	25,000	3,738E+1
523,045	21,684	25,000	3,777E+1
524,045	21,702	25,000	3,721E+1
525,045	21,723	25,000	3,652E+1
526,045	21,727	25,000	3,651E+1
527,046	21,748	25,000	3,583E+1
528,046	21,779	25,000	3,477E+1
529,046	21,771	25,000	3,519E+1
530,046	21,765	25,000	3,557E+1
531,046	21,761	25,000	3,590E+1
532,046	21,792	25,000	3,480E+1
533,046	21,812	25,000	3,415E+1
534,046	21,817	25,000	3,413E+1
535,046	21,811	25,000	3,448E+1
536,046	21,808	25,000	3,476E+1
537,046	21,799	25,000	3,528E+1
538,046	21,791	25,000	3,574E+1
539,047	21,809	25,000	3,513E+1
540,047	21,799	25,000	3,569E+1
541,047	21,825	25,000	3,479E+1
542,047	21,800	25,000	3,594E+1
543,047	21,813	25,000	3,557E+1
544,047	21,815	25,000	3,565E+1
545,047	21,813	25,000	3,586E+1
546,047	21,822	25,000	3,564E+1
547,047	21,850	25,000	3,466E+1
548,047	21,877	25,000	3,377E+1
549,047	21,874	25,000	3,399E+1
550,048	21,907	25,000	3,283E+1
551,048	21,880	25,000	3,403E+1
552,048	21,880	25,000	3,420E+1
553,048	21,880	25,000	3,434E+1
554,048	21,851	25,000	3,565E+1
555,048	21,832	25,000	3,652E+1
556,048	21,811	25,000	3,748E+1
557,048	21,785	25,000	3,867E+1
558,048	21,773	25,000	3,927E+1
559,048	21,753	25,000	4,021E+1
560,048	21,750	25,000	4,047E+1
561,048	21,752	25,000	4,054E+1
562,049	21,776	25,000	3,978E+1
563,049	21,773	25,000	4,002E+1
564,049	21,768	25,000	4,035E+1
565,049	21,786	25,000	3,980E+1
566,049	21,794	25,000	3,961E+1
567,049	21,782	25,000	4,027E+1
568,049	21,775	25,000	4,069E+1
569,049	21,794	25,000	4,006E+1
570,049	21,784	25,000	4,060E+1
571,049	21,814	25,000	3,956E+1
572,049	21,822	25,000	3,939E+1
573,049	21,863	25,000	3,791E+1
574,050	21,849	25,000	3,862E+1
575,050	21,827	25,000	3,964E+1
576,050	21,823	25,000	3,992E+1
577,050	21,845	25,000	3,919E+1
578,050	21,831	25,000	3,987E+1
579,050	21,844	25,000	3,951E+1
580,050	21,837	25,000	3,991E+1
581,050	21,885	25,000	3,820E+1
582,050	21,901	25,000	3,768E+1
583,050	21,867	25,000	3,915E+1
584,050	21,898	25,000	3,808E+1
585,050	21,884	25,000	3,878E+1
586,050	21,889	25,000	3,872E+1
587,051	21,941	25,000	3,680E+1
588,051	21,934	25,000	3,722E+1
589,051	21,911	25,000	3,827E+1
590,051	21,889	25,000	3,928E+1
591,051	21,886	25,000	3,956E+1
592,051	21,937	25,000	3,766E+1
593,051	21,933	25,000	3,795E+1
594,051	21,947	25,000	3,754E+1
595,051	21,949	25,000	3,759E+1
596,051	21,937	25,000	3,821E+1
597,052	21,944	25,000	3,805E+1
598,052	21,934	25,000	3,862E+1
599,052	21,924	25,000	3,916E+1
600,052	21,916	25,000	3,961E+1
601,052	21,890	25,000	4,076E+1
602,059	21,861	25,000	4,203E+1
603,059	21,869	25,000	4,188E+1
604,059	21,836	25,000	4,333E+1
605,059	21,825	25,000	4,391E+1
606,059	21,828	25,000	4,395E+1
607,060	21,847	25,000	4,330E+1
608,060	21,877	25,000	4,227E+1
609,060	21,894	25,000	4,174E+1
610,060	21,910	25,000	4,127E+1
611,060	21,907	25,000	4,151E+1
612,060	21,910	25,000	4,153E+1
613,060	21,909	25,000	4,171E+1
614,060	21,910	25,000	4,179E+1
615,060	21,936	25,000	4,092E+1
616,060	21,977	25,000	3,943E+1
617,060	21,972	25,000	3,976E+1
618,060	21,992	25,000	3,911E+1
619,061	22,014	25,000	3,837E+1
620,061	22,000	25,000	3,906E+1
621,061	21,990	25,000	3,957E+1
622,061	21,979	25,000	4,018E+1
623,061	21,983	25,000	4,016E+1
624,061	22,019	25,000	3,887E+1
625,061	22,056	25,000	3,754E+1
626,061	22,087	25,000	3,643E+1
627,061	22,091	25,000	3,640E+1
628,061	22,077	25,000	3,710E+1
629,062	22,073	25,000	3,738E+1
630,062	22,061	25,000	3,796E+1
631,062	22,066	25,000	3,794E+1
632,062	22,057	25,000	3,841E+1
633,062	22,067	25,000	3,812E+1
634,062	22,072	25,000	3,810E+1
635,062	22,068	25,000	3,837E+1
636,062	22,072	25,000	3,832E+1
637,062	22,088	25,000	3,784E+1
638,062	22,082	25,000	3,821E+1
639,062	22,081	25,000	3,840E+1
640,062	22,110	25,000	3,738E+1
641,062	22,115	25,000	3,728E+1
642,063	22,110	25,000	3,762E+1
643,063	22,094	25,000	3,839E+1
644,063	22,072	25,000	3,941E+1
645,063	22,050	25,000	4,038E+1
646,063	22,037	25,000	4,104E+1
647,063	22,017	25,000	4,199E+1
648,063	22,006	25,000	4,252E+1
649,063	22,030	25,000	4,173E+1
650,063	22,021	25,000	4,222E+1
651,063	22,035	25,000	4,180E+1
652,063	22,046	25,000	4,151E+1
653,064	22,061	25,000	4,103E+1
654,064	22,066	25,000	4,099E+1
655,064	22,053	25,000	4,163E+1
656,064	22,085	25,000	4,046E+1
657,064	22,134	25,000	3,867E+1
658,064	22,145	25,000	3,834E+1
659,064	22,137	25,000	3,879E+1
660,064	22,165	25,000	3,785E+1
661,064	22,154	25,000	3,841E+1
662,064	22,153	25,000	3,856E+1
663,064	22,158	25,000	3,849E+1
664,064	22,178	25,000	3,783E+1
665,065	22,166	25,000	3,845E+1
666,065	22,191	25,000	3,759E+1
667,065	22,179	25,000	3,817E+1
668,065	22,235	25,000	3,608E+1
669,065	22,257	25,000	3,533E+1
670,065	22,226	25,000	3,670E+1
671,065	22,233	25,000	3,651E+1
672,065	22,236	25,000	3,654E+1
673,065	22,230	25,000	3,690E+1
674,065	22,276	25,000	3,520E+1
675,066	22,268	25,000	3,564E+1
676,066	22,249	25,000	3,652E+1
677,066	22,248	25,000	3,666E+1
678,066	22,221	25,000	3,788E+1
679,066	22,213	25,000	3,832E+1
680,066	22,206	25,000	3,870E+1
681,066	22,191	25,000	3,944E+1
682,066	22,193	25,000	3,949E+1
683,066	22,197	25,000	3,948E+1
684,066	22,166	25,000	4,081E+1
685,066	22,147	25,000	4,171E+1
686,066	22,146	25,000	4,186E+1
687,067	22,200	25,000	3,983E+1
688,067	22,224	25,000	3,905E+1
689,067	22,279	25,000	3,699E+1
690,067	22,270	25,000	3,747E+1
691,067	22,282	25,000	3,710E+1
692,067	22,263	25,000	3,798E+1
693,067	22,218	25,000	3,988E+1
694,067	22,206	25,000	4,050E+1
695,067	22,209	25,000	4,047E+1
696,067	22,242	25,000	3,929E+1
697,068	22,285	25,000	3,771E+1
698,068	22,290	25,000	3,766E+1
699,068	22,325	25,000	3,639E+1
700,068	22,364	25,000	3,499E+1
701,068	22,374	25,000	3,467E+1
702,068	22,375	25,000	3,475E+1
703,068	22,380	25,000	3,471E+1
704,068	22,394	25,000	3,425E+1
705,068	22,387	25,000	3,465E+1
706,068	22,414	25,000	3,368E+1
707,068	22,395	25,000	3,457E+1
708,069	22,386	25,000	3,506E+1
709,069	22,363	25,000	3,607E+1
710,069	22,328	25,000	3,759E+1
711,069	22,373	25,000	3,591E+1
712,069	22,347	25,000	3,706E+1
713,069	22,340	25,000	3,748E+1
714,069	22,319	25,000	3,839E+1
715,069	22,322	25,000	3,839E+1
716,069	22,325	25,000	3,841E+1
717,069	22,319	25,000	3,877E+1
718,069	22,290	25,000	4,004E+1
719,069	22,285	25,000	4,036E+1
720,069	22,272	25,000	4,100E+1
721,070	22,256	25,000	4,178E+1
722,070	22,279	25,000	4,097E+1
723,070	22,240	25,000	4,264E+1
724,070	22,222	25,000	4,348E+1
725,070	22,235	25,000	4,309E+1
726,070	22,226	25,000	4,359E+1
727,070	22,246	25,000	4,290E+1
728,070	22,263	25,000	4,235E+1
729,070	22,287	25,000	4,155E+1
730,070	22,265	25,000	4,252E+1
731,070	22,256	25,000	4,298E+1
732,070	22,252	25,000	4,330E+1
733,071	22,258	25,000	4,317E+1
734,071	22,267	25,000	4,292E+1
735,071	22,260	25,000	4,334E+1
736,071	22,273	25,000	4,296E+1
737,071	22,260	25,000	4,360E+1
738,071	22,285	25,000	4,270E+1
739,071	22,310	25,000	4,185E+1
740,071	22,332	25,000	4,108E+1
741,071	22,360	25,000	4,013E+1
742,071	22,362	25,000	4,015E+1
743,071	22,349	25,000	4,076E+1
744,071	22,318	25,000	4,213E+1
745,072	22,305	25,000	4,275E+1
746,072	22,309	25,000	4,271E+1
747,072	22,347	25,000	4,135E+1
748,072	22,433	25,000	3,804E+1
749,072	22,495	25,000	3,572E+1
750,072	22,471	25,000	3,676E+1
751,072	22,474	25,000	3,680E+1
752,072	22,465	25,000	3,727E+1
753,072	22,488	25,000	3,647E+1
754,073	22,542	25,000	3,443E+1
755,073	22,563	25,000	3,370E+1
756,073	22,585	25,000	3,292E+1
757,073	22,581	25,000	3,319E+1
758,073	22,538	25,000	3,500E+1
759,073	22,511	25,000	3,620E+1
760,073	22,510	25,000	3,636E+1
761,073	22,510	25,000	3,649E+1
762,073	22,523	25,000	3,607E+1
763,073	22,532	25,000	3,584E+1
764,074	22,529	25,000	3,603E+1
765,074	22,526	25,000	3,626E+1
766,074	22,540	25,000	3,586E+1
767,074	22,541	25,000	3,593E+1
768,074	22,543	25,000	3,596E+1
769,074	22,530	25,000	3,655E+1
770,074	22,553	25,000	3,579E+1
771,074	22,570	25,000	3,519E+1
772,074	22,581	25,000	3,490E+1
773,074	22,646	25,000	3,239E+1
774,074	22,630	25,000	3,313E+1
775,075	22,588	25,000	3,492E+1
776,075	22,587	25,000	3,509E+1
777,075	22,569	25,000	3,589E+1
778,075	22,567	25,000	3,606E+1
779,075	22,605	25,000	3,469E+1
780,075	22,612	25,000	3,452E+1
781,075	22,660	25,000	3,272E+1
782,075	22,649	25,000	3,325E+1
783,075	22,646	25,000	3,347E+1
784,075	22,648	25,000	3,354E+1
785,075	22,657	25,000	3,329E+1
786,076	22,676	25,000	3,262E+1
787,076	22,675	25,000	3,275E+1
788,076	22,653	25,000	3,374E+1
789,076	22,636	25,000	3,454E+1
790,076	22,620	25,000	3,524E+1
791,076	22,588	25,000	3,662E+1
792,076	22,582	25,000	3,696E+1
793,076	22,613	25,000	3,587E+1
794,076	22,593	25,000	3,679E+1
795,076	22,562	25,000	3,808E+1
796,077	22,601	25,000	3,667E+1
797,077	22,596	25,000	3,695E+1
798,077	22,625	25,000	3,595E+1
799,077	22,675	25,000	3,404E+1
800,077	22,641	25,000	3,551E+1
801,077	22,639	25,000	3,570E+1
802,077	22,648	25,000	3,543E+1
803,077	22,648	25,000	3,555E+1
804,077	22,664	25,000	3,503E+1
805,077	22,685	25,000	3,430E+1
806,077	22,671	25,000	3,498E+1
807,078	22,664	25,000	3,532E+1
808,078	22,648	25,000	3,610E+1
809,078	22,671	25,000	3,528E+1
810,078	22,643	25,000	3,647E+1
811,078	22,681	25,000	3,511E+1
812,078	22,662	25,000	3,595E+1
813,078	22,658	25,000	3,621E+1
814,078	22,651	25,000	3,661E+1
815,078	22,671	25,000	3,591E+1
816,078	22,675	25,000	3,588E+1
817,079	22,704	25,000	3,481E+1
818,079	22,718	25,000	3,438E+1
819,079	22,738	25,000	3,367E+1
820,079	22,773	25,000	3,237E+1
821,079	22,787	25,000	3,195E+1
822,079	22,785	25,000	3,211E+1
823,079	22,769	25,000	3,287E+1
824,079	22,745	25,000	3,388E+1
825,079	22,727	25,000	3,471E+1
826,079	22,749	25,000	3,392E+1
827,079	22,776	25,000	3,295E+1
828,079	22,781	25,000	3,288E+1
829,080	22,770	25,000	3,343E+1
830,080	22,746	25,000	3,446E+1
831,080	22,782	25,000	3,316E+1
832,080	22,781	25,000	3,328E+1
833,080	22,781	25,000	3,338E+1
834,080	22,784	25,000	3,336E+1
835,080	22,782	25,000	3,352E+1
836,080	22,755	25,000	3,471E+1
837,080	22,729	25,000	3,586E+1
838,080	22,686	25,000	3,763E+1
839,081	22,687	25,000	3,773E+1
840,081	22,691	25,000	3,766E+1
841,081	22,678	25,000	3,826E+1
842,081	22,681	25,000	3,826E+1
843,081	22,679	25,000	3,845E+1
844,081	22,683	25,000	3,839E+1
845,081	22,698	25,000	3,789E+1
846,081	22,715	25,000	3,732E+1
847,081	22,770	25,000	3,528E+1
848,081	22,781	25,000	3,492E+1
849,081	22,788	25,000	3,475E+1
850,082	22,815	25,000	3,378E+1
851,082	22,814	25,000	3,392E+1
852,082	22,846	25,000	3,275E+1
853,082	22,901	25,000	3,068E+1
854,082	22,937	25,000	2,935E+1
855,082	22,945	25,000	2,911E+1
856,082	22,899	25,000	3,102E+1
857,082	22,919	25,000	3,033E+1
858,082	22,928	25,000	3,004E+1
859,082	22,889	25,000	3,168E+1
860,082	22,877	25,000	3,229E+1
861,082	22,834	25,000	3,405E+1
862,082	22,832	25,000	3,425E+1
863,083	22,852	25,000	3,354E+1
864,083	22,864	25,000	3,320E+1
865,083	22,909	25,000	3,151E+1
866,083	22,893	25,000	3,222E+1
867,083	22,868	25,000	3,330E+1
868,083	22,886	25,000	3,267E+1
869,083	22,901	25,000	3,221E+1
870,083	22,903	25,000	3,220E+1
871,083	22,909	25,000	3,208E+1
872,083	22,893	25,000	3,277E+1
873,083	22,907	25,000	3,231E+1
874,083	22,884	25,000	3,334E+1
875,083	22,901	25,000	3,276E+1
876,083	22,874	25,000	3,392E+1
877,083	22,879	25,000	3,382E+1
878,084	22,883	25,000	3,374E+1
879,084	22,885	25,000	3,377E+1
880,084	22,916	25,000	3,264E+1
881,084	22,909	25,000	3,301E+1
882,084	22,884	25,000	3,410E+1
883,084	22,903	25,000	3,344E+1
884,084	22,910	25,000	3,324E+1
885,084	22,879	25,000	3,458E+1
886,084	22,847	25,000	3,594E+1
887,084	22,848	25,000	3,600E+1
888,084	22,872	25,000	3,515E+1
889,085	22,848	25,000	3,621E+1
890,085	22,842	25,000	3,653E+1
891,085	22,902	25,000	3,423E+1
892,085	22,936	25,000	3,302E+1
893,085	22,937	25,000	3,305E+1
894,085	22,895	25,000	3,483E+1
895,085	22,934	25,000	3,334E+1
896,085	22,910	25,000	3,438E+1
897,085	22,933	25,000	3,361E+1
898,085	22,953	25,000	3,289E+1
899,085	22,986	25,000	3,167E+1
900,085	23,053	25,000	2,911E+1
901,086	23,030	25,000	3,011E+1
902,086	23,041	25,000	2,974E+1
903,086	23,026	25,000	3,044E+1
904,086	23,034	25,000	3,021E+1
905,086	23,026	25,000	3,064E+1
906,086	23,041	25,000	3,014E+1
907,086	23,023	25,000	3,090E+1
908,086	22,997	25,000	3,202E+1
909,086	23,008	25,000	3,169E+1
910,086	22,995	25,000	3,232E+1
911,086	22,974	25,000	3,324E+1
912,087	22,995	25,000	3,250E+1
913,087	22,965	25,000	3,378E+1
914,087	22,958	25,000	3,415E+1
915,087	22,945	25,000	3,473E+1
916,087	22,995	25,000	3,285E+1
917,087	22,990	25,000	3,311E+1
918,087	22,963	25,000	3,429E+1
919,087	22,945	25,000	3,508E+1
920,087	22,983	25,000	3,369E+1
921,087	22,983	25,000	3,376E+1
922,087	22,989	25,000	3,361E+1
923,087	22,984	25,000	3,392E+1
924,087	22,952	25,000	3,528E+1
925,088	22,919	25,000	3,670E+1
926,088	22,935	25,000	3,614E+1
927,088	22,946	25,000	3,580E+1
928,088	22,941	25,000	3,611E+1
929,088	22,928	25,000	3,672E+1
930,088	22,966	25,000	3,526E+1
931,088	22,980	25,000	3,480E+1
932,088	22,987	25,000	3,461E+1
933,088	22,979	25,000	3,504E+1
934,089	22,951	25,000	3,624E+1
935,089	22,948	25,000	3,643E+1
936,089	22,931	25,000	3,724E+1
937,089	22,992	25,000	3,492E+1
938,089	23,041	25,000	3,307E+1
939,089	23,069	25,000	3,203E+1
940,089	23,051	25,000	3,283E+1
941,089	23,024	25,000	3,396E+1
942,089	23,022	25,000	3,415E+1
943,089	23,020	25,000	3,430E+1
944,089	23,017	25,000	3,455E+1
945,089	23,039	25,000	3,375E+1
946,090	23,030	25,000	3,419E+1
947,090	23,000	25,000	3,545E+1
948,090	22,963	25,000	3,701E+1
949,090	23,002	25,000	3,559E+1
950,090	23,049	25,000	3,380E+1
951,090	23,026	25,000	3,482E+1
952,090	23,026	25,000	3,487E+1
953,090	23,009	25,000	3,567E+1
954,090	23,005	25,000	3,588E+1
955,090	23,008	25,000	3,587E+1
956,090	23,000	25,000	3,628E+1
957,091	22,977	25,000	3,728E+1
958,091	23,005	25,000	3,626E+1
959,091	23,043	25,000	3,487E+1
960,091	23,054	25,000	3,450E+1
961,091	23,036	25,000	3,530E+1
962,091	22,999	25,000	3,685E+1
963,091	23,005	25,000	3,671E+1
964,091	23,006	25,000	3,676E+1
965,091	23,056	25,000	3,489E+1
966,091	23,087	25,000	3,371E+1
967,091	23,087	25,000	3,383E+1
968,091	23,087	25,000	3,390E+1
969,092	23,100	25,000	3,347E+1
970,092	23,061	25,000	3,508E+1
971,092	23,082	25,000	3,436E+1
972,092	23,100	25,000	3,373E+1
973,092	23,095	25,000	3,403E+1
974,092	23,101	25,000	3,388E+1
975,092	23,070	25,000	3,516E+1
976,092	23,060	25,000	3,564E+1
977,092	23,091	25,000	3,452E+1
978,092	23,112	25,000	3,377E+1
979,093	23,128	25,000	3,322E+1
980,093	23,126	25,000	3,339E+1
981,093	23,122	25,000	3,361E+1
982,093	23,132	25,000	3,332E+1
983,093	23,145	25,000	3,287E+1
984,093	23,135	25,000	3,339E+1
985,093	23,127	25,000	3,379E+1
986,093	23,105	25,000	3,473E+1
987,093	23,123	25,000	3,412E+1
988,093	23,114	25,000	3,456E+1
989,093	23,088	25,000	3,566E+1
990,094	23,099	25,000	3,531E+1
991,094	23,093	25,000	3,565E+1
992,094	23,100	25,000	3,544E+1
993,094	23,110	25,000	3,513E+1
994,094	23,108	25,000	3,527E+1
995,094	23,115	25,000	3,510E+1
996,094	23,078	25,000	3,663E+1
997,094	23,114	25,000	3,531E+1
998,094	23,110	25,000	3,558E+1
999,094	23,105	25,000	3,586E+1
1000,094	23,112	25,000	3,563E+1
1001,094	23,120	25,000	3,542E+1
1002,094	23,146	25,000	3,447E+1
1003,095	23,152	25,000	3,430E+1
1004,095	23,188	25,000	3,295E+1
1005,095	23,218	25,000	3,187E+1
1006,095	23,217	25,000	3,199E+1
1007,095	23,235	25,000	3,135E+1
1008,095	23,247	25,000	3,096E+1
1009,095	23,248	25,000	3,098E+1
1010,095	23,246	25,000	3,116E+1
1011,095	23,242	25,000	3,139E+1
1012,095	23,223	25,000	3,223E+1
1013,095	23,202	25,000	3,316E+1
1014,095	23,195	25,000	3,352E+1
1015,096	23,190	25,000	3,378E+1
1016,096	23,184	25,000	3,410E+1
1017,096	23,178	25,000	3,440E+1
1018,096	23,191	25,000	3,398E+1
1019,096	23,191	25,000	3,406E+1
1020,096	23,263	25,000	3,129E+1
1021,096	23,258	25,000	3,159E+1
1022,096	23,252	25,000	3,187E+1
1023,096	23,227	25,000	3,298E+1
1024,096	23,217	25,000	3,343E+1
1025,096	23,245	25,000	3,240E+1
1026,097	23,239	25,000	3,274E+1
1027,097	23,261	25,000	3,191E+1
1028,097	23,263	25,000	3,193E+1
1029,097	23,313	25,000	3,002E+1
1030,097	23,331	25,000	2,941E+1
1031,097	23,340	25,000	2,913E+1
1032,097	23,380	25,000	2,760E+1
1033,097	23,384	25,000	2,751E+1
1034,097	23,407	25,000	2,665E+1
1035,097	23,395	25,000	2,720E+1
1036,097	23,377	25,000	2,801E+1
1037,098	23,348	25,000	2,923E+1
1038,098	23,335	25,000	2,980E+1
1039,098	23,340	25,000	2,967E+1
1040,098	23,343	25,000	2,965E+1
1041,098	23,378	25,000	2,834E+1
1042,098	23,399	25,000	2,758E+1
1043,098	23,383	25,000	2,831E+1
1044,098	23,357	25,000	2,939E+1
1045,098	23,341	25,000	3,010E+1
1046,098	23,386	25,000	2,841E+1
1047,098	23,454	25,000	2,577E+1
1048,098	23,431	25,000	2,677E+1
1049,098	23,386	25,000	2,858E+1
1050,098	23,367	25,000	2,945E+1
1051,099	23,327	25,000	3,111E+1
1052,099	23,353	25,000	3,013E+1
1053,099	23,351	25,000	3,029E+1
1054,099	23,330	25,000	3,121E+1
1055,099	23,373	25,000	2,958E+1
1056,099	23,373	25,000	2,966E+1
1057,099	23,374	25,000	2,965E+1
1058,099	23,383	25,000	2,939E+1
1059,099	23,411	25,000	2,835E+1
1060,099	23,416	25,000	2,821E+1
1061,099	23,437	25,000	2,748E+1
1062,099	23,418	25,000	2,829E+1
1063,100	23,414	25,000	2,852E+1
1064,100	23,425	25,000	2,817E+1
1065,100	23,419	25,000	2,846E+1
1066,100	23,400	25,000	2,929E+1
1067,100	23,406	25,000	2,912E+1
1068,100	23,434	25,000	2,810E+1
1069,100	23,437	25,000	2,802E+1
1070,100	23,419	25,000	2,882E+1
1071,100	23,473	25,000	2,677E+1
1072,100	23,438	25,000	2,819E+1
1073,100	23,404	25,000	2,961E+1
1074,100	23,395	25,000	3,005E+1
1075,100	23,428	25,000	2,880E+1
1076,101	23,440	25,000	2,841E+1
1077,101	23,477	25,000	2,704E+1
1078,101	23,505	25,000	2,598E+1
1079,101	23,526	25,000	2,523E+1
1080,101	23,506	25,000	2,609E+1
1081,101	23,480	25,000	2,719E+1
1082,101	23,470	25,000	2,763E+1
1083,101	23,444	25,000	2,875E+1
1084,101	23,407	25,000	3,025E+1
1085,101	23,364	25,000	3,203E+1
1086,101	23,372	25,000	3,180E+1
1087,102	23,397	25,000	3,089E+1
1088,102	23,375	25,000	3,183E+1
1089,102	23,361	25,000	3,248E+1
1090,102	23,337	25,000	3,346E+1
1091,102	23,371	25,000	3,221E+1
1092,102	23,370	25,000	3,230E+1
1093,102	23,402	25,000	3,111E+1
1094,102	23,432	25,000	3,001E+1
1095,102	23,410	25,000	3,094E+1
1096,102	23,377	25,000	3,235E+1
1097,102	23,365	25,000	3,288E+1
1098,103	23,340	25,000	3,393E+1
1099,103	23,309	25,000	3,525E+1
1100,103	23,322	25,000	3,481E+1
1101,103	23,326	25,000	3,473E+1
1102,103	23,347	25,000	3,397E+1
1103,103	23,341	25,000	3,427E+1
1104,103	23,358	25,000	3,371E+1
1105,103	23,386	25,000	3,265E+1
1106,103	23,395	25,000	3,235E+1
1107,103	23,398	25,000	3,232E+1
1108,103	23,431	25,000	3,111E+1
1109,103	23,410	25,000	3,199E+1
1110,104	23,407	25,000	3,064E+1
1111,104	23,407	25,000	3,225E+1
1112,104	23,404	25,000	3,210E+1
1113,104	23,411	25,000	3,253E+1
1114,104	23,421	25,000	3,231E+1
1115,104	23,452	25,000	3,200E+1
1116,104	23,479	25,000	3,083E+1
1117,104	23,453	25,000	2,985E+1
1118,104	23,429	25,000	3,091E+1
1119,104	23,420	25,000	3,195E+1
1120,104	23,390	25,000	3,237E+1
1121,104	23,395	25,000	3,363E+1
1122,104	23,427	25,000	3,351E+1
1123,105	23,426	25,000	3,233E+1
1124,105	23,443	25,000	3,242E+1
1125,105	23,459	25,000	3,182E+1
1126,105	23,458	25,000	3,126E+1
1127,105	23,459	25,000	3,137E+1
1128,105	23,435	25,000	3,140E+1
1129,105	23,437	25,000	3,242E+1
1130,105	23,423	25,000	3,239E+1
1131,105	23,434	25,000	3,303E+1
1132,105	23,474	25,000	3,265E+1
1133,105	23,475	25,000	3,117E+1
1134,105	23,481	25,000	3,118E+1
1135,105	23,477	25,000	3,102E+1
1136,105	23,495	25,000	3,126E+1
1137,106	23,519	25,000	3,060E+1
1138,106	23,520	25,000	2,973E+1
1139,106	23,541	25,000	2,972E+1
1140,106	23,552	25,000	2,898E+1
1141,106	23,594	25,000	2,861E+1
1142,106	23,576	25,000	2,701E+1
1143,106	23,568	25,000	2,778E+1
1144,106	23,587	25,000	2,817E+1
1145,106	23,586	25,000	2,750E+1
1146,106	23,579	25,000	2,758E+1
1147,107	23,561	25,000	2,790E+1
1148,107	23,535	25,000	2,870E+1
1149,107	23,483	25,000	2,980E+1
1150,107	23,457	25,000	3,194E+1
1151,107	23,465	25,000	3,300E+1
1152,107	23,505	25,000	3,277E+1
1153,107	23,475	25,000	3,124E+1
1154,107	23,470	25,000	3,251E+1
1155,107	23,486	25,000	3,278E+1
1156,107	23,492	25,000	3,224E+1
1157,107	23,526	25,000	3,205E+1
1158,107	23,534	25,000	3,079E+1
1159,108	23,555	25,000	3,052E+1
1160,108	23,555	25,000	2,975E+1
1161,108	23,556	25,000	2,982E+1
1162,108	23,544	25,000	2,982E+1
1163,108	23,529	25,000	3,038E+1
1164,108	23,530	25,000	3,106E+1
1165,108	23,519	25,000	3,107E+1
1166,108	23,534	25,000	3,157E+1
1167,108	23,523	25,000	3,106E+1
1168,108	23,515	25,000	3,155E+1
1169,108	23,480	25,000	3,193E+1
1170,108	23,489	25,000	3,340E+1
1171,108	23,499	25,000	3,308E+1
1172,109	23,492	25,000	3,275E+1
1173,109	23,492	25,000	3,309E+1
1174,109	23,528	25,000	3,318E+1
1175,109	23,521	25,000	3,182E+1
1176,109	23,547	25,000	3,217E+1
1177,109	23,548	25,000	3,118E+1
1178,109	23,589	25,000	3,121E+1
1179,109	23,593	25,000	2,969E+1
1180,109	23,614	25,000	2,956E+1
1181,109	23,595	25,000	2,879E+1
1182,109	23,593	25,000	2,964E+1
1183,109	23,566	25,000	2,974E+1
1184,109	23,578	25,000	3,092E+1
1185,110	23,550	25,000	3,049E+1
1186,110	23,520	25,000	3,168E+1
1187,110	23,492	25,000	3,293E+1
1188,110	23,524	25,000	3,407E+1
1189,110	23,564	25,000	3,287E+1
1190,110	23,586	25,000	3,139E+1
1191,110	23,570	25,000	3,057E+1
1192,110	23,546	25,000	3,124E+1
1193,110	23,544	25,000	3,228E+1
1194,110	23,565	25,000	3,244E+1
1195,110	23,557	25,000	3,166E+1
1196,110	23,533	25,000	3,204E+1
1197,111	23,559	25,000	3,304E+1
1198,111	23,560	25,000	3,207E+1
1199,111	23,538	25,000	3,210E+1
1200,111	23,578	25,000	3,303E+1
1201,111	23,593	25,000	3,156E+1
1202,111	23,630	25,000	3,099E+1
1203,111	23,709	25,000	2,962E+1
1204,111	23,719	25,000	2,651E+1
1205,111	23,752	25,000	2,620E+1
1206,111	23,699	25,000	2,493E+1
1207,111	23,665	25,000	2,710E+1
1208,111	23,632	25,000	2,851E+1
1209,112	23,626	25,000	2,988E+1
1210,112	23,677	25,000	3,018E+1
1211,112	23,627	25,000	2,824E+1
1212,112	23,622	25,000	3,026E+1
1213,112	23,646	25,000	3,052E+1
1214,112	23,677	25,000	2,963E+1
1215,112	23,672	25,000	2,846E+1
1216,112	23,630	25,000	2,874E+1
1217,112	23,581	25,000	3,044E+1
1218,112	23,562	25,000	3,243E+1
1219,112	23,555	25,000	3,325E+1
1220,112	23,584	25,000	3,363E+1
1221,113	23,607	25,000	3,250E+1
1222,113	23,627	25,000	3,168E+1
1223,113	23,625	25,000	3,095E+1
1224,113	23,585	25,000	3,111E+1
1225,113	23,627	25,000	3,271E+1
1226,113	23,612	25,000	3,111E+1
1227,113	23,641	25,000	3,177E+1
1228,113	23,678	25,000	3,072E+1
1229,113	23,666	25,000	2,932E+1
1230,113	23,683	25,000	2,985E+1
1231,113	23,678	25,000	2,920E+1
1232,114	23,650	25,000	2,946E+1
1233,114	23,644	25,000	3,067E+1
1234,114	23,657	25,000	3,097E+1
1235,114	23,693	25,000	3,051E+1
1236,114	23,723	25,000	2,913E+1
1237,114	23,761	25,000	2,800E+1
1238,114	23,780	25,000	2,655E+1
1239,114	23,767	25,000	2,583E+1
1240,114	23,779	25,000	2,642E+1
1241,114	23,793	25,000	2,600E+1
1242,114	23,794	25,000	2,552E+1
1243,114	23,801	25,000	2,550E+1
1244,114	23,800	25,000	2,530E+1
1245,115	23,796	25,000	2,539E+1
1246,115	23,781	25,000	2,560E+1
1247,115	23,745	25,000	2,625E+1
1248,115	23,697	25,000	2,771E+1
1249,115	23,701	25,000	2,969E+1
1250,115	23,703	25,000	2,957E+1
1251,115	23,660	25,000	2,959E+1
1252,115	23,658	25,000	3,131E+1
1253,115	23,625	25,000	3,145E+1
1254,115	23,633	25,000	3,284E+1
1255,115	23,612	25,000	3,259E+1
1256,116	23,634	25,000	3,348E+1
1257,116	23,662	25,000	3,267E+1
1258,116	23,687	25,000	3,164E+1
1259,116	23,690	25,000	3,069E+1
1260,116	23,666	25,000	3,063E+1
1261,116	23,657	25,000	3,162E+1
1262,116	23,658	25,000	3,208E+1
1263,116	23,670	25,000	3,208E+1
1264,116	23,684	25,000	3,167E+1
1265,116	23,687	25,000	3,115E+1
1266,116	23,735	25,000	3,111E+1
1267,116	23,757	25,000	2,927E+1
1268,117	23,796	25,000	2,845E+1
1269,117	23,772	25,000	2,697E+1
1270,117	23,739	25,000	2,799E+1
1271,117	23,777	25,000	2,933E+1
1272,117	23,803	25,000	2,789E+1
1273,117	23,762	25,000	2,691E+1
1274,117	23,781	25,000	2,857E+1
1275,117	23,770	25,000	2,789E+1
1276,117	23,765	25,000	2,838E+1
1277,117	23,767	25,000	2,864E+1
1278,117	23,791	25,000	2,861E+1
1279,118	23,753	25,000	2,770E+1
1280,118	23,731	25,000	2,928E+1
1281,118	23,719	25,000	3,021E+1
1282,118	23,721	25,000	3,074E+1
1283,118	23,748	25,000	3,070E+1
1284,118	23,733	25,000	2,971E+1
1285,118	23,736	25,000	3,036E+1
1286,118	23,714	25,000	3,029E+1
1287,118	23,761	25,000	3,122E+1
1288,118	23,774	25,000	2,942E+1
1289,118	23,754	25,000	2,894E+1
1290,118	23,786	25,000	2,981E+1
1291,118	23,774	25,000	2,860E+1
1292,118	23,726	25,000	2,911E+1
1293,119	23,701	25,000	3,110E+1
1294,119	23,687	25,000	3,213E+1
1295,119	23,656	25,000	3,276E+1
1296,119	23,635	25,000	3,403E+1
1297,119	23,638	25,000	3,495E+1
1298,119	23,645	25,000	3,489E+1
1299,119	23,686	25,000	3,465E+1
1300,119	23,656	25,000	3,307E+1
1301,119	23,659	25,000	3,434E+1
1302,119	23,686	25,000	3,430E+1
1303,119	23,668	25,000	3,329E+1
1304,119	23,669	25,000	3,404E+1
1305,119	23,726	25,000	3,408E+1
1306,119	23,746	25,000	3,188E+1
1307,120	23,779	25,000	3,111E+1
1308,120	23,773	25,000	2,990E+1
1309,120	23,758	25,000	3,019E+1
1310,120	23,782	25,000	3,080E+1
1311,120	23,802	25,000	2,993E+1
1312,120	23,789	25,000	2,919E+1
1313,120	23,791	25,000	2,976E+1
1314,120	23,779	25,000	2,975E+1
1315,120	23,740	25,000	3,024E+1
1316,120	23,739	25,000	3,186E+1
1317,120	23,808	25,000	3,198E+1
1318,120	23,798	25,000	2,926E+1
1319,121	23,788	25,000	2,973E+1
1320,121	23,773	25,000	3,020E+1
1321,121	23,767	25,000	3,085E+1
1322,121	23,773	25,000	3,115E+1
1323,121	23,773	25,000	3,092E+1
1324,121	23,813	25,000	3,100E+1
1325,121	23,822	25,000	2,945E+1
1326,121	23,825	25,000	2,915E+1
1327,121	23,809	25,000	2,908E+1
1328,121	23,825	25,000	2,977E+1
1329,122	23,889	25,000	2,921E+1
1330,122	23,862	25,000	2,674E+1
1331,122	23,861	25,000	2,783E+1
1332,122	23,901	25,000	2,796E+1
1333,122	23,872	25,000	2,642E+1
1334,122	23,868	25,000	2,760E+1
1335,122	23,831	25,000	2,781E+1
1336,122	23,830	25,000	2,933E+1
1337,122	23,825	25,000	2,942E+1
1338,122	23,848	25,000	2,967E+1
1339,122	23,849	25,000	2,883E+1
1340,122	23,861	25,000	2,883E+1
1341,123	23,862	25,000	2,838E+1
1342,123	23,858	25,000	2,841E+1
1343,123	23,834	25,000	2,862E+1
1344,123	23,860	25,000	2,961E+1
1345,123	23,886	25,000	2,867E+1
1346,123	23,902	25,000	2,769E+1
1347,123	23,928	25,000	2,709E+1
1348,123	23,939	25,000	2,611E+1
1349,123	23,933	25,000	2,572E+1
1350,123	23,916	25,000	2,600E+1
1351,123	23,950	25,000	2,673E+1
1352,123	23,930	25,000	2,545E+1
1353,123	23,916	25,000	2,627E+1
1354,124	23,919	25,000	2,685E+1
1355,124	23,888	25,000	2,680E+1
1356,124	23,891	25,000	2,808E+1
1357,124	23,886	25,000	2,803E+1
1358,124	23,884	25,000	2,824E+1
1359,124	23,890	25,000	2,841E+1
1360,124	23,880	25,000	2,820E+1
1361,124	23,879	25,000	2,865E+1
1362,124	23,954	25,000	2,874E+1
1363,124	23,952	25,000	2,581E+1
1364,124	23,959	25,000	2,594E+1
1365,125	23,960	25,000	2,573E+1
1366,125	23,961	25,000	2,572E+1
1367,125	23,970	25,000	2,573E+1
1368,125	23,956	25,000	2,544E+1
1369,125	23,943	25,000	2,600E+1
1370,125	23,925	25,000	2,660E+1
1371,125	23,991	25,000	2,736E+1
1372,125	23,998	25,000	2,479E+1
1373,125	23,991	25,000	2,454E+1
1374,125	24,000	25,000	2,488E+1
1375,125	24,005	25,000	2,457E+1
1376,125	23,998	25,000	2,440E+1
1377,125	23,995	25,000	2,472E+1
1378,126	23,986	25,000	2,487E+1
1379,126	23,965	25,000	2,531E+1
1380,126	23,971	25,000	2,615E+1
1381,126	23,972	25,000	2,596E+1
1382,126	23,948	25,000	2,598E+1
1383,126	23,936	25,000	2,698E+1
1384,126	23,901	25,000	2,750E+1
1385,126	23,901	25,000	2,896E+1
1386,126	23,910	25,000	2,899E+1
1387,126	23,941	25,000	2,870E+1
1388,126	23,997	25,000	2,748E+1
1389,127	24,036	25,000	2,533E+1
1390,127	24,020	25,000	2,383E+1
1391,127	24,029	25,000	2,453E+1
1392,127	23,998	25,000	2,422E+1
1393,127	24,020	25,000	2,545E+1
1394,127	24,008	25,000	2,466E+1
1395,127	23,977	25,000	2,518E+1
1396,127	23,979	25,000	2,641E+1
1397,127	23,983	25,000	2,640E+1
1398,127	24,044	25,000	2,629E+1
1399,127	24,018	25,000	2,392E+1
1400,128	23,986	25,000	2,497E+1
1401,128	24,005	25,000	2,628E+1
1402,128	23,993	25,000	2,558E+1
1403,128	24,006	25,000	2,612E+1
1404,128	24,030	25,000	2,565E+1
1405,128	24,025	25,000	2,472E+1
1406,128	24,015	25,000	2,498E+1
1407,128	23,998	25,000	2,542E+1
1408,128	23,974	25,000	2,614E+1
1409,129	23,980	25,000	2,712E+1
1410,129	23,977	25,000	2,695E+1
1411,129	23,993	25,000	2,713E+1
1412,129	24,026	25,000	2,652E+1
1413,129	24,049	25,000	2,524E+1
1414,129	24,041	25,000	2,441E+1
1415,129	24,020	25,000	2,475E+1
1416,129	24,043	25,000	2,563E+1
1417,129	24,043	25,000	2,476E+1
1418,129	24,041	25,000	2,481E+1
1419,129	24,042	25,000	2,495E+1
1420,129	24,067	25,000	2,493E+1
1421,130	24,030	25,000	2,398E+1
1422,130	24,042	25,000	2,547E+1
1423,130	24,055	25,000	2,506E+1
1424,130	24,065	25,000	2,459E+1
1425,130	24,108	25,000	2,424E+1
1426,130	24,066	25,000	2,257E+1
1427,130	24,064	25,000	2,426E+1
1428,130	24,064	25,000	2,440E+1
1429,130	24,078	25,000	2,444E+1
1430,130	24,057	25,000	2,395E+1
1431,130	24,047	25,000	2,480E+1
1432,131	24,024	25,000	2,524E+1
1433,131	24,027	25,000	2,618E+1
1434,131	24,014	25,000	2,612E+1
1435,131	24,042	25,000	2,668E+1
1436,131	24,116	25,000	2,562E+1
1437,131	24,149	25,000	2,275E+1
1438,131	24,095	25,000	2,144E+1
1439,131	24,096	25,000	2,364E+1
1440,131	24,088	25,000	2,364E+1
1441,131	24,092	25,000	2,400E+1
1442,131	24,131	25,000	2,388E+1
1443,132	24,136	25,000	2,239E+1
1444,132	24,097	25,000	2,220E+1
1445,132	24,099	25,000	2,380E+1
1446,132	24,101	25,000	2,374E+1
1447,132	24,091	25,000	2,372E+1
1448,132	24,124	25,000	2,416E+1
1449,132	24,163	25,000	2,287E+1
1450,132	24,226	25,000	2,139E+1
1451,132	24,232	25,000	1,893E+1
1452,132	24,313	25,000	1,875E+1
1453,132	24,318	25,000	1,555E+1
1454,133	24,317	25,000	1,538E+1
1455,133	24,325	25,000	1,543E+1
1456,133	24,288	25,000	1,519E+1
1457,133	24,319	25,000	1,667E+1
1458,133	24,298	25,000	1,549E+1
1459,133	24,279	25,000	1,633E+1
1460,133	24,274	25,000	1,712E+1
1461,133	24,247	25,000	1,735E+1
1462,133	24,184	25,000	1,847E+1
1463,133	24,134	25,000	2,100E+1
1464,133	24,093	25,000	2,298E+1
1465,134	24,096	25,000	2,466E+1
1466,134	24,077	25,000	2,460E+1
1467,134	24,076	25,000	2,538E+1
1468,134	24,046	25,000	2,544E+1
1469,134	24,038	25,000	2,669E+1
1470,134	24,043	25,000	2,703E+1
1471,134	24,034	25,000	2,689E+1
1472,134	24,015	25,000	2,729E+1
1473,134	24,039	25,000	2,807E+1
1474,135	24,061	25,000	2,718E+1
1475,135	24,063	25,000	2,636E+1
1476,135	24,081	25,000	2,632E+1
1477,135	24,096	25,000	2,567E+1
1478,135	24,101	25,000	2,511E+1
1479,135	24,087	25,000	2,494E+1
1480,135	24,104	25,000	2,555E+1
1481,135	24,126	25,000	2,492E+1
1482,135	24,103	25,000	2,407E+1
1483,135	24,133	25,000	2,502E+1
1484,135	24,117	25,000	2,385E+1
1485,135	24,125	25,000	2,457E+1
1486,135	24,120	25,000	2,427E+1
1487,136	24,127	25,000	2,453E+1
1488,136	24,100	25,000	2,427E+1
1489,136	24,066	25,000	2,538E+1
1490,136	24,070	25,000	2,679E+1
1491,136	24,083	25,000	2,665E+1
1492,136	24,097	25,000	2,618E+1
1493,136	24,087	25,000	2,566E+1
1494,136	24,103	25,000	2,612E+1
1495,136	24,129	25,000	2,551E+1
1496,136	24,111	25,000	2,452E+1
1497,136	24,107	25,000	2,529E+1
1498,136	24,142	25,000	2,547E+1
1499,136	24,169	25,000	2,414E+1
1500,137	24,153	25,000	2,309E+1
1501,137	24,162	25,000	2,376E+1
1502,137	24,200	25,000	2,346E+1
1503,137	24,226	25,000	2,200E+1
1504,137	24,223	25,000	2,100E+1
1505,137	24,202	25,000	2,116E+1
1506,137	24,197	25,000	2,202E+1
1507,137	24,179	25,000	2,224E+1
1508,137	24,162	25,000	2,299E+1
1509,137	24,160	25,000	2,372E+1
1510,137	24,155	25,000	2,381E+1
1511,137	24,177	25,000	2,403E+1
1512,137	24,133	25,000	2,324E+1
1513,137	24,146	25,000	2,500E+1
1514,137	24,120	25,000	2,450E+1
1515,138	24,083	25,000	2,561E+1
1516,138	24,118	25,000	2,712E+1
1517,138	24,112	25,000	2,575E+1
1518,138	24,090	25,000	2,601E+1
1519,138	24,074	25,000	2,696E+1
1520,138	24,056	25,000	2,764E+1
1521,138	24,061	25,000	2,839E+1
1522,138	24,095	25,000	2,821E+1
1523,138	24,084	25,000	2,691E+1
1524,138	24,062	25,000	2,737E+1
1525,138	24,038	25,000	2,832E+1
1526,139	24,030	25,000	2,927E+1
1527,139	24,029	25,000	2,963E+1
1528,139	24,015	25,000	2,976E+1
1529,139	24,050	25,000	3,032E+1
1530,139	24,044	25,000	2,897E+1
1531,139	24,054	25,000	2,929E+1
1532,139	24,075	25,000	2,892E+1
1533,139	24,084	25,000	2,813E+1
1534,139	24,073	25,000	2,780E+1
1535,139	24,088	25,000	2,827E+1
1536,139	24,065	25,000	2,772E+1
1537,140	24,076	25,000	2,869E+1
1538,140	24,074	25,000	2,830E+1
1539,140	24,085	25,000	2,842E+1
1540,140	24,059	25,000	2,801E+1
1541,140	24,037	25,000	2,912E+1
1542,140	24,046	25,000	3,003E+1
1543,140	24,046	25,000	2,972E+1
1544,140	24,065	25,000	2,974E+1
1545,140	24,086	25,000	2,903E+1
1546,140	24,103	25,000	2,824E+1
1547,140	24,107	25,000	2,759E+1
1548,140	24,111	25,000	2,749E+1
1549,141	24,100	25,000	2,739E+1
1550,141	24,136	25,000	2,785E+1
1551,141	24,105	25,000	2,646E+1
1552,141	24,090	25,000	2,771E+1
1553,141	24,056	25,000	2,835E+1
1554,141	24,037	25,000	2,976E+1
1555,141	24,064	25,000	3,057E+1
1556,141	24,105	25,000	2,950E+1
1557,141	24,123	25,000	2,794E+1
1558,141	24,145	25,000	2,725E+1
1559,142	24,148	25,000	2,644E+1
1560,142	24,119	25,000	2,638E+1
1561,142	24,111	25,000	2,754E+1
1562,142	24,143	25,000	2,790E+1
1563,142	24,151	25,000	2,667E+1
1564,142	24,175	25,000	2,641E+1
1565,142	24,159	25,000	2,546E+1
1566,142	24,144	25,000	2,617E+1
1567,142	24,099	25,000	2,679E+1
1568,142	24,087	25,000	2,863E+1
1569,142	24,122	25,000	2,914E+1
1570,142	24,113	25,000	2,778E+1
1571,142	24,098	25,000	2,819E+1
1572,143	24,149	25,000	2,881E+1
1573,143	24,152	25,000	2,681E+1
1574,143	24,152	25,000	2,673E+1
1575,143	24,152	25,000	2,679E+1
1576,143	24,175	25,000	2,682E+1
1577,143	24,218	25,000	2,595E+1
1578,143	24,218	25,000	2,431E+1
1579,143	24,219	25,000	2,432E+1
1580,143	24,277	25,000	2,432E+1
1581,143	24,261	25,000	2,205E+1
1582,143	24,301	25,000	2,272E+1
1583,143	24,299	25,000	2,117E+1
1584,144	24,282	25,000	2,130E+1
1585,144	24,267	25,000	2,200E+1
1586,144	24,255	25,000	2,259E+1
1587,144	24,355	25,000	2,310E+1
1588,144	24,380	25,000	1,919E+1
1589,144	24,388	25,000	1,825E+1
1590,144	24,392	25,000	1,796E+1
1591,144	24,373	25,000	1,781E+1
1592,144	24,375	25,000	1,857E+1
1593,144	24,337	25,000	1,854E+1
1594,144	24,328	25,000	2,009E+1
1595,144	24,288	25,000	2,046E+1
1596,145	24,291	25,000	2,209E+1
1597,145	24,317	25,000	2,197E+1
1598,145	24,282	25,000	2,097E+1
1599,145	24,291	25,000	2,241E+1
1600,145	24,303	25,000	2,206E+1
1601,145	24,289	25,000	2,162E+1
1602,145	24,252	25,000	2,223E+1
1603,145	24,244	25,000	2,374E+1
1604,145	24,265	25,000	2,408E+1
1605,145	24,282	25,000	2,328E+1
1606,145	24,326	25,000	2,262E+1
1607,145	24,293	25,000	2,093E+1
1608,145	24,276	25,000	2,228E+1
1609,146	24,279	25,000	2,299E+1
1610,146	24,285	25,000	2,288E+1
1611,146	24,248	25,000	2,268E+1
1612,146	24,212	25,000	2,416E+1
1613,146	24,188	25,000	2,566E+1
1614,146	24,183	25,000	2,660E+1
1615,146	24,179	25,000	2,684E+1
1616,146	24,185	25,000	2,703E+1
1617,146	24,243	25,000	2,685E+1
1618,146	24,227	25,000	2,459E+1
1619,146	24,271	25,000	2,528E+1
1620,146	24,309	25,000	2,355E+1
1621,146	24,319	25,000	2,206E+1
1622,147	24,306	25,000	2,171E+1
1623,147	24,319	25,000	2,226E+1
1624,147	24,305	25,000	2,180E+1
1625,147	24,310	25,000	2,238E+1
1626,147	24,348	25,000	2,217E+1
1627,147	24,358	25,000	2,074E+1
1628,147	24,356	25,000	2,037E+1
1629,147	24,361	25,000	2,046E+1
1630,147	24,381	25,000	2,029E+1
1631,147	24,341	25,000	1,955E+1
1632,147	24,335	25,000	2,114E+1
1633,147	24,320	25,000	2,139E+1
1634,148	24,291	25,000	2,205E+1
1635,148	24,312	25,000	2,319E+1
1636,148	24,346	25,000	2,239E+1
1637,148	24,318	25,000	2,112E+1
1638,148	24,289	25,000	2,224E+1
1639,148	24,275	25,000	2,342E+1
1640,148	24,254	25,000	2,400E+1
1641,148	24,275	25,000	2,487E+1
1642,148	24,270	25,000	2,407E+1
1643,148	24,275	25,000	2,430E+1
1644,148	24,278	25,000	2,413E+1
1645,148	24,284	25,000	2,405E+1
1646,148	24,287	25,000	2,384E+1
1647,148	24,270	25,000	2,376E+1
1648,149	24,279	25,000	2,448E+1
1649,149	24,285	25,000	2,416E+1
1650,149	24,264	25,000	2,393E+1
1651,149	24,212	25,000	2,482E+1
1652,149	24,245	25,000	2,689E+1
1653,149	24,199	25,000	2,564E+1
1654,149	24,206	25,000	2,748E+1
1655,149	24,227	25,000	2,724E+1
1656,149	24,203	25,000	2,644E+1
1657,149	24,238	25,000	2,741E+1
1658,149	24,228	25,000	2,609E+1
1659,149	24,248	25,000	2,650E+1
1660,149	24,245	25,000	2,577E+1
1661,150	24,283	25,000	2,592E+1
1662,150	24,266	25,000	2,443E+1
1663,150	24,290	25,000	2,515E+1
1664,150	24,268	25,000	2,424E+1
1665,150	24,261	25,000	2,512E+1
1666,150	24,271	25,000	2,545E+1
1667,150	24,277	25,000	2,507E+1
1668,150	24,299	25,000	2,486E+1
1669,150	24,296	25,000	2,402E+1
1670,150	24,290	25,000	2,417E+1
1671,150	24,265	25,000	2,446E+1
1672,150	24,235	25,000	2,547E+1
1673,151	24,222	25,000	2,669E+1
1674,151	24,223	25,000	2,724E+1
1675,151	24,239	25,000	2,723E+1
1676,151	24,277	25,000	2,662E+1
1677,151	24,292	25,000	2,514E+1
1678,151	24,368	25,000	2,458E+1
1679,151	24,360	25,000	2,162E+1
1680,151	24,350	25,000	2,199E+1
1681,151	24,323	25,000	2,239E+1
1682,151	24,315	25,000	2,347E+1
1683,151	24,323	25,000	2,384E+1
1684,151	24,336	25,000	2,355E+1
1685,152	24,321	25,000	2,307E+1
1686,152	24,312	25,000	2,369E+1
1687,152	24,352	25,000	2,406E+1
1688,152	24,358	25,000	2,253E+1
1689,152	24,343	25,000	2,230E+1
1690,152	24,333	25,000	2,296E+1
1691,152	24,331	25,000	2,337E+1
1692,152	24,348	25,000	2,350E+1
1693,152	24,347	25,000	2,285E+1
1694,152	24,346	25,000	2,290E+1
1695,152	24,383	25,000	2,154E+1
1696,152	24,383	25,000	2,154E+1
1697,152	24,364	25,000	2,236E+1
1698,152	24,346	25,000	2,307E+1
1699,153	24,363	25,000	2,246E+1
1700,153	24,371	25,000	2,215E+1
1701,153	24,372	25,000	2,212E+1
1702,153	24,378	25,000	2,193E+1
1703,153	24,353	25,000	2,295E+1
1704,153	24,360	25,000	2,270E+1
1705,153	24,328	25,000	2,402E+1
1706,153	24,328	25,000	2,403E+1
1707,153	24,334	25,000	2,380E+1
1708,153	24,358	25,000	2,292E+1
1709,153	24,434	25,000	1,992E+1
1710,154	24,463	25,000	1,878E+1
1711,154	24,443	25,000	1,961E+1
1712,154	24,413	25,000	2,081E+1
1713,154	24,420	25,000	2,056E+1
1714,154	24,468	25,000	1,872E+1
1715,154	24,467	25,000	1,876E+1
1716,154	24,434	25,000	2,008E+1
1717,154	24,431	25,000	2,022E+1
1718,154	24,393	25,000	2,177E+1
1719,154	24,355	25,000	2,330E+1
1720,154	24,337	25,000	2,403E+1
1721,154	24,336	25,000	2,412E+1
1722,154	24,392	25,000	2,193E+1
1723,155	24,418	25,000	2,092E+1
1724,155	24,410	25,000	2,127E+1
1725,155	24,422	25,000	2,082E+1
1726,155	24,417	25,000	2,104E+1
1727,155	24,424	25,000	2,079E+1
1728,155	24,413	25,000	2,125E+1
1729,155	24,411	25,000	2,136E+1
1730,155	24,413	25,000	2,129E+1
1731,155	24,447	25,000	1,999E+1
1732,155	24,441	25,000	2,025E+1
1733,156	24,463	25,000	1,940E+1
1734,156	24,473	25,000	1,905E+1
1735,156	24,453	25,000	1,987E+1
1736,156	24,444	25,000	2,021E+1
1737,156	24,450	25,000	2,002E+1
1738,156	24,429	25,000	2,087E+1
1739,156	24,462	25,000	1,957E+1
1740,156	24,509	25,000	1,773E+1
1741,156	24,475	25,000	1,912E+1
1742,156	24,492	25,000	1,845E+1
1743,156	24,495	25,000	1,840E+1
1744,157	24,521	25,000	1,735E+1
1745,157	24,528	25,000	1,711E+1
1746,157	24,529	25,000	1,712E+1
1747,157	24,537	25,000	1,680E+1
1748,157	24,553	25,000	1,621E+1
1749,157	24,567	25,000	1,565E+1
1750,157	24,559	25,000	1,597E+1
1751,157	24,583	25,000	1,506E+1
1752,157	24,571	25,000	1,555E+1
1753,157	24,555	25,000	1,622E+1
1754,157	24,588	25,000	1,492E+1
1755,157	24,589	25,000	1,490E+1
1756,157	24,588	25,000	1,494E+1
1757,158	24,558	25,000	1,618E+1
1758,158	24,535	25,000	1,709E+1
1759,158	24,525	25,000	1,751E+1
1760,158	24,488	25,000	1,902E+1
1761,158	24,486	25,000	1,908E+1
1762,158	24,480	25,000	1,938E+1
1763,158	24,511	25,000	1,816E+1
1764,158	24,472	25,000	1,972E+1
1765,158	24,460	25,000	2,022E+1
1766,158	24,433	25,000	2,130E+1
1767,158	24,434	25,000	2,132E+1
1768,159	24,465	25,000	2,008E+1
1769,159	24,456	25,000	2,046E+1
1770,159	24,433	25,000	2,142E+1
1771,159	24,457	25,000	2,047E+1
1772,159	24,502	25,000	1,873E+1
1773,159	24,487	25,000	1,933E+1
1774,159	24,486	25,000	1,941E+1
1775,159	24,459	25,000	2,053E+1
1776,159	24,441	25,000	2,126E+1
1777,159	24,464	25,000	2,036E+1
1778,159	24,467	25,000	2,026E+1
1779,160	24,457	25,000	2,068E+1
1780,160	24,460	25,000	2,057E+1
1781,160	24,417	25,000	2,232E+1
1782,160	24,437	25,000	2,155E+1
1783,160	24,414	25,000	2,249E+1
1784,160	24,422	25,000	2,220E+1
1785,160	24,444	25,000	2,135E+1
1786,160	24,470	25,000	2,035E+1
1787,160	24,488	25,000	1,966E+1
1788,160	24,488	25,000	1,968E+1
1789,160	24,509	25,000	1,887E+1
1790,160	24,498	25,000	1,931E+1
1791,160	24,472	25,000	2,038E+1
1792,161	24,477	25,000	2,023E+1
1793,161	24,464	25,000	2,075E+1
1794,161	24,468	25,000	2,059E+1
1795,161	24,507	25,000	1,911E+1
1796,161	24,532	25,000	1,812E+1
1797,161	24,520	25,000	1,860E+1
1798,161	24,488	25,000	1,991E+1
1799,161	24,457	25,000	2,116E+1
1800,161	24,446	25,000	2,164E+1
1801,161	24,423	25,000	2,254E+1
1802,161	24,433	25,000	2,219E+1
1803,162	24,413	25,000	2,299E+1
1804,162	24,444	25,000	2,180E+1
1805,162	24,453	25,000	2,147E+1
1806,162	24,416	25,000	2,296E+1
1807,162	24,434	25,000	2,226E+1
1808,162	24,428	25,000	2,254E+1
1809,162	24,458	25,000	2,138E+1
1810,162	24,430	25,000	2,251E+1
1811,162	24,447	25,000	2,184E+1
1812,162	24,437	25,000	2,226E+1
1813,162	24,440	25,000	2,219E+1
1814,162	24,427	25,000	2,273E+1
1815,163	24,378	25,000	2,468E+1
1816,163	24,388	25,000	2,433E+1
1817,163	24,394	25,000	2,412E+1
1818,163	24,364	25,000	2,534E+1
1819,163	24,366	25,000	2,528E+1
1820,163	24,380	25,000	2,474E+1
1821,163	24,402	25,000	2,392E+1
1822,163	24,425	25,000	2,303E+1
1823,163	24,413	25,000	2,353E+1
1824,163	24,426	25,000	2,304E+1
1825,163	24,428	25,000	2,299E+1
1826,164	24,448	25,000	2,222E+1
1827,164	24,440	25,000	2,259E+1
1828,164	24,497	25,000	2,033E+1
1829,164	24,508	25,000	1,992E+1
1830,164	24,521	25,000	1,943E+1
1831,164	24,557	25,000	1,802E+1
1832,164	24,620	25,000	1,557E+1
1833,164	24,603	25,000	1,624E+1
1834,164	24,619	25,000	1,564E+1
1835,164	24,645	25,000	1,463E+1
1836,164	24,625	25,000	1,542E+1
1837,164	24,608	25,000	1,611E+1
1838,165	24,614	25,000	1,589E+1
1839,165	24,618	25,000	1,574E+1
1840,165	24,611	25,000	1,602E+1
1841,165	24,623	25,000	1,558E+1
1842,165	24,616	25,000	1,590E+1
1843,165	24,602	25,000	1,643E+1
1844,165	24,565	25,000	1,793E+1
1845,165	24,550	25,000	1,855E+1
1846,165	24,529	25,000	1,940E+1
1847,166	24,540	25,000	1,900E+1
1848,166	24,514	25,000	2,005E+1
1849,166	24,516	25,000	2,000E+1
1850,166	24,580	25,000	1,746E+1
1851,166	24,601	25,000	1,665E+1
1852,166	24,661	25,000	1,429E+1
1853,166	24,657	25,000	1,448E+1
1854,166	24,649	25,000	1,478E+1
1855,166	24,612	25,000	1,628E+1
1856,166	24,573	25,000	1,784E+1
1857,166	24,551	25,000	1,873E+1
1858,167	24,519	25,000	2,002E+1
1859,167	24,498	25,000	2,089E+1
1860,167	24,442	25,000	2,312E+1
1861,167	24,459	25,000	2,249E+1
1862,167	24,460	25,000	2,245E+1
1863,167	24,441	25,000	2,325E+1
1864,167	24,438	25,000	2,337E+1
1865,167	24,430	25,000	2,372E+1
1866,167	24,475	25,000	2,196E+1
1867,167	24,511	25,000	2,058E+1
1868,167	24,496	25,000	2,117E+1
1869,167	24,477	25,000	2,197E+1
1870,168	24,464	25,000	2,249E+1
1871,168	24,461	25,000	2,263E+1
1872,168	24,457	25,000	2,279E+1
1873,168	24,459	25,000	2,276E+1
1874,168	24,422	25,000	2,427E+1
1875,168	24,441	25,000	2,354E+1
1876,168	24,473	25,000	2,228E+1
1877,168	24,475	25,000	2,222E+1
1878,168	24,520	25,000	2,048E+1
1879,168	24,543	25,000	1,960E+1
1880,168	24,551	25,000	1,928E+1
1881,169	24,530	25,000	2,011E+1
1882,169	24,511	25,000	2,091E+1
1883,169	24,534	25,000	2,002E+1
1884,169	24,513	25,000	2,087E+1
1885,169	24,507	25,000	2,115E+1
1886,169	24,498	25,000	2,151E+1
1887,169	24,483	25,000	2,214E+1
1888,169	24,480	25,000	2,227E+1
1889,169	24,486	25,000	2,207E+1
1890,169	24,488	25,000	2,200E+1
1891,169	24,478	25,000	2,242E+1
1892,169	24,491	25,000	2,194E+1
1893,169	24,525	25,000	2,060E+1
1894,170	24,531	25,000	2,038E+1
1895,170	24,534	25,000	2,031E+1
1896,170	24,520	25,000	2,084E+1
1897,170	24,508	25,000	2,134E+1
1898,170	24,486	25,000	2,225E+1
1899,170	24,490	25,000	2,212E+1
1900,170	24,492	25,000	2,204E+1
1901,170	24,523	25,000	2,086E+1
1902,170	24,547	25,000	1,995E+1
1903,170	24,541	25,000	2,019E+1
1904,170	24,512	25,000	2,134E+1
1905,171	24,501	25,000	2,183E+1
1906,171	24,475	25,000	2,287E+1
1907,171	24,480	25,000	2,271E+1
1908,171	24,480	25,000	2,271E+1
1909,171	24,490	25,000	2,234E+1
1910,171	24,498	25,000	2,205E+1
1911,171	24,518	25,000	2,128E+1
1912,171	24,526	25,000	2,096E+1
1913,171	24,532	25,000	2,075E+1
1914,171	24,551	25,000	2,002E+1
1915,171	24,578	25,000	1,899E+1
1916,171	24,611	25,000	1,772E+1
1917,171	24,605	25,000	1,793E+1
1918,172	24,648	25,000	1,625E+1
1919,172	24,627	25,000	1,713E+1
1920,172	24,607	25,000	1,794E+1
1921,172	24,615	25,000	1,762E+1
1922,172	24,614	25,000	1,770E+1
1923,172	24,602	25,000	1,819E+1
1924,172	24,578	25,000	1,914E+1
1925,172	24,570	25,000	1,948E+1
1926,172	24,563	25,000	1,978E+1
1927,172	24,548	25,000	2,039E+1
1928,172	24,546	25,000	2,051E+1
1929,172	24,525	25,000	2,134E+1
1930,173	24,514	25,000	2,178E+1
1931,173	24,502	25,000	2,232E+1
1932,173	24,499	25,000	2,244E+1
1933,173	24,515	25,000	2,181E+1
1934,173	24,544	25,000	2,070E+1
1935,173	24,541	25,000	2,084E+1
1936,173	24,529	25,000	2,132E+1
1937,173	24,507	25,000	2,223E+1
1938,173	24,492	25,000	2,285E+1
1939,173	24,515	25,000	2,196E+1
1940,173	24,519	25,000	2,184E+1
1941,173	24,454	25,000	2,442E+1
1942,174	24,509	25,000	2,226E+1
1943,174	24,565	25,000	2,009E+1
1944,174	24,604	25,000	1,854E+1
1945,174	24,627	25,000	1,767E+1
1946,174	24,587	25,000	1,927E+1
1947,174	24,572	25,000	1,988E+1
1948,174	24,575	25,000	1,976E+1
1949,174	24,579	25,000	1,960E+1
1950,174	24,588	25,000	1,927E+1
1951,174	24,581	25,000	1,956E+1
1952,174	24,569	25,000	2,008E+1
1953,175	24,585	25,000	1,946E+1
1954,175	24,601	25,000	1,887E+1
1955,175	24,593	25,000	1,918E+1
1956,175	24,599	25,000	1,898E+1
1957,175	24,597	25,000	1,906E+1
1958,175	24,562	25,000	2,046E+1
1959,175	24,550	25,000	2,094E+1
1960,175	24,593	25,000	1,928E+1
1961,175	24,574	25,000	2,007E+1
1962,175	24,563	25,000	2,048E+1
1963,175	24,567	25,000	2,036E+1
1964,175	24,552	25,000	2,098E+1
1965,176	24,586	25,000	1,965E+1
1966,176	24,584	25,000	1,977E+1
1967,176	24,560	25,000	2,070E+1
1968,176	24,590	25,000	1,953E+1
1969,176	24,606	25,000	1,893E+1
1970,176	24,594	25,000	1,943E+1
1971,176	24,607	25,000	1,893E+1
1972,176	24,603	25,000	1,911E+1
1973,176	24,630	25,000	1,805E+1
1974,176	24,625	25,000	1,829E+1
1975,177	24,643	25,000	1,757E+1
1976,177	24,665	25,000	1,672E+1
1977,177	24,646	25,000	1,749E+1
1978,177	24,651	25,000	1,730E+1
1979,177	24,642	25,000	1,768E+1
1980,177	24,640	25,000	1,775E+1
1981,177	24,641	25,000	1,777E+1
1982,177	24,655	25,000	1,721E+1
1983,177	24,662	25,000	1,695E+1
1984,177	24,682	25,000	1,617E+1
1985,177	24,692	25,000	1,579E+1
1986,177	24,707	25,000	1,519E+1
1987,178	24,712	25,000	1,502E+1
1988,178	24,735	25,000	1,412E+1
1989,178	24,756	25,000	1,328E+1
1990,178	24,762	25,000	1,306E+1
1991,178	24,725	25,000	1,455E+1
1992,178	24,718	25,000	1,484E+1
1993,178	24,698	25,000	1,565E+1
1994,178	24,703	25,000	1,547E+1
1995,178	24,727	25,000	1,451E+1
1996,178	24,759	25,000	1,327E+1
1997,178	24,779	25,000	1,249E+1
1998,178	24,784	25,000	1,232E+1
1999,178	24,809	25,000	1,134E+1
2000,179	24,809	25,000	1,133E+1
2001,179	24,801	25,000	1,164E+1
2002,179	24,784	25,000	1,236E+1
2003,179	24,780	25,000	1,249E+1
2004,179	24,810	25,000	1,131E+1
2005,179	24,822	25,000	1,086E+1
2006,179	24,813	25,000	1,123E+1
2007,179	24,825	25,000	1,076E+1
2008,179	24,803	25,000	1,164E+1
2009,179	24,800	25,000	1,175E+1
2010,179	24,819	25,000	1,104E+1
2011,179	24,811	25,000	1,133E+1
2012,180	24,773	25,000	1,286E+1
2013,180	24,780	25,000	1,259E+1
2014,180	24,761	25,000	1,336E+1
2015,180	24,743	25,000	1,408E+1
2016,180	24,739	25,000	1,427E+1
2017,180	24,756	25,000	1,357E+1
2018,180	24,764	25,000	1,328E+1
2019,180	24,754	25,000	1,369E+1
2020,180	24,762	25,000	1,340E+1
2021,180	24,753	25,000	1,373E+1
2022,180	24,754	25,000	1,374E+1
2023,181	24,747	25,000	1,403E+1
2024,181	24,763	25,000	1,341E+1
2025,181	24,735	25,000	1,453E+1
2026,181	24,742	25,000	1,422E+1
2027,181	24,752	25,000	1,386E+1
2028,181	24,703	25,000	1,579E+1
2029,181	24,686	25,000	1,650E+1
2030,181	24,693	25,000	1,624E+1
2031,181	24,675	25,000	1,694E+1
2032,181	24,729	25,000	1,484E+1
2033,181	24,737	25,000	1,453E+1
2034,182	24,701	25,000	1,595E+1
2035,182	24,722	25,000	1,515E+1
2036,182	24,696	25,000	1,620E+1
2037,182	24,694	25,000	1,629E+1
2038,182	24,678	25,000	1,694E+1
2039,182	24,675	25,000	1,707E+1
2040,182	24,657	25,000	1,780E+1
2041,182	24,643	25,000	1,835E+1
2042,182	24,639	25,000	1,856E+1
2043,182	24,638	25,000	1,862E+1
2044,182	24,634	25,000	1,877E+1
2045,182	24,657	25,000	1,788E+1
2046,182	24,631	25,000	1,892E+1
2047,183	24,631	25,000	1,894E+1
2048,183	24,610	25,000	1,979E+1
2049,183	24,609	25,000	1,985E+1
2050,183	24,645	25,000	1,846E+1
2051,183	24,686	25,000	1,683E+1
2052,183	24,677	25,000	1,720E+1
2053,183	24,690	25,000	1,670E+1
2054,183	24,701	25,000	1,628E+1
2055,183	24,685	25,000	1,693E+1
2056,183	24,649	25,000	1,837E+1
2057,183	24,651	25,000	1,832E+1
2058,184	24,642	25,000	1,866E+1
2059,184	24,668	25,000	1,768E+1
2060,184	24,715	25,000	1,579E+1
2061,184	24,724	25,000	1,545E+1
2062,184	24,755	25,000	1,427E+1
2063,184	24,758	25,000	1,415E+1
2064,184	24,761	25,000	1,404E+1
2065,184	24,778	25,000	1,338E+1
2066,184	24,764	25,000	1,392E+1
2067,184	24,745	25,000	1,468E+1
2068,184	24,782	25,000	1,327E+1
2069,185	24,776	25,000	1,352E+1
2070,185	24,800	25,000	1,258E+1
2071,185	24,809	25,000	1,221E+1
2072,185	24,800	25,000	1,255E+1
2073,185	24,819	25,000	1,183E+1
2074,185	24,797	25,000	1,269E+1
2075,185	24,819	25,000	1,183E+1
2076,185	24,808	25,000	1,229E+1
2077,185	24,777	25,000	1,353E+1
2078,185	24,755	25,000	1,443E+1
2079,185	24,723	25,000	1,571E+1
2080,185	24,727	25,000	1,552E+1
2081,185	24,712	25,000	1,617E+1
2082,185	24,704	25,000	1,648E+1
2083,186	24,710	25,000	1,626E+1
2084,186	24,703	25,000	1,657E+1
2085,186	24,673	25,000	1,775E+1
2086,186	24,696	25,000	1,685E+1
2087,186	24,684	25,000	1,736E+1
2088,186	24,661	25,000	1,827E+1
2089,186	24,686	25,000	1,729E+1
2090,186	24,675	25,000	1,772E+1
2091,186	24,671	25,000	1,793E+1
2092,186	24,654	25,000	1,860E+1
2093,186	24,646	25,000	1,894E+1
2094,187	24,640	25,000	1,919E+1
2095,187	24,633	25,000	1,950E+1
2096,187	24,648	25,000	1,892E+1
2097,187	24,655	25,000	1,864E+1
2098,187	24,645	25,000	1,906E+1
2099,187	24,643	25,000	1,913E+1
2100,187	24,623	25,000	1,998E+1
2101,187	24,623	25,000	2,000E+1
2102,187	24,633	25,000	1,962E+1
2103,187	24,675	25,000	1,793E+1
2104,187	24,691	25,000	1,733E+1
2105,187	24,691	25,000	1,732E+1
2106,187	24,648	25,000	1,908E+1
2107,187	24,644	25,000	1,924E+1
2108,187	24,642	25,000	1,931E+1
2109,188	24,671	25,000	1,822E+1
2110,188	24,675	25,000	1,805E+1
2111,188	24,685	25,000	1,767E+1
2112,188	24,686	25,000	1,767E+1
2113,188	24,700	25,000	1,711E+1
2114,188	24,677	25,000	1,803E+1
2115,188	24,671	25,000	1,830E+1
2116,188	24,650	25,000	1,913E+1
2117,188	24,642	25,000	1,944E+1
2118,188	24,615	25,000	2,055E+1
2119,188	24,620	25,000	2,037E+1
2120,188	24,614	25,000	2,060E+1
2121,189	24,608	25,000	2,090E+1
2122,189	24,584	25,000	2,183E+1
2123,189	24,610	25,000	2,086E+1
2124,189	24,625	25,000	2,024E+1
2125,189	24,626	25,000	2,026E+1
2126,189	24,637	25,000	1,984E+1
2127,189	24,658	25,000	1,900E+1
2128,189	24,678	25,000	1,825E+1
2129,189	24,703	25,000	1,727E+1
2130,189	24,687	25,000	1,788E+1
2131,189	24,672	25,000	1,851E+1
2132,189	24,662	25,000	1,894E+1
2133,189	24,676	25,000	1,838E+1
2134,190	24,673	25,000	1,851E+1
2135,190	24,703	25,000	1,736E+1
2136,190	24,721	25,000	1,666E+1
2137,190	24,742	25,000	1,580E+1
2138,190	24,773	25,000	1,462E+1
2139,190	24,747	25,000	1,564E+1
2140,190	24,724	25,000	1,656E+1
2141,190	24,724	25,000	1,658E+1
2142,190	24,717	25,000	1,687E+1
2143,190	24,704	25,000	1,737E+1
2144,190	24,715	25,000	1,697E+1
2145,190	24,709	25,000	1,720E+1
2146,191	24,708	25,000	1,727E+1
2147,191	24,718	25,000	1,687E+1
2148,191	24,735	25,000	1,623E+1
2149,191	24,699	25,000	1,767E+1
2150,191	24,672	25,000	1,873E+1
2151,191	24,664	25,000	1,906E+1
2152,191	24,648	25,000	1,971E+1
2153,191	24,672	25,000	1,880E+1
2154,191	24,698	25,000	1,780E+1
2155,191	24,715	25,000	1,710E+1
2156,191	24,736	25,000	1,632E+1
2157,191	24,714	25,000	1,719E+1
2158,191	24,718	25,000	1,702E+1
2159,191	24,701	25,000	1,771E+1
2160,192	24,709	25,000	1,742E+1
2161,192	24,723	25,000	1,690E+1
2162,192	24,719	25,000	1,705E+1
2163,192	24,714	25,000	1,727E+1
2164,192	24,716	25,000	1,720E+1
2165,192	24,685	25,000	1,844E+1
2166,192	24,681	25,000	1,863E+1
2167,192	24,678	25,000	1,875E+1
2168,192	24,648	25,000	1,995E+1
2169,192	24,657	25,000	1,959E+1
2170,192	24,666	25,000	1,927E+1
2171,192	24,655	25,000	1,972E+1
2172,192	24,641	25,000	2,031E+1
2173,192	24,617	25,000	2,124E+1
2174,193	24,616	25,000	2,133E+1
2175,193	24,663	25,000	1,949E+1
2176,193	24,661	25,000	1,956E+1
2177,193	24,672	25,000	1,912E+1
2178,193	24,682	25,000	1,876E+1
2179,193	24,671	25,000	1,921E+1
2180,193	24,692	25,000	1,837E+1
2181,193	24,694	25,000	1,835E+1
2182,193	24,715	25,000	1,753E+1
2183,193	24,736	25,000	1,669E+1
2184,193	24,735	25,000	1,674E+1
2185,193	24,741	25,000	1,652E+1
2186,193	24,730	25,000	1,696E+1
2187,194	24,782	25,000	1,494E+1
2188,194	24,768	25,000	1,546E+1
2189,194	24,758	25,000	1,587E+1
2190,194	24,737	25,000	1,673E+1
2191,194	24,718	25,000	1,749E+1
2192,194	24,727	25,000	1,715E+1
2193,194	24,761	25,000	1,582E+1
2194,194	24,725	25,000	1,725E+1
2195,194	24,714	25,000	1,772E+1
2196,194	24,754	25,000	1,613E+1
2197,194	24,719	25,000	1,753E+1
2198,194	24,744	25,000	1,655E+1
2199,195	24,747	25,000	1,644E+1
2200,195	24,764	25,000	1,580E+1
2201,195	24,761	25,000	1,591E+1
2202,195	24,753	25,000	1,624E+1
2203,195	24,762	25,000	1,587E+1
2204,195	24,761	25,000	1,596E+1
2205,195	24,748	25,000	1,649E+1
2206,195	24,736	25,000	1,695E+1
2207,195	24,732	25,000	1,713E+1
2208,195	24,764	25,000	1,585E+1
2209,195	24,748	25,000	1,651E+1
2210,195	24,729	25,000	1,730E+1
2211,195	24,742	25,000	1,676E+1
2212,195	24,731	25,000	1,722E+1
2213,196	24,726	25,000	1,743E+1
2214,196	24,720	25,000	1,770E+1
2215,196	24,654	25,000	2,031E+1
2216,196	24,651	25,000	2,047E+1
2217,196	24,675	25,000	1,953E+1
2218,196	24,631	25,000	2,125E+1
2219,196	24,633	25,000	2,119E+1
2220,196	24,624	25,000	2,156E+1
2221,196	24,652	25,000	2,047E+1
2222,196	24,675	25,000	1,957E+1
2223,196	24,675	25,000	1,963E+1
2224,196	24,690	25,000	1,905E+1
2225,197	24,678	25,000	1,950E+1
2226,197	24,666	25,000	2,001E+1
2227,197	24,648	25,000	2,073E+1
2228,197	24,660	25,000	2,025E+1
2229,197	24,694	25,000	1,892E+1
2230,197	24,669	25,000	1,997E+1
2231,197	24,663	25,000	2,018E+1
2232,197	24,681	25,000	1,948E+1
2233,197	24,694	25,000	1,898E+1
2234,197	24,670	25,000	1,997E+1
2235,197	24,700	25,000	1,879E+1
2236,197	24,729	25,000	1,766E+1
2237,198	24,728	25,000	1,771E+1
2238,198	24,733	25,000	1,750E+1
2239,198	24,720	25,000	1,805E+1
2240,198	24,721	25,000	1,802E+1
2241,198	24,728	25,000	1,776E+1
2242,198	24,739	25,000	1,735E+1
2243,198	24,757	25,000	1,663E+1
2244,198	24,742	25,000	1,724E+1
2245,198	24,730	25,000	1,774E+1
2246,198	24,744	25,000	1,720E+1
2247,198	24,764	25,000	1,638E+1
2248,198	24,766	25,000	1,633E+1
2249,198	24,764	25,000	1,640E+1
2250,198	24,767	25,000	1,631E+1
2251,199	24,760	25,000	1,660E+1
2252,199	24,758	25,000	1,669E+1
2253,199	24,745	25,000	1,722E+1
2254,199	24,717	25,000	1,834E+1
2255,199	24,730	25,000	1,786E+1
2256,199	24,758	25,000	1,672E+1
2257,199	24,828	25,000	1,398E+1
2258,199	24,839	25,000	1,355E+1
2259,199	24,834	25,000	1,375E+1
2260,199	24,833	25,000	1,382E+1
2261,199	24,840	25,000	1,351E+1
2262,199	24,853	25,000	1,302E+1
2263,199	24,844	25,000	1,339E+1
2264,200	24,828	25,000	1,405E+1
2265,200	24,816	25,000	1,449E+1
2266,200	24,845	25,000	1,339E+1
2267,200	24,843	25,000	1,344E+1
2268,200	24,840	25,000	1,356E+1
2269,200	24,846	25,000	1,333E+1
2270,200	24,821	25,000	1,435E+1
2271,200	24,802	25,000	1,511E+1
2272,200	24,810	25,000	1,480E+1
2273,200	24,808	25,000	1,491E+1
2274,200	24,826	25,000	1,417E+1
2275,200	24,797	25,000	1,534E+1
2276,201	24,770	25,000	1,644E+1
2277,201	24,761	25,000	1,677E+1
2278,201	24,752	25,000	1,718E+1
2279,201	24,751	25,000	1,723E+1
2280,201	24,748	25,000	1,732E+1
2281,201	24,754	25,000	1,713E+1
2282,201	24,776	25,000	1,627E+1
2283,201	24,788	25,000	1,579E+1
2284,201	24,779	25,000	1,617E+1
2285,201	24,777	25,000	1,624E+1
2286,201	24,822	25,000	1,445E+1
2287,201	24,816	25,000	1,473E+1
2288,201	24,828	25,000	1,423E+1
2289,201	24,855	25,000	1,320E+1
2290,201	24,840	25,000	1,378E+1
2291,202	24,837	25,000	1,393E+1
2292,202	24,845	25,000	1,362E+1
2293,202	24,798	25,000	1,545E+1
2294,202	24,799	25,000	1,546E+1
2295,202	24,774	25,000	1,642E+1
2296,202	24,810	25,000	1,502E+1
2297,202	24,810	25,000	1,503E+1
2298,202	24,816	25,000	1,480E+1
2299,202	24,791	25,000	1,580E+1
2300,202	24,780	25,000	1,625E+1
2301,202	24,782	25,000	1,616E+1
2302,202	24,785	25,000	1,605E+1
2303,202	24,784	25,000	1,614E+1
2304,202	24,770	25,000	1,666E+1
2305,203	24,803	25,000	1,537E+1
2306,203	24,843	25,000	1,383E+1
2307,203	24,845	25,000	1,376E+1
2308,203	24,828	25,000	1,442E+1
2309,203	24,816	25,000	1,488E+1
2310,203	24,852	25,000	1,350E+1
2311,203	24,859	25,000	1,321E+1
2312,203	24,870	25,000	1,278E+1
2313,203	24,851	25,000	1,356E+1
2314,203	24,879	25,000	1,244E+1
2315,203	24,892	25,000	1,193E+1
2316,203	24,898	25,000	1,168E+1
2317,203	24,874	25,000	1,263E+1
2318,204	24,860	25,000	1,323E+1
2319,204	24,841	25,000	1,397E+1
2320,204	24,809	25,000	1,523E+1
2321,204	24,840	25,000	1,403E+1
2322,204	24,854	25,000	1,350E+1
2323,204	24,805	25,000	1,541E+1
2324,204	24,790	25,000	1,605E+1
2325,204	24,833	25,000	1,436E+1
2326,204	24,826	25,000	1,462E+1
2327,204	24,837	25,000	1,417E+1
2328,204	24,837	25,000	1,418E+1
2329,204	24,851	25,000	1,367E+1
2330,205	24,865	25,000	1,311E+1
2331,205	24,863	25,000	1,317E+1
2332,205	24,859	25,000	1,336E+1
2333,205	24,837	25,000	1,423E+1
2334,205	24,888	25,000	1,222E+1
2335,205	24,900	25,000	1,177E+1
2336,205	24,923	25,000	1,082E+1
2337,205	24,920	25,000	1,097E+1
2338,205	24,934	25,000	1,039E+1
2339,205	24,927	25,000	1,069E+1
2340,205	24,923	25,000	1,084E+1
2341,206	24,941	25,000	1,013E+1
2342,206	24,939	25,000	1,021E+1
2343,206	24,924	25,000	1,083E+1
2344,206	24,980	25,000	8,590E+0
2345,206	24,947	25,000	9,898E+0
2346,206	24,946	25,000	9,980E+0
2347,206	24,957	25,000	9,507E+0
2348,206	24,934	25,000	1,046E+1
2349,206	24,939	25,000	1,025E+1
2350,206	24,959	25,000	9,455E+0
2351,206	24,935	25,000	1,039E+1
2352,206	24,949	25,000	9,856E+0
2353,206	24,931	25,000	1,059E+1
2354,206	24,927	25,000	1,073E+1
2355,206	24,901	25,000	1,177E+1
2356,207	24,877	25,000	1,274E+1
2357,207	24,888	25,000	1,231E+1
2358,207	24,885	25,000	1,244E+1
2359,207	24,840	25,000	1,420E+1
2360,207	24,879	25,000	1,267E+1
2361,207	24,856	25,000	1,358E+1
2362,207	24,830	25,000	1,462E+1
2363,207	24,864	25,000	1,326E+1
2364,207	24,886	25,000	1,239E+1
2365,207	24,896	25,000	1,202E+1
2366,207	24,901	25,000	1,181E+1
2367,207	24,883	25,000	1,257E+1
2368,207	24,879	25,000	1,273E+1
2369,208	24,878	25,000	1,276E+1
2370,208	24,870	25,000	1,310E+1
2371,208	24,872	25,000	1,301E+1
2372,208	24,902	25,000	1,182E+1
2373,208	24,921	25,000	1,107E+1
2374,208	24,956	25,000	9,671E+0
2375,208	24,930	25,000	1,072E+1
2376,208	24,970	25,000	9,161E+0
2377,208	24,991	25,000	8,311E+0
2378,208	24,965	25,000	9,342E+0
2379,208	24,929	25,000	1,075E+1
2380,209	24,913	25,000	1,139E+1
2381,209	24,893	25,000	1,220E+1
2382,209	24,880	25,000	1,272E+1
2383,209	24,870	25,000	1,310E+1
2384,209	24,860	25,000	1,353E+1
2385,209	24,868	25,000	1,322E+1
2386,209	24,864	25,000	1,338E+1
2387,209	24,852	25,000	1,384E+1
2388,209	24,834	25,000	1,460E+1
2389,209	24,821	25,000	1,512E+1
2390,209	24,835	25,000	1,454E+1
2391,209	24,842	25,000	1,429E+1
2392,209	24,836	25,000	1,453E+1
2393,210	24,835	25,000	1,458E+1
2394,210	24,831	25,000	1,475E+1
2395,210	24,828	25,000	1,489E+1
2396,210	24,832	25,000	1,472E+1
2397,210	24,840	25,000	1,441E+1
2398,210	24,837	25,000	1,452E+1
2399,210	24,837	25,000	1,455E+1
2400,210	24,812	25,000	1,554E+1
2401,210	24,816	25,000	1,537E+1
2402,210	24,782	25,000	1,673E+1
2403,210	24,776	25,000	1,702E+1
2404,210	24,817	25,000	1,536E+1
2405,210	24,805	25,000	1,585E+1
2406,211	24,794	25,000	1,631E+1
2407,211	24,798	25,000	1,616E+1
2408,211	24,791	25,000	1,647E+1
2409,211	24,791	25,000	1,644E+1
2410,211	24,780	25,000	1,690E+1
2411,211	24,785	25,000	1,673E+1
2412,211	24,813	25,000	1,561E+1
2413,211	24,820	25,000	1,537E+1
2414,211	24,779	25,000	1,700E+1
2415,211	24,812	25,000	1,566E+1
2416,211	24,794	25,000	1,638E+1
2417,211	24,828	25,000	1,508E+1
2418,212	24,806	25,000	1,596E+1
2419,212	24,794	25,000	1,645E+1
2420,212	24,789	25,000	1,664E+1
2421,212	24,782	25,000	1,694E+1
2422,212	24,774	25,000	1,723E+1
2423,212	24,788	25,000	1,671E+1
2424,212	24,784	25,000	1,687E+1
2425,212	24,820	25,000	1,548E+1
2426,212	24,827	25,000	1,519E+1
2427,212	24,832	25,000	1,500E+1
2428,212	24,818	25,000	1,556E+1
2429,212	24,819	25,000	1,555E+1
2430,212	24,801	25,000	1,625E+1
2431,212	24,785	25,000	1,689E+1
2432,213	24,806	25,000	1,609E+1
2433,213	24,799	25,000	1,638E+1
2434,213	24,801	25,000	1,629E+1
2435,213	24,788	25,000	1,679E+1
2436,213	24,777	25,000	1,724E+1
2437,213	24,777	25,000	1,727E+1
2438,213	24,778	25,000	1,724E+1
2439,213	24,776	25,000	1,733E+1
2440,213	24,790	25,000	1,678E+1
2441,213	24,837	25,000	1,493E+1
2442,213	24,828	25,000	1,531E+1
2443,213	24,828	25,000	1,528E+1
2444,213	24,809	25,000	1,608E+1
2445,214	24,778	25,000	1,730E+1
2446,214	24,798	25,000	1,649E+1
2447,214	24,845	25,000	1,466E+1
2448,214	24,843	25,000	1,475E+1
2449,214	24,839	25,000	1,491E+1
2450,214	24,843	25,000	1,478E+1
2451,214	24,851	25,000	1,447E+1
2452,214	24,822	25,000	1,563E+1
2453,214	24,808	25,000	1,615E+1
2454,214	24,803	25,000	1,638E+1
2455,214	24,794	25,000	1,676E+1
2456,214	24,800	25,000	1,649E+1
2457,215	24,811	25,000	1,609E+1
2458,215	24,809	25,000	1,616E+1
2459,215	24,802	25,000	1,646E+1
2460,215	24,804	25,000	1,637E+1
2461,215	24,788	25,000	1,705E+1
2462,215	24,762	25,000	1,805E+1
2463,215	24,758	25,000	1,824E+1
2464,215	24,741	25,000	1,893E+1
2465,215	24,727	25,000	1,951E+1
2466,215	24,740	25,000	1,897E+1
2467,215	24,739	25,000	1,902E+1
2468,215	24,697	25,000	2,072E+1
2469,215	24,713	25,000	2,010E+1
2470,216	24,742	25,000	1,898E+1
2471,216	24,767	25,000	1,796E+1
2472,216	24,785	25,000	1,726E+1
2473,216	24,816	25,000	1,606E+1
2474,216	24,803	25,000	1,657E+1
2475,216	24,799	25,000	1,675E+1
2476,216	24,795	25,000	1,692E+1
2477,216	24,820	25,000	1,594E+1
2478,216	24,858	25,000	1,444E+1
2479,216	24,872	25,000	1,387E+1
2480,216	24,881	25,000	1,352E+1
2481,216	24,954	25,000	1,064E+1
2482,216	24,955	25,000	1,062E+1
2483,217	24,992	25,000	9,173E+0
2484,217	25,005	25,000	8,639E+0
2485,217	24,997	25,000	8,955E+0
2486,217	24,987	25,000	9,332E+0
2487,217	24,997	25,000	8,976E+0
2488,217	25,009	25,000	8,481E+0
2489,217	25,047	25,000	6,975E+0
2490,217	25,084	25,000	5,487E+0
2491,217	25,087	25,000	5,384E+0
2492,217	25,101	25,000	4,845E+0
2493,217	25,079	25,000	5,692E+0
2494,218	25,081	25,000	5,629E+0
2495,218	25,096	25,000	5,031E+0
2496,218	25,124	25,000	3,898E+0
2497,218	25,111	25,000	4,427E+0
2498,218	25,093	25,000	5,135E+0
2499,218	25,065	25,000	6,241E+0
2500,218	25,040	25,000	7,209E+0
2501,218	25,046	25,000	6,969E+0
2502,218	25,032	25,000	7,522E+0
2503,218	25,037	25,000	7,322E+0
2504,218	25,047	25,000	6,944E+0
2505,218	25,012	25,000	8,289E+0
2506,219	25,002	25,000	8,705E+0
2507,219	25,006	25,000	8,546E+0
2508,219	24,981	25,000	9,516E+0
2509,219	24,987	25,000	9,299E+0
2510,219	25,038	25,000	7,279E+0
2511,219	25,021	25,000	7,951E+0
2512,219	25,018	25,000	8,069E+0
2513,219	25,014	25,000	8,246E+0
2514,219	25,010	25,000	8,404E+0
2515,219	25,005	25,000	8,562E+0
2516,219	25,017	25,000	8,126E+0
2517,219	25,023	25,000	7,868E+0
2518,219	25,014	25,000	8,224E+0
2519,219	25,019	25,000	8,045E+0
2520,220	25,065	25,000	6,201E+0
2521,220	25,076	25,000	5,743E+0
2522,220	25,117	25,000	4,135E+0
2523,220	25,123	25,000	3,892E+0
2524,220	25,154	25,000	2,658E+0
2525,220	25,128	25,000	3,681E+0
2526,220	25,101	25,000	4,765E+0
2527,220	25,123	25,000	3,869E+0
2528,220	25,113	25,000	4,259E+0
2529,220	25,111	25,000	4,314E+0
2530,220	25,114	25,000	4,190E+0
2531,220	25,128	25,000	3,630E+0
2532,220	25,110	25,000	4,357E+0
2533,220	25,127	25,000	3,679E+0
2534,221	25,108	25,000	4,446E+0
2535,221	25,081	25,000	5,471E+0
2536,221	25,093	25,000	4,992E+0
2537,221	25,080	25,000	5,522E+0
2538,221	25,087	25,000	5,241E+0
2539,221	25,114	25,000	4,148E+0
2540,221	25,117	25,000	4,024E+0
2541,221	25,107	25,000	4,454E+0
2542,221	25,100	25,000	4,707E+0
2543,221	25,068	25,000	5,990E+0
2544,221	25,080	25,000	5,492E+0
2545,222	25,066	25,000	6,023E+0
2546,222	25,064	25,000	6,139E+0
2547,222	25,069	25,000	5,899E+0
2548,222	25,038	25,000	7,144E+0
2549,222	25,058	25,000	6,349E+0
2550,222	25,099	25,000	4,742E+0
2551,222	25,120	25,000	3,866E+0
2552,222	25,115	25,000	4,078E+0
2553,222	25,096	25,000	4,846E+0
2554,222	25,087	25,000	5,198E+0
2555,222	25,059	25,000	6,264E+0
2556,222	25,040	25,000	7,034E+0
2557,223	24,990	25,000	9,013E+0
2558,223	24,977	25,000	9,509E+0
2559,223	24,953	25,000	1,048E+1
2560,223	24,962	25,000	1,013E+1
2561,223	24,963	25,000	1,009E+1
2562,223	24,968	25,000	9,872E+0
2563,223	24,958	25,000	1,029E+1
2564,223	24,955	25,000	1,041E+1
2565,223	24,974	25,000	9,679E+0
2566,223	24,980	25,000	9,423E+0
2567,223	24,985	25,000	9,246E+0
2568,223	24,963	25,000	1,008E+1
2569,224	24,972	25,000	9,743E+0
2570,224	24,968	25,000	9,923E+0
2571,224	24,981	25,000	9,389E+0
2572,224	24,962	25,000	1,014E+1
2573,224	24,974	25,000	9,669E+0
2574,224	24,983	25,000	9,314E+0
2575,224	24,965	25,000	1,001E+1
2576,224	24,956	25,000	1,039E+1
2577,224	24,956	25,000	1,037E+1
2578,224	24,967	25,000	9,954E+0
2579,224	24,965	25,000	1,002E+1
2580,224	24,987	25,000	9,145E+0
2581,225	24,993	25,000	8,928E+0
2582,225	24,996	25,000	8,809E+0
2583,225	24,987	25,000	9,146E+0
2584,225	24,985	25,000	9,265E+0
2585,225	24,963	25,000	1,012E+1
2586,225	24,960	25,000	1,022E+1
2587,225	24,980	25,000	9,448E+0
2588,225	24,984	25,000	9,290E+0
2589,225	24,965	25,000	1,004E+1
2590,225	24,974	25,000	9,669E+0
2591,225	24,965	25,000	1,005E+1
2592,225	24,970	25,000	9,850E+0
2593,226	24,976	25,000	9,634E+0
2594,226	24,989	25,000	9,080E+0
2595,226	25,034	25,000	7,317E+0
2596,226	25,035	25,000	7,296E+0
2597,226	25,009	25,000	8,285E+0
2598,226	25,004	25,000	8,502E+0
2599,226	25,006	25,000	8,443E+0
2600,226	25,012	25,000	8,185E+0
2601,226	25,014	25,000	8,085E+0
2602,226	25,015	25,000	8,065E+0
2603,226	24,999	25,000	8,678E+0
2604,226	24,980	25,000	9,451E+0
2605,226	24,990	25,000	9,036E+0
2606,227	24,994	25,000	8,917E+0
2607,227	24,990	25,000	9,037E+0
2608,227	24,983	25,000	9,334E+0
2609,227	24,990	25,000	9,038E+0
2610,227	24,990	25,000	9,058E+0
2611,227	25,072	25,000	5,829E+0
2612,227	25,074	25,000	5,727E+0
2613,227	25,067	25,000	6,001E+0
2614,227	25,081	25,000	5,423E+0
2615,227	25,067	25,000	5,994E+0
2616,227	25,026	25,000	7,636E+0
2617,227	25,021	25,000	7,793E+0
2618,228	25,017	25,000	7,950E+0
2619,228	24,990	25,000	9,019E+0
2620,228	25,009	25,000	8,267E+0
2621,228	25,020	25,000	7,870E+0
2622,228	25,016	25,000	8,008E+0
2623,228	25,009	25,000	8,285E+0
2624,228	25,005	25,000	8,443E+0
2625,228	24,999	25,000	8,680E+0
2626,228	25,004	25,000	8,502E+0
2627,228	25,002	25,000	8,581E+0
2628,228	25,026	25,000	7,630E+0
