t	PC(E)	PL(E)	PC(T)	PL(T)	Vel
0,000	0,000	0,000	0,000E+0	0,000E+0	0,000E+0
0,046	0,000	0,000	0,000E+0	0,000E+0	0,000E+0
0,260	0,980	0,000	0,000E+0	0,000E+0	0,000E+0
0,462	0,980	0,000	0,000E+0	0,000E+0	0,000E+0
0,663	0,980	0,000	9,800E-1	9,800E-1	0,000E+0
0,863	0,980	0,000	9,800E-1	9,800E-1	0,000E+0
1,063	0,980	0,000	9,800E-1	9,800E-1	0,000E+0
1,263	0,980	0,000	9,800E-1	9,800E-1	0,000E+0
1,463	0,980	0,000	9,800E-1	9,800E-1	0,000E+0
1,663	0,910	0,000	9,800E-1	9,800E-1	0,000E+0
1,863	0,910	0,000	9,800E-1	9,800E-1	0,000E+0
2,064	0,910	0,000	9,100E-1	9,100E-1	0,000E+0
2,265	0,910	0,000	9,100E-1	9,100E-1	0,000E+0
2,466	0,990	0,000	9,100E-1	9,100E-1	0,000E+0
2,666	0,990	0,000	9,100E-1	9,100E-1	0,000E+0
2,866	0,990	0,000	9,900E-1	9,900E-1	0,000E+0
3,066	0,990	0,000	9,900E-1	9,900E-1	0,000E+0
3,266	0,990	0,000	9,900E-1	9,900E-1	0,000E+0
3,467	0,990	0,000	9,900E-1	9,900E-1	0,000E+0
3,668	1,420	0,000	9,900E-1	9,900E-1	0,000E+0
3,867	1,420	0,000	9,900E-1	9,900E-1	0,000E+0
4,068	1,420	0,000	1,420E+0	1,420E+0	0,000E+0
4,268	1,420	0,000	1,420E+0	1,420E+0	0,000E+0
4,470	1,110	0,000	1,420E+0	1,420E+0	0,000E+0
4,671	1,110	0,000	1,420E+0	1,420E+0	0,000E+0
4,871	1,110	0,000	1,420E+0	1,420E+0	0,000E+0
5,072	1,110	0,000	1,110E+0	1,110E+0	0,000E+0
5,272	1,110	0,000	1,110E+0	1,110E+0	0,000E+0
5,472	1,110	0,000	1,110E+0	0,000E+0	0,000E+0
5,672	1,110	0,000	1,110E+0	0,000E+0	0,000E+0
5,872	1,200	0,000	1,127E+0	1,127E+0	0,000E+0
6,071	1,200	0,000	1,127E+0	1,127E+0	0,000E+0
6,272	1,200	0,000	1,200E+0	1,200E+0	0,000E+0
6,471	1,200	0,000	1,200E+0	1,200E+0	0,000E+0
6,672	1,200	0,000	1,200E+0	1,200E+0	0,000E+0
6,872	1,200	0,000	1,200E+0	1,200E+0	0,000E+0
7,071	1,200	0,000	1,200E+0	1,200E+0	0,000E+0
7,272	1,200	0,000	1,200E+0	1,200E+0	0,000E+0
7,473	1,200	0,000	1,200E+0	1,200E+0	0,000E+0
7,673	1,200	0,000	1,200E+0	1,200E+0	0,000E+0
7,873	1,200	0,000	1,200E+0	1,200E+0	0,000E+0
8,072	1,060	0,000	1,200E+0	1,200E+0	0,000E+0
8,273	1,060	0,000	1,200E+0	1,200E+0	0,000E+0
8,474	1,060	0,000	1,060E+0	1,060E+0	0,000E+0
8,674	1,060	0,000	1,060E+0	1,060E+0	0,000E+0
8,874	1,060	0,000	1,060E+0	1,060E+0	0,000E+0
9,074	1,060	0,000	1,060E+0	1,060E+0	0,000E+0
9,275	1,100	0,000	1,060E+0	1,060E+0	0,000E+0
9,475	1,100	0,000	1,100E+0	1,100E+0	0,000E+0
9,674	1,100	0,000	1,100E+0	1,100E+0	0,000E+0
9,875	1,100	0,000	1,100E+0	1,100E+0	0,000E+0
10,076	1,110	0,000	1,100E+0	1,100E+0	0,000E+0
10,276	1,110	0,000	1,100E+0	1,100E+0	0,000E+0
10,477	1,110	0,000	1,110E+0	1,110E+0	0,000E+0
10,676	1,110	0,000	1,110E+0	1,110E+0	0,000E+0
10,877	1,110	0,000	1,110E+0	1,110E+0	0,000E+0
11,076	1,110	0,000	1,110E+0	1,110E+0	0,000E+0
11,276	1,070	0,000	1,110E+0	0,000E+0	0,000E+0
11,476	1,070	0,000	1,110E+0	0,000E+0	0,000E+0
11,678	1,070	0,000	1,103E+0	1,103E+0	0,000E+0
11,878	1,070	0,000	1,103E+0	1,103E+0	0,000E+0
12,077	1,070	0,000	1,070E+0	1,070E+0	0,000E+0
12,277	1,070	0,000	1,070E+0	1,070E+0	0,000E+0
12,478	1,070	0,000	1,070E+0	1,070E+0	0,000E+0
12,679	1,070	0,000	1,070E+0	1,070E+0	0,000E+0
12,878	1,110	0,000	1,070E+0	1,070E+0	0,000E+0
13,079	1,110	0,000	1,070E+0	1,070E+0	0,000E+0
13,280	1,110	0,000	1,110E+0	1,110E+0	0,000E+0
13,480	1,110	0,000	1,110E+0	1,110E+0	0,000E+0
13,679	1,110	0,000	1,110E+0	1,110E+0	0,000E+0
13,880	1,110	0,000	1,110E+0	1,110E+0	0,000E+0
14,080	1,210	0,000	1,110E+0	1,110E+0	0,000E+0
14,281	1,210	0,000	1,110E+0	1,110E+0	0,000E+0
14,481	1,210	0,000	1,210E+0	1,210E+0	0,000E+0
14,681	1,210	0,000	1,210E+0	1,210E+0	0,000E+0
14,881	1,110	0,000	1,210E+0	1,210E+0	0,000E+0
15,081	1,110	0,000	1,210E+0	1,210E+0	0,000E+0
15,282	1,110	0,000	1,110E+0	1,110E+0	0,000E+0
15,482	1,110	0,000	1,110E+0	1,110E+0	0,000E+0
15,682	1,110	0,000	1,110E+0	1,110E+0	0,000E+0
15,882	1,160	0,000	1,110E+0	1,110E+0	0,000E+0
16,083	1,160	0,000	1,110E+0	1,110E+0	0,000E+0
16,284	1,160	0,000	1,160E+0	1,160E+0	0,000E+0
16,485	1,160	0,000	1,160E+0	1,160E+0	0,000E+0
16,685	1,160	0,000	1,160E+0	1,160E+0	0,000E+0
16,885	1,130	0,000	1,160E+0	0,000E+0	0,000E+0
17,084	1,130	0,000	1,160E+0	0,000E+0	0,000E+0
17,284	1,130	0,000	1,160E+0	0,000E+0	0,000E+0
17,484	1,130	0,000	1,141E+0	1,141E+0	0,000E+0
17,685	1,130	0,000	1,130E+0	1,130E+0	0,000E+0
17,885	1,130	0,000	1,130E+0	1,130E+0	0,000E+0
18,084	1,130	0,000	1,130E+0	1,130E+0	0,000E+0
18,286	1,130	0,000	1,130E+0	1,130E+0	0,000E+0
18,486	1,090	0,000	1,130E+0	1,130E+0	0,000E+0
18,687	1,090	0,000	1,130E+0	1,130E+0	0,000E+0
18,888	1,090	0,000	1,090E+0	1,090E+0	0,000E+0
19,089	1,090	0,000	1,090E+0	1,090E+0	0,000E+0
19,288	1,090	0,000	1,090E+0	1,090E+0	0,000E+0
19,489	1,090	0,000	1,090E+0	1,090E+0	0,000E+0
19,689	0,990	0,000	1,090E+0	1,090E+0	0,000E+0
19,889	0,990	0,000	1,090E+0	1,090E+0	0,000E+0
20,089	0,990	0,000	1,090E+0	1,090E+0	0,000E+0
20,289	0,990	0,000	9,900E-1	9,900E-1	0,000E+0
20,490	0,990	0,000	9,900E-1	9,900E-1	0,000E+0
20,690	1,140	0,000	9,900E-1	9,900E-1	0,000E+0
20,890	1,140	0,000	9,900E-1	9,900E-1	0,000E+0
21,090	1,140	0,000	1,140E+0	1,140E+0	0,000E+0
21,291	1,140	0,000	1,140E+0	1,140E+0	0,000E+0
21,492	1,140	0,000	1,140E+0	1,140E+0	0,000E+0
21,693	1,140	0,000	1,140E+0	1,140E+0	0,000E+0
21,894	1,080	0,000	1,140E+0	1,140E+0	0,000E+0
22,094	1,080	0,000	1,140E+0	1,140E+0	0,000E+0
22,295	1,080	0,000	1,080E+0	1,080E+0	0,000E+0
22,496	1,080	0,000	1,080E+0	1,080E+0	0,000E+0
22,697	1,080	0,000	1,080E+0	0,000E+0	0,000E+0
22,897	1,080	0,000	1,080E+0	0,000E+0	0,000E+0
23,097	1,080	0,000	1,085E+0	1,085E+0	0,000E+0
23,297	1,080	0,000	1,085E+0	1,085E+0	0,000E+0
23,497	1,080	0,000	1,080E+0	1,080E+0	0,000E+0
23,696	1,080	0,000	1,080E+0	1,080E+0	0,000E+0
23,897	1,080	0,000	1,080E+0	1,080E+0	0,000E+0
24,096	1,080	0,000	1,080E+0	1,080E+0	0,000E+0
24,297	1,280	0,000	1,080E+0	1,080E+0	0,000E+0
24,498	1,280	0,000	1,080E+0	1,080E+0	0,000E+0
24,698	1,280	0,000	1,280E+0	1,280E+0	0,000E+0
24,898	1,280	0,000	1,280E+0	1,280E+0	0,000E+0
25,099	1,280	0,000	1,280E+0	1,280E+0	0,000E+0
25,299	1,280	0,000	1,280E+0	1,280E+0	1,500E+3
25,500	1,070	0,000	1,280E+0	1,280E+0	1,500E+3
25,702	1,070	0,000	1,280E+0	1,280E+0	1,500E+3
25,902	1,070	0,000	1,070E+0	1,070E+0	1,500E+3
26,103	1,070	0,000	1,070E+0	1,070E+0	1,500E+3
26,303	2,450	0,000	1,070E+0	1,070E+0	1,500E+3
26,502	2,450	0,000	1,070E+0	1,070E+0	1,500E+3
26,702	2,450	0,000	2,450E+0	2,450E+0	1,500E+3
26,904	2,450	0,000	2,450E+0	2,450E+0	1,500E+3
27,104	2,450	0,000	2,450E+0	2,450E+0	1,500E+3
27,306	2,450	0,000	2,450E+0	2,450E+0	1,500E+3
27,505	10,180	7,560	2,450E+0	2,450E+0	1,500E+3
27,706	10,180	7,560	2,450E+0	2,450E+0	1,500E+3
27,905	10,180	7,560	1,018E+1	1,018E+1	1,500E+3
28,106	10,180	7,560	1,018E+1	1,018E+1	1,500E+3
28,306	10,180	7,560	1,018E+1	1,018E+1	1,500E+3
28,505	71,450	70,110	1,018E+1	1,367E+1	1,500E+3
28,706	71,450	70,110	1,018E+1	1,367E+1	1,500E+3
28,907	71,450	70,110	1,750E+1	1,750E+1	1,500E+3
29,107	71,450	70,110	1,750E+1	1,750E+1	1,500E+3
29,309	71,450	70,110	1,750E+1	1,750E+1	1,500E+3
29,509	71,450	70,110	7,145E+1	7,145E+1	1,500E+3
29,709	71,450	70,110	7,145E+1	7,145E+1	1,500E+3
29,909	33,580	28,820	7,145E+1	7,145E+1	1,500E+3
30,109	33,580	28,820	7,145E+1	7,145E+1	1,500E+3
30,309	33,580	28,820	3,358E+1	3,358E+1	1,500E+3
30,509	33,580	28,820	3,358E+1	3,358E+1	1,500E+3
30,709	33,580	28,820	3,358E+1	3,358E+1	1,500E+3
30,909	33,580	28,820	3,358E+1	3,358E+1	1,500E+3
31,109	33,580	28,820	3,358E+1	3,358E+1	1,500E+3
31,310	24,990	21,360	3,358E+1	3,358E+1	1,500E+3
31,510	24,990	21,360	2,499E+1	2,499E+1	1,500E+3
31,710	24,990	21,360	2,499E+1	2,499E+1	1,500E+3
31,909	24,990	21,360	2,499E+1	2,499E+1	1,500E+3
32,109	25,280	21,710	2,499E+1	2,499E+1	1,500E+3
32,310	25,280	21,710	2,499E+1	2,499E+1	1,500E+3
32,510	25,280	21,710	2,528E+1	2,528E+1	1,500E+3
32,711	25,280	21,710	2,528E+1	2,528E+1	1,500E+3
32,912	25,280	21,710	2,528E+1	2,528E+1	1,500E+3
33,112	25,230	21,640	2,528E+1	2,528E+1	1,500E+3
33,312	25,230	21,640	2,528E+1	2,528E+1	1,500E+3
33,512	25,230	21,640	2,523E+1	2,523E+1	1,500E+3
33,712	25,230	21,640	2,523E+1	2,523E+1	1,500E+3
33,912	25,230	21,640	2,523E+1	2,523E+1	1,500E+3
34,113	20,600	17,200	2,523E+1	2,523E+1	1,500E+3
34,314	20,600	17,200	2,523E+1	2,523E+1	1,500E+3
34,515	20,600	17,200	2,060E+1	2,060E+1	1,500E+3
34,715	20,600	17,200	2,060E+1	2,060E+1	1,500E+3
34,915	20,600	17,200	2,060E+1	2,060E+1	1,500E+3
35,117	14,290	10,880	2,060E+1	1,857E+1	1,500E+3
35,318	14,290	10,880	2,060E+1	1,857E+1	1,500E+3
35,518	14,290	10,880	2,060E+1	1,857E+1	1,500E+3
35,718	14,290	10,880	2,235E+1	2,235E+1	1,500E+3
35,918	14,290	10,880	1,429E+1	1,429E+1	1,500E+3
36,119	14,290	10,880	1,429E+1	1,429E+1	1,500E+3
36,320	14,290	10,880	1,429E+1	1,429E+1	1,500E+3
36,520	14,290	10,880	1,429E+1	1,429E+1	1,500E+3
36,721	14,290	10,880	1,429E+1	1,429E+1	1,500E+3
36,921	15,020	10,710	1,429E+1	1,429E+1	1,500E+3
37,121	15,020	10,710	1,429E+1	1,429E+1	1,500E+3
37,321	15,020	10,710	1,502E+1	1,502E+1	1,500E+3
37,520	15,020	10,710	1,502E+1	1,502E+1	1,500E+3
37,721	15,020	10,710	1,502E+1	1,502E+1	1,500E+3
37,921	13,690	10,670	1,502E+1	1,502E+1	1,500E+3
38,120	13,690	10,670	1,502E+1	1,502E+1	1,500E+3
38,322	13,690	10,670	1,369E+1	1,369E+1	1,500E+3
38,522	13,690	10,670	1,369E+1	1,369E+1	1,500E+3
38,723	13,690	10,670	1,369E+1	1,369E+1	1,500E+3
38,923	14,330	10,860	1,369E+1	1,369E+1	1,500E+3
39,124	14,330	10,860	1,369E+1	1,369E+1	1,500E+3
39,326	14,330	10,860	1,433E+1	1,433E+1	1,500E+3
39,526	14,330	10,860	1,433E+1	1,433E+1	1,500E+3
39,725	14,330	10,860	1,433E+1	1,433E+1	1,500E+3
39,926	14,510	10,800	1,433E+1	1,433E+1	1,500E+3
40,127	14,510	10,800	1,433E+1	1,433E+1	1,500E+3
40,327	14,510	10,800	1,451E+1	1,451E+1	1,500E+3
40,528	14,510	10,800	1,451E+1	1,451E+1	1,500E+3
40,728	14,510	10,800	1,451E+1	1,451E+1	1,500E+3
40,928	17,190	12,620	1,451E+1	1,116E+1	1,500E+3
41,127	17,190	12,620	1,451E+1	1,116E+1	1,500E+3
41,327	17,190	12,620	1,451E+1	1,116E+1	1,500E+3
41,527	17,190	12,620	1,495E+1	1,495E+1	1,500E+3
41,728	17,190	12,620	1,495E+1	1,495E+1	1,500E+3
41,929	17,190	12,620	1,719E+1	1,719E+1	1,500E+3
42,129	17,190	12,620	1,719E+1	1,719E+1	1,500E+3
42,329	17,190	12,620	1,719E+1	1,719E+1	1,500E+3
42,529	17,190	12,620	1,719E+1	1,719E+1	1,500E+3
42,728	17,190	12,620	1,719E+1	1,719E+1	1,500E+3
42,928	20,770	16,780	1,719E+1	1,719E+1	1,500E+3
43,129	20,770	16,780	1,719E+1	1,719E+1	1,500E+3
43,330	20,770	16,780	2,077E+1	2,077E+1	1,500E+3
43,531	20,770	16,780	2,077E+1	2,077E+1	1,500E+3
43,731	20,770	16,780	2,077E+1	2,077E+1	1,500E+3
43,931	20,550	16,880	2,077E+1	2,077E+1	1,500E+3
44,132	20,550	16,880	2,077E+1	2,077E+1	1,500E+3
44,332	20,550	16,880	2,055E+1	2,055E+1	1,500E+3
44,533	20,550	16,880	2,055E+1	2,055E+1	1,500E+3
44,734	20,330	16,810	2,055E+1	2,055E+1	1,500E+3
44,933	20,330	16,810	2,055E+1	2,055E+1	1,500E+3
45,135	20,330	16,810	2,033E+1	2,033E+1	1,500E+3
45,336	20,330	16,810	2,033E+1	2,033E+1	1,500E+3
45,538	20,330	16,810	2,033E+1	2,033E+1	1,500E+3
45,738	20,690	16,790	2,033E+1	2,033E+1	1,500E+3
45,939	20,690	16,790	2,033E+1	2,033E+1	1,500E+3
46,139	20,690	16,790	2,069E+1	2,069E+1	1,500E+3
46,341	20,690	16,790	2,069E+1	2,069E+1	1,500E+3
46,541	20,690	16,790	2,069E+1	2,069E+1	1,500E+3
46,740	20,750	16,870	2,069E+1	1,685E+1	1,500E+3
46,941	20,750	16,870	2,069E+1	1,685E+1	1,500E+3
47,142	20,750	16,870	2,069E+1	1,685E+1	1,500E+3
47,344	20,750	16,870	2,068E+1	2,068E+1	1,500E+3
47,544	20,750	16,870	2,075E+1	2,075E+1	1,500E+3
47,746	20,750	16,870	2,075E+1	2,075E+1	1,500E+3
47,945	20,750	16,870	2,075E+1	2,075E+1	1,500E+3
48,145	20,750	16,870	2,075E+1	2,075E+1	1,500E+3
48,346	20,750	16,870	2,075E+1	2,075E+1	1,500E+3
48,546	20,750	16,870	2,075E+1	2,075E+1	1,500E+3
48,745	20,240	16,720	2,075E+1	2,075E+1	1,500E+3
48,947	20,240	16,720	2,024E+1	2,024E+1	1,500E+3
49,147	20,240	16,720	2,024E+1	2,024E+1	1,500E+3
49,348	20,240	16,720	2,024E+1	2,024E+1	1,500E+3
49,547	20,240	16,720	2,024E+1	2,024E+1	1,500E+3
49,748	20,800	16,740	2,024E+1	2,024E+1	1,500E+3
49,947	20,800	16,740	2,080E+1	2,080E+1	1,500E+3
50,148	20,800	16,740	2,080E+1	2,080E+1	1,500E+3
50,348	20,800	16,740	2,080E+1	2,080E+1	1,500E+3
50,548	20,610	16,740	2,080E+1	2,080E+1	1,500E+3
50,748	20,610	16,740	2,080E+1	2,080E+1	1,500E+3
50,948	20,610	16,740	2,061E+1	2,061E+1	1,500E+3
51,149	20,610	16,740	2,061E+1	2,061E+1	1,500E+3
51,349	20,610	16,740	2,061E+1	2,061E+1	1,500E+3
51,549	21,080	16,740	2,061E+1	2,061E+1	1,500E+3
51,748	21,080	16,740	2,061E+1	2,061E+1	1,500E+3
51,948	21,080	16,740	2,108E+1	2,108E+1	1,500E+3
52,149	21,080	16,740	2,108E+1	2,108E+1	1,500E+3
52,349	21,080	16,740	2,108E+1	2,108E+1	1,500E+3
52,550	20,700	16,730	2,108E+1	1,676E+1	1,500E+3
52,750	20,700	16,730	2,108E+1	1,676E+1	1,500E+3
52,951	20,700	16,730	2,108E+1	1,676E+1	1,500E+3
53,151	20,700	16,730	2,056E+1	2,056E+1	1,500E+3
53,350	20,700	16,730	2,056E+1	2,056E+1	1,500E+3
53,551	20,700	16,730	2,070E+1	2,070E+1	1,500E+3
53,752	20,700	16,730	2,070E+1	2,070E+1	1,500E+3
53,951	20,700	16,730	2,070E+1	2,070E+1	1,500E+3
54,152	20,700	16,730	2,070E+1	2,070E+1	1,500E+3
54,353	20,700	16,730	2,070E+1	2,070E+1	1,500E+3
54,553	20,800	16,730	2,070E+1	2,070E+1	1,500E+3
54,753	20,800	16,730	2,070E+1	2,070E+1	1,500E+3
54,952	20,800	16,730	2,080E+1	2,080E+1	1,500E+3
55,153	20,800	16,730	2,080E+1	2,080E+1	1,500E+3
55,353	20,800	16,730	2,080E+1	2,080E+1	1,500E+3
55,552	20,440	16,740	2,080E+1	2,080E+1	1,500E+3
55,753	20,440	16,740	2,080E+1	2,080E+1	1,500E+3
55,953	20,440	16,740	2,044E+1	2,044E+1	1,500E+3
56,154	20,440	16,740	2,044E+1	2,044E+1	1,500E+3
56,355	23,140	19,450	2,044E+1	2,044E+1	1,500E+3
56,554	23,140	19,450	2,314E+1	2,314E+1	1,500E+3
56,755	23,140	19,450	2,314E+1	2,314E+1	1,500E+3
56,955	23,140	19,450	2,314E+1	2,314E+1	1,500E+3
57,156	23,140	19,450	2,314E+1	2,314E+1	1,500E+3
57,356	36,530	32,790	2,314E+1	2,314E+1	1,500E+3
57,556	36,530	32,790	2,314E+1	2,314E+1	1,500E+3
57,756	36,530	32,790	3,653E+1	3,653E+1	1,500E+3
57,956	36,530	32,790	3,653E+1	3,653E+1	1,500E+3
58,156	36,530	32,790	3,653E+1	3,653E+1	1,500E+3
58,358	37,830	33,170	3,653E+1	2,381E+1	1,500E+3
58,559	37,830	33,170	3,653E+1	2,381E+1	1,500E+3
58,758	37,830	33,170	2,794E+1	2,794E+1	1,500E+3
58,959	37,830	33,170	2,794E+1	2,794E+1	1,500E+3
59,158	37,830	33,170	3,783E+1	3,783E+1	1,500E+3
59,361	37,830	33,170	3,783E+1	3,783E+1	1,500E+3
59,561	37,830	33,170	3,783E+1	3,783E+1	1,500E+3
59,762	37,830	33,170	3,783E+1	3,783E+1	1,500E+3
59,961	37,830	33,170	3,783E+1	3,783E+1	1,500E+3
60,162	38,140	33,700	3,783E+1	3,783E+1	1,500E+3
60,363	38,140	33,700	3,783E+1	3,783E+1	1,500E+3
60,563	38,140	33,700	3,814E+1	3,814E+1	1,500E+3
60,762	38,140	33,700	3,814E+1	3,814E+1	1,500E+3
60,963	38,140	33,700	3,814E+1	3,814E+1	1,500E+3
61,164	38,140	33,700	3,814E+1	3,814E+1	1,500E+3
61,364	38,100	33,670	3,814E+1	3,814E+1	1,500E+3
61,563	38,100	33,670	3,814E+1	3,814E+1	1,500E+3
61,764	38,100	33,670	3,810E+1	3,810E+1	1,500E+3
61,964	38,310	33,560	3,810E+1	3,810E+1	1,500E+3
62,165	38,310	33,560	3,810E+1	3,810E+1	1,500E+3
62,367	38,310	33,560	3,831E+1	3,831E+1	1,500E+3
62,567	38,310	33,560	3,831E+1	3,831E+1	1,500E+3
62,767	38,310	33,560	3,831E+1	3,831E+1	1,500E+3
62,968	38,310	33,560	3,831E+1	3,831E+1	1,500E+3
63,168	38,320	33,680	3,831E+1	3,831E+1	1,500E+3
63,368	38,320	33,680	3,831E+1	3,831E+1	1,500E+3
63,568	38,320	33,680	3,832E+1	3,832E+1	1,500E+3
63,769	38,320	33,680	3,832E+1	3,832E+1	1,500E+3
63,970	38,320	33,680	3,832E+1	3,832E+1	1,500E+3
64,170	37,000	33,350	3,832E+1	3,365E+1	1,500E+3
64,370	37,000	33,350	3,832E+1	3,365E+1	1,500E+3
64,570	37,000	33,350	3,832E+1	3,365E+1	1,500E+3
64,769	37,000	33,350	3,808E+1	3,808E+1	1,500E+3
64,970	37,000	33,350	3,808E+1	3,808E+1	1,500E+3
65,170	37,000	33,350	3,700E+1	3,700E+1	1,500E+3
65,371	37,000	33,350	3,700E+1	3,700E+1	1,500E+3
65,571	37,000	33,350	3,700E+1	3,700E+1	1,500E+3
65,772	37,000	33,350	3,700E+1	3,700E+1	1,500E+3
65,973	37,000	33,350	3,700E+1	3,700E+1	1,500E+3
66,174	37,350	33,430	3,700E+1	3,700E+1	1,500E+3
66,374	37,350	33,430	3,700E+1	3,700E+1	1,500E+3
66,575	37,350	33,430	3,735E+1	3,735E+1	1,500E+3
66,776	37,350	33,430	3,735E+1	3,735E+1	1,500E+3
66,976	37,350	33,430	3,735E+1	3,735E+1	1,500E+3
67,177	38,200	33,500	3,735E+1	3,735E+1	1,500E+3
67,376	38,200	33,500	3,735E+1	3,735E+1	1,500E+3
67,576	38,200	33,500	3,820E+1	3,820E+1	1,500E+3
67,778	38,200	33,500	3,820E+1	3,820E+1	1,500E+3
67,978	37,530	33,400	3,820E+1	3,820E+1	1,500E+3
68,178	37,530	33,400	3,820E+1	3,820E+1	1,500E+3
68,379	37,530	33,400	3,753E+1	3,753E+1	1,500E+3
68,580	37,530	33,400	3,753E+1	3,753E+1	1,500E+3
68,779	37,530	33,400	3,753E+1	3,753E+1	1,500E+3
68,981	38,120	33,540	3,753E+1	3,753E+1	1,500E+3
69,181	38,120	33,540	3,753E+1	3,753E+1	1,500E+3
69,381	38,120	33,540	3,812E+1	3,812E+1	1,500E+3
69,581	38,120	33,540	3,812E+1	3,812E+1	1,500E+3
69,782	38,120	33,540	3,812E+1	3,812E+1	1,500E+3
69,981	37,210	33,430	3,812E+1	3,352E+1	1,500E+3
70,181	37,210	33,430	3,812E+1	3,352E+1	1,500E+3
70,382	37,210	33,430	3,812E+1	3,352E+1	1,500E+3
70,583	37,210	33,430	3,793E+1	3,793E+1	1,650E+3
70,783	37,210	33,430	3,793E+1	3,793E+1	1,650E+3
70,983	37,210	33,430	3,721E+1	3,721E+1	1,650E+3
71,184	37,210	33,430	3,721E+1	3,721E+1	1,650E+3
71,385	37,210	33,430	3,721E+1	3,721E+1	1,650E+3
71,585	37,210	33,430	3,721E+1	3,721E+1	1,650E+3
71,785	37,210	33,430	3,721E+1	3,721E+1	1,650E+3
71,985	38,000	33,290	3,721E+1	3,721E+1	1,650E+3
72,185	38,000	33,290	3,800E+1	3,800E+1	1,650E+3
72,385	38,000	33,290	3,800E+1	3,800E+1	1,650E+3
72,586	38,000	33,290	3,800E+1	3,800E+1	1,650E+3
72,786	38,000	33,290	3,800E+1	3,800E+1	1,650E+3
72,987	38,670	33,600	3,800E+1	3,800E+1	1,650E+3
73,186	38,670	33,600	3,867E+1	3,867E+1	1,650E+3
73,388	38,670	33,600	3,867E+1	3,867E+1	1,650E+3
73,587	38,670	33,600	3,867E+1	3,867E+1	1,650E+3
73,789	40,300	35,540	3,867E+1	3,867E+1	1,650E+3
73,990	40,300	35,540	3,867E+1	3,867E+1	1,650E+3
74,190	40,300	35,540	4,030E+1	4,030E+1	1,650E+3
74,390	40,300	35,540	4,030E+1	4,030E+1	1,650E+3
74,590	40,300	35,540	4,030E+1	4,030E+1	1,650E+3
74,790	40,290	36,510	4,030E+1	4,030E+1	1,650E+3
74,991	40,290	36,510	4,030E+1	4,030E+1	1,650E+3
75,190	40,290	36,510	4,029E+1	4,029E+1	1,650E+3
75,392	40,290	36,510	4,029E+1	4,029E+1	1,650E+3
75,592	40,290	36,510	4,029E+1	4,029E+1	1,650E+3
75,793	41,930	37,100	4,029E+1	3,527E+1	1,650E+3
75,993	41,930	37,100	4,029E+1	3,527E+1	1,650E+3
76,192	41,930	37,100	4,029E+1	3,527E+1	1,650E+3
76,394	41,930	37,100	3,982E+1	3,982E+1	1,650E+3
76,595	41,930	37,100	3,982E+1	3,982E+1	1,650E+3
76,795	41,930	37,100	4,193E+1	4,193E+1	1,650E+3
76,994	41,930	37,100	4,193E+1	4,193E+1	1,650E+3
77,196	41,930	37,100	4,193E+1	4,193E+1	1,650E+3
77,397	41,930	37,100	4,193E+1	4,193E+1	1,650E+3
77,597	41,930	37,100	4,193E+1	4,193E+1	1,650E+3
77,797	42,320	37,020	4,193E+1	4,193E+1	1,650E+3
77,997	42,320	37,020	4,193E+1	4,193E+1	1,650E+3
78,196	42,320	37,020	4,232E+1	4,232E+1	1,650E+3
78,398	42,320	37,020	4,232E+1	4,232E+1	1,650E+3
78,597	42,320	37,020	4,232E+1	4,232E+1	1,650E+3
78,798	41,280	36,940	4,232E+1	4,232E+1	1,650E+3
78,999	41,280	36,940	4,232E+1	4,232E+1	1,650E+3
79,200	41,280	36,940	4,128E+1	4,128E+1	1,650E+3
79,399	41,280	36,940	4,128E+1	4,128E+1	1,650E+3
79,599	41,510	37,000	4,128E+1	4,128E+1	1,650E+3
79,800	41,510	37,000	4,128E+1	4,128E+1	1,650E+3
80,000	41,510	37,000	4,151E+1	4,151E+1	1,650E+3
80,201	41,510	37,000	4,151E+1	4,151E+1	1,650E+3
80,404	41,510	37,000	4,151E+1	4,151E+1	1,650E+3
80,604	41,080	36,970	4,151E+1	4,151E+1	1,650E+3
80,804	41,080	36,970	4,151E+1	4,151E+1	1,650E+3
81,006	41,080	36,970	4,108E+1	4,108E+1	1,650E+3
81,206	41,080	36,970	4,108E+1	4,108E+1	1,650E+3
81,406	41,080	36,970	4,108E+1	4,108E+1	1,650E+3
81,605	41,080	36,970	4,108E+1	4,108E+1	1,650E+3
81,807	40,800	36,790	4,108E+1	3,702E+1	1,650E+3
82,008	40,800	36,790	4,108E+1	3,702E+1	1,650E+3
82,209	40,800	36,790	4,155E+1	4,155E+1	1,650E+3
82,409	40,800	36,790	4,155E+1	4,155E+1	1,650E+3
82,610	40,800	36,790	4,080E+1	4,080E+1	1,650E+3
82,810	40,800	36,790	4,080E+1	4,080E+1	1,650E+3
83,010	40,800	36,790	4,080E+1	4,080E+1	1,650E+3
83,210	40,800	36,790	4,080E+1	4,080E+1	1,650E+3
83,410	40,800	36,790	4,080E+1	4,080E+1	1,650E+3
83,610	41,700	36,790	4,080E+1	4,080E+1	1,650E+3
83,812	41,700	36,790	4,170E+1	4,170E+1	1,650E+3
84,012	41,700	36,790	4,170E+1	4,170E+1	1,650E+3
84,212	41,700	36,790	4,170E+1	4,170E+1	1,650E+3
84,412	41,700	36,790	4,170E+1	4,170E+1	1,650E+3
84,613	41,900	36,930	4,170E+1	4,170E+1	1,650E+3
84,814	41,900	36,930	4,170E+1	4,170E+1	1,650E+3
85,013	41,900	36,930	4,190E+1	4,190E+1	1,650E+3
85,215	41,900	36,930	4,190E+1	4,190E+1	1,650E+3
85,417	41,900	36,930	4,190E+1	4,190E+1	1,650E+3
85,617	41,470	36,860	4,190E+1	4,190E+1	1,650E+3
85,817	41,470	36,860	4,190E+1	4,190E+1	1,650E+3
86,018	41,470	36,860	4,147E+1	4,147E+1	1,650E+3
86,220	41,470	36,860	4,147E+1	4,147E+1	1,650E+3
86,420	41,470	36,860	4,147E+1	4,147E+1	1,650E+3
86,620	41,470	36,860	4,147E+1	4,147E+1	1,650E+3
86,821	41,560	36,900	4,147E+1	4,147E+1	1,650E+3
87,021	41,560	36,900	4,156E+1	4,156E+1	1,650E+3
87,222	41,560	36,900	4,156E+1	4,156E+1	1,650E+3
87,423	41,270	36,860	4,156E+1	3,692E+1	1,650E+3
87,625	41,270	36,860	4,156E+1	3,692E+1	1,650E+3
87,825	41,270	36,860	4,156E+1	3,692E+1	1,650E+3
88,025	41,270	36,860	4,146E+1	4,146E+1	1,650E+3
88,225	41,270	36,860	4,146E+1	4,146E+1	1,650E+3
88,425	41,270	36,860	4,127E+1	4,127E+1	1,650E+3
88,626	41,270	36,860	4,127E+1	4,127E+1	1,650E+3
88,826	41,270	36,860	4,127E+1	4,127E+1	1,650E+3
89,026	41,270	36,860	4,127E+1	4,127E+1	1,650E+3
89,226	41,270	36,860	4,127E+1	4,127E+1	1,650E+3
89,427	41,880	36,830	4,127E+1	4,127E+1	1,650E+3
89,628	41,880	36,830	4,127E+1	4,127E+1	1,650E+3
89,827	41,880	36,830	4,188E+1	4,188E+1	1,650E+3
90,028	41,880	36,830	4,188E+1	4,188E+1	1,650E+3
90,229	41,880	36,830	4,188E+1	4,188E+1	1,650E+3
90,429	41,880	36,830	4,188E+1	4,188E+1	1,650E+3
90,630	41,820	36,800	4,188E+1	4,188E+1	1,650E+3
90,830	41,820	36,800	4,182E+1	4,182E+1	1,650E+3
91,030	41,820	36,800	4,182E+1	4,182E+1	1,650E+3
91,230	54,820	49,360	4,182E+1	4,182E+1	1,650E+3
91,432	54,820	49,360	4,182E+1	4,182E+1	1,650E+3
91,633	54,820	49,360	5,482E+1	5,482E+1	1,650E+3
91,833	54,820	49,360	5,482E+1	5,482E+1	1,650E+3
92,033	54,820	49,360	5,482E+1	5,482E+1	1,650E+3
92,234	58,410	53,010	5,482E+1	5,482E+1	1,650E+3
92,434	58,410	53,010	5,482E+1	5,482E+1	1,650E+3
92,635	58,410	53,010	5,841E+1	5,841E+1	1,650E+3
92,835	58,410	53,010	5,841E+1	5,841E+1	1,650E+3
93,035	58,410	53,010	5,841E+1	5,841E+1	1,650E+3
93,235	58,910	53,480	5,841E+1	4,597E+1	1,650E+3
93,434	58,910	53,480	5,841E+1	4,597E+1	1,650E+3
93,634	58,910	53,480	5,841E+1	4,597E+1	1,650E+3
93,835	58,910	53,480	5,078E+1	5,078E+1	1,650E+3
94,036	58,910	53,480	5,078E+1	5,078E+1	1,650E+3
94,236	58,910	53,480	5,891E+1	5,891E+1	1,650E+3
94,437	58,910	53,480	5,891E+1	5,891E+1	1,650E+3
94,638	58,910	53,480	5,891E+1	5,891E+1	1,650E+3
94,838	58,910	53,480	5,891E+1	5,891E+1	1,650E+3
95,039	58,910	53,480	5,891E+1	5,891E+1	1,650E+3
95,239	58,870	53,770	5,891E+1	5,891E+1	1,650E+3
95,439	58,870	53,770	5,887E+1	5,887E+1	1,650E+3
95,639	58,870	53,770	5,887E+1	5,887E+1	1,650E+3
95,841	58,870	53,770	5,887E+1	5,887E+1	1,650E+3
96,042	58,870	53,770	5,887E+1	5,887E+1	1,650E+3
96,241	58,330	53,680	5,887E+1	5,887E+1	1,650E+3
96,441	58,330	53,680	5,833E+1	5,833E+1	1,650E+3
96,641	58,330	53,680	5,833E+1	5,833E+1	1,650E+3
96,842	58,330	53,680	5,833E+1	5,833E+1	1,650E+3
97,042	58,330	53,680	5,833E+1	5,833E+1	1,650E+3
97,244	58,890	53,630	5,833E+1	5,833E+1	1,650E+3
97,445	58,890	53,630	5,889E+1	5,889E+1	1,650E+3
97,645	58,890	53,630	5,889E+1	5,889E+1	1,650E+3
97,846	58,890	53,630	5,889E+1	5,889E+1	1,650E+3
98,046	58,540	53,600	5,889E+1	5,889E+1	1,650E+3
98,248	58,540	53,600	5,889E+1	5,889E+1	1,650E+3
98,448	58,540	53,600	5,854E+1	5,854E+1	1,650E+3
98,648	58,540	53,600	5,854E+1	5,854E+1	1,650E+3
98,847	58,540	53,600	5,854E+1	5,854E+1	1,650E+3
99,047	58,540	53,600	5,854E+1	5,854E+1	1,650E+3
99,248	58,870	53,680	5,854E+1	5,375E+1	1,650E+3
99,448	58,870	53,680	5,854E+1	5,375E+1	1,650E+3
99,648	58,870	53,680	5,854E+1	5,375E+1	1,650E+3
99,848	58,870	53,680	5,870E+1	5,870E+1	1,650E+3
100,048	58,870	53,680	5,870E+1	5,870E+1	1,650E+3
100,248	58,870	53,680	5,887E+1	5,887E+1	1,650E+3
100,449	58,870	53,680	5,887E+1	5,887E+1	1,650E+3
100,650	58,610	53,500	5,887E+1	5,887E+1	1,650E+3
100,850	58,610	53,500	5,887E+1	5,887E+1	1,650E+3
101,050	58,610	53,500	5,861E+1	5,861E+1	1,650E+3
101,250	58,610	53,500	5,861E+1	5,861E+1	1,650E+3
101,450	58,610	53,500	5,861E+1	5,861E+1	1,650E+3
101,651	58,610	53,500	5,861E+1	5,861E+1	1,650E+3
101,851	58,610	53,500	5,861E+1	5,861E+1	1,650E+3
102,052	58,720	53,620	5,861E+1	5,861E+1	1,650E+3
102,253	58,720	53,620	5,861E+1	5,861E+1	1,650E+3
102,453	58,720	53,620	5,872E+1	5,872E+1	1,650E+3
102,653	58,720	53,620	5,872E+1	5,872E+1	1,650E+3
102,854	58,720	53,620	5,872E+1	5,872E+1	1,650E+3
103,055	58,180	53,610	5,872E+1	5,872E+1	1,650E+3
103,254	58,180	53,610	5,872E+1	5,872E+1	1,650E+3
103,455	58,180	53,610	5,818E+1	5,818E+1	1,650E+3
103,655	58,180	53,610	5,818E+1	5,818E+1	1,650E+3
103,855	58,180	53,610	5,818E+1	5,818E+1	1,650E+3
104,055	59,130	53,560	5,818E+1	5,818E+1	1,650E+3
104,255	59,130	53,560	5,818E+1	5,818E+1	1,650E+3
104,454	59,130	53,560	5,913E+1	5,913E+1	1,650E+3
104,655	59,130	53,560	5,913E+1	5,913E+1	1,650E+3
104,854	59,130	53,560	5,913E+1	5,913E+1	1,650E+3
105,055	58,510	53,520	5,913E+1	5,913E+1	1,650E+3
105,255	58,510	53,520	5,913E+1	5,913E+1	1,650E+3
105,455	58,510	53,520	5,851E+1	5,851E+1	1,650E+3
105,656	58,510	53,520	5,851E+1	5,851E+1	1,650E+3
105,856	58,510	53,520	5,851E+1	5,367E+1	1,650E+3
106,056	58,510	53,520	5,851E+1	5,367E+1	1,650E+3
106,255	58,510	53,520	5,851E+1	5,367E+1	1,650E+3
106,456	58,680	53,600	5,864E+1	5,864E+1	1,650E+3
106,656	58,680	53,600	5,864E+1	5,864E+1	1,650E+3
106,856	58,680	53,600	5,868E+1	5,868E+1	1,650E+3
107,056	58,680	53,600	5,868E+1	5,868E+1	1,650E+3
107,257	58,680	53,600	5,868E+1	5,868E+1	1,650E+3
107,456	58,680	53,600	5,868E+1	5,868E+1	1,650E+3
107,657	58,680	53,600	5,868E+1	5,868E+1	1,650E+3
107,856	58,870	53,630	5,868E+1	5,868E+1	1,650E+3
108,057	58,870	53,630	5,887E+1	5,887E+1	1,650E+3
108,257	58,870	53,630	5,887E+1	5,887E+1	1,650E+3
108,457	58,870	53,630	5,887E+1	5,887E+1	1,650E+3
108,656	58,870	53,630	5,887E+1	5,887E+1	1,650E+3
108,857	58,570	53,530	5,887E+1	5,887E+1	1,650E+3
109,057	58,570	53,530	5,857E+1	5,857E+1	1,650E+3
109,258	58,570	53,530	5,857E+1	5,857E+1	1,650E+3
109,458	58,570	53,530	5,857E+1	5,857E+1	1,650E+3
109,658	58,540	53,460	5,857E+1	5,857E+1	1,650E+3
109,858	58,540	53,460	5,857E+1	5,857E+1	1,650E+3
110,057	58,540	53,460	5,854E+1	5,854E+1	1,650E+3
110,259	58,540	53,460	5,854E+1	5,854E+1	1,650E+3
110,458	58,540	53,460	5,854E+1	5,854E+1	1,650E+3
110,660	58,570	53,610	5,854E+1	5,854E+1	1,650E+3
110,860	58,570	53,610	5,854E+1	5,854E+1	1,000E+3
111,060	58,570	53,610	5,857E+1	5,857E+1	1,000E+3
111,261	58,570	53,610	5,857E+1	5,857E+1	1,000E+3
111,462	58,570	53,610	5,857E+1	5,857E+1	1,000E+3
111,665	58,740	53,540	5,857E+1	5,362E+1	1,000E+3
111,865	58,740	53,540	5,857E+1	5,362E+1	1,000E+3
112,066	58,740	53,540	5,857E+1	5,362E+1	1,000E+3
112,267	58,740	53,540	5,863E+1	5,863E+1	1,000E+3
112,467	58,740	53,540	5,863E+1	5,863E+1	1,000E+3
112,666	58,740	53,540	5,874E+1	5,874E+1	1,000E+3
112,866	58,740	53,540	5,874E+1	5,874E+1	1,000E+3
113,067	58,740	53,540	5,874E+1	5,874E+1	1,000E+3
113,266	58,740	53,540	5,874E+1	5,874E+1	1,000E+3
113,466	58,740	53,540	5,874E+1	5,874E+1	1,000E+3
113,668	53,810	48,650	5,874E+1	5,874E+1	1,000E+3
113,867	53,810	48,650	5,874E+1	5,874E+1	1,000E+3
114,069	53,810	48,650	5,381E+1	5,381E+1	1,000E+3
114,269	53,810	48,650	5,381E+1	5,381E+1	1,000E+3
114,470	53,810	48,650	5,381E+1	5,381E+1	1,000E+3
114,670	44,810	39,890	5,381E+1	5,381E+1	1,000E+3
114,871	44,810	39,890	5,381E+1	5,381E+1	1,000E+3
115,070	44,810	39,890	4,481E+1	4,481E+1	1,000E+3
115,271	44,810	39,890	4,481E+1	4,481E+1	1,000E+3
115,470	41,110	36,100	4,481E+1	4,481E+1	1,000E+3
115,671	41,110	36,100	4,481E+1	4,481E+1	1,000E+3
115,871	41,110	36,100	4,111E+1	4,111E+1	1,000E+3
116,071	41,110	36,100	4,111E+1	4,111E+1	1,000E+3
116,271	41,110	36,100	4,111E+1	4,111E+1	1,000E+3
116,472	38,950	33,820	4,111E+1	4,111E+1	1,000E+3
116,672	38,950	33,820	4,111E+1	4,111E+1	1,000E+3
116,872	38,950	33,820	3,895E+1	3,895E+1	1,000E+3
117,071	38,950	33,820	3,895E+1	3,895E+1	1,000E+3
117,271	38,950	33,820	3,895E+1	3,895E+1	1,000E+3
117,473	36,580	32,320	3,895E+1	3,824E+1	1,000E+3
117,674	36,580	32,320	3,895E+1	3,824E+1	1,000E+3
117,874	36,580	32,320	3,895E+1	3,824E+1	1,000E+3
118,074	36,580	32,320	4,289E+1	4,289E+1	1,000E+3
118,274	36,580	32,320	4,289E+1	4,289E+1	1,000E+3
118,474	36,580	32,320	3,658E+1	3,658E+1	1,000E+3
118,675	36,580	32,320	3,658E+1	3,658E+1	1,000E+3
118,875	36,580	32,320	3,658E+1	3,658E+1	1,000E+3
119,075	36,580	32,320	3,658E+1	3,658E+1	1,000E+3
119,275	36,580	32,320	3,658E+1	3,658E+1	1,000E+3
119,474	36,390	31,680	3,658E+1	3,658E+1	1,000E+3
119,676	36,390	31,680	3,639E+1	3,639E+1	1,000E+3
119,875	36,390	31,680	3,639E+1	3,639E+1	1,000E+3
120,076	36,390	31,680	3,639E+1	3,639E+1	1,000E+3
120,276	36,390	31,680	3,639E+1	3,639E+1	1,000E+3
120,476	36,650	31,860	3,639E+1	3,639E+1	1,000E+3
120,676	36,650	31,860	3,665E+1	3,665E+1	1,000E+3
120,876	36,650	31,860	3,665E+1	3,665E+1	1,000E+3
121,077	36,650	31,860	3,665E+1	3,665E+1	1,000E+3
121,279	36,870	31,930	3,665E+1	3,665E+1	1,000E+3
121,479	36,870	31,930	3,665E+1	3,665E+1	1,000E+3
121,680	36,870	31,930	3,687E+1	3,687E+1	1,000E+3
121,880	36,870	31,930	3,687E+1	3,687E+1	1,000E+3
122,082	36,870	31,930	3,687E+1	3,687E+1	1,000E+3
122,283	36,770	31,960	3,687E+1	3,687E+1	1,000E+3
122,484	36,770	31,960	3,687E+1	3,687E+1	1,000E+3
122,683	36,770	31,960	3,677E+1	3,677E+1	1,000E+3
122,884	36,770	31,960	3,677E+1	3,677E+1	1,000E+3
123,085	36,770	31,960	3,677E+1	3,677E+1	1,000E+3
123,284	36,770	31,960	3,677E+1	3,677E+1	1,000E+3
123,486	36,850	31,880	3,677E+1	3,193E+1	1,000E+3
123,686	36,850	31,880	3,677E+1	3,193E+1	1,000E+3
123,885	36,850	31,880	3,654E+1	3,654E+1	1,000E+3
124,086	36,850	31,880	3,654E+1	3,654E+1	1,000E+3
124,286	36,850	31,880	3,685E+1	3,685E+1	1,000E+3
124,487	36,850	31,880	3,685E+1	3,685E+1	1,000E+3
124,688	36,850	31,880	3,685E+1	3,685E+1	1,000E+3
124,888	36,850	31,880	3,685E+1	3,685E+1	1,000E+3
125,089	36,850	31,880	3,685E+1	3,685E+1	1,000E+3
125,289	37,390	31,970	3,685E+1	3,685E+1	1,000E+3
125,489	37,390	31,970	3,685E+1	3,685E+1	1,000E+3
125,689	37,390	31,970	3,739E+1	3,739E+1	1,000E+3
125,890	37,390	31,970	3,739E+1	3,739E+1	1,000E+3
126,090	41,010	35,800	3,739E+1	3,739E+1	1,000E+3
126,290	41,010	35,800	3,739E+1	3,739E+1	1,000E+3
126,490	41,010	35,800	4,101E+1	4,101E+1	1,000E+3
126,691	41,010	35,800	4,101E+1	4,101E+1	1,000E+3
126,891	41,010	35,800	4,101E+1	4,101E+1	1,000E+3
127,090	70,010	63,490	4,101E+1	4,101E+1	1,000E+3
127,292	70,010	63,490	4,101E+1	4,101E+1	1,000E+3
127,493	70,010	63,490	7,001E+1	7,001E+1	1,000E+3
127,693	70,010	63,490	7,001E+1	7,001E+1	1,000E+3
127,893	70,010	63,490	7,001E+1	7,001E+1	1,000E+3
128,094	76,090	69,370	7,001E+1	7,001E+1	1,000E+3
128,294	76,090	69,370	7,001E+1	7,001E+1	1,000E+3
128,494	76,090	69,370	7,609E+1	7,609E+1	1,000E+3
128,694	76,090	69,370	7,609E+1	7,609E+1	1,000E+3
128,893	76,090	69,370	7,609E+1	7,609E+1	1,000E+3
129,094	76,090	69,370	7,609E+1	5,452E+1	1,000E+3
129,295	76,090	69,370	7,609E+1	5,452E+1	1,000E+3
129,496	76,090	69,370	7,609E+1	5,452E+1	1,000E+3
129,695	78,030	71,100	6,024E+1	6,024E+1	1,000E+3
129,896	78,030	71,100	6,024E+1	6,024E+1	1,000E+3
130,097	78,030	71,100	6,024E+1	6,024E+1	1,000E+3
130,298	78,030	71,100	7,803E+1	7,803E+1	1,000E+3
130,498	78,030	71,100	7,803E+1	7,803E+1	1,000E+3
130,697	78,030	71,100	7,803E+1	7,803E+1	1,000E+3
130,898	80,190	73,550	7,803E+1	7,803E+1	1,000E+3
131,098	80,190	73,550	7,803E+1	7,803E+1	1,000E+3
131,298	80,190	73,550	7,803E+1	7,803E+1	1,000E+3
131,499	80,190	73,550	8,019E+1	8,019E+1	1,000E+3
131,698	80,190	73,550	8,019E+1	8,019E+1	1,000E+3
131,899	81,180	74,620	8,019E+1	8,019E+1	1,000E+3
132,098	81,180	74,620	8,019E+1	8,019E+1	1,000E+3
132,299	81,180	74,620	8,019E+1	8,019E+1	1,000E+3
132,498	81,180	74,620	8,118E+1	8,118E+1	1,000E+3
132,698	81,180	74,620	8,118E+1	8,118E+1	1,000E+3
132,898	81,180	74,620	8,118E+1	8,118E+1	1,000E+3
133,099	82,040	75,040	8,118E+1	8,118E+1	1,000E+3
133,300	82,040	75,040	8,118E+1	8,118E+1	1,000E+3
133,501	82,040	75,040	8,204E+1	8,204E+1	1,000E+3
133,701	82,040	75,040	8,204E+1	8,204E+1	1,000E+3
133,901	82,040	75,040	8,204E+1	8,204E+1	1,000E+3
134,101	82,330	75,330	8,204E+1	8,204E+1	1,000E+3
134,300	82,330	75,330	8,204E+1	8,204E+1	1,000E+3
134,502	82,330	75,330	8,204E+1	8,204E+1	1,000E+3
134,701	82,330	75,330	8,233E+1	8,233E+1	1,000E+3
134,902	82,330	75,330	8,233E+1	8,233E+1	1,000E+3
135,102	82,330	75,330	8,233E+1	8,233E+1	1,000E+3
135,303	82,160	75,630	8,233E+1	8,233E+1	1,000E+3
135,503	82,160	75,630	8,233E+1	8,233E+1	1,000E+3
135,703	82,190	75,340	8,216E+1	8,216E+1	1,000E+3
135,903	82,190	75,340	8,216E+1	8,216E+1	1,000E+3
136,103	82,190	75,340	8,216E+1	8,216E+1	1,000E+3
136,304	82,190	75,340	8,219E+1	8,219E+1	1,000E+3
136,504	82,190	75,340	8,219E+1	8,219E+1	1,000E+3
136,705	82,190	75,340	8,219E+1	8,219E+1	1,000E+3
136,904	81,890	75,100	8,219E+1	8,219E+1	1,000E+3
137,105	81,890	75,100	8,219E+1	8,219E+1	1,000E+3
137,305	81,890	75,100	8,219E+1	8,219E+1	1,000E+3
137,506	81,890	75,100	8,219E+1	8,219E+1	1,000E+3
137,707	81,890	75,100	8,189E+1	8,189E+1	1,000E+3
137,907	81,890	75,100	8,189E+1	8,189E+1	1,000E+3
138,107	81,890	75,100	8,189E+1	8,189E+1	1,000E+3
138,306	61,450	54,920	8,189E+1	8,189E+1	1,000E+3
138,507	61,450	54,920	8,189E+1	8,189E+1	1,000E+3
138,709	17,860	14,000	6,145E+1	6,145E+1	1,000E+3
138,910	17,860	14,000	6,145E+1	6,145E+1	1,000E+3
139,110	17,860	14,000	1,786E+1	1,786E+1	1,000E+3
139,312	17,860	14,000	1,786E+1	1,786E+1	1,000E+3
139,512	17,860	14,000	1,786E+1	1,786E+1	1,000E+3
139,711	17,860	14,000	1,786E+1	1,786E+1	1,000E+3
139,912	17,860	14,000	1,786E+1	1,786E+1	1,000E+3
140,112	17,000	13,000	1,786E+1	1,786E+1	1,000E+3
140,313	17,000	13,000	1,700E+1	1,700E+1	1,000E+3
140,514	17,000	13,000	1,700E+1	1,700E+1	1,000E+3
140,713	17,000	13,000	1,700E+1	1,700E+1	1,000E+3
140,915	17,000	13,000	1,700E+1	1,700E+1	1,000E+3
141,115	16,260	12,320	1,700E+1	1,700E+1	1,000E+3
141,315	16,260	12,320	1,626E+1	1,626E+1	1,000E+3
141,514	16,260	12,320	1,626E+1	1,626E+1	1,000E+3
141,714	16,260	12,320	1,626E+1	1,626E+1	1,000E+3
141,915	16,260	12,320	1,626E+1	1,626E+1	1,000E+3
142,114	15,830	11,930	1,626E+1	1,626E+1	1,000E+3
142,316	15,830	11,930	1,626E+1	1,626E+1	1,000E+3
142,516	15,830	11,930	1,583E+1	1,583E+1	1,000E+3
142,716	15,830	11,930	1,583E+1	1,583E+1	1,000E+3
142,916	15,830	11,930	1,583E+1	1,583E+1	1,000E+3
143,116	15,620	11,750	1,583E+1	1,583E+1	1,000E+3
143,317	15,620	11,750	1,583E+1	1,583E+1	1,000E+3
143,517	15,620	11,750	1,562E+1	1,562E+1	1,000E+3
143,718	15,620	11,750	1,562E+1	1,562E+1	1,000E+3
143,918	15,620	11,750	1,562E+1	1,216E+1	1,000E+3
144,119	15,620	11,750	1,562E+1	1,216E+1	1,000E+3
144,318	15,830	11,700	1,599E+1	1,599E+1	1,000E+3
144,518	15,830	11,700	1,599E+1	1,599E+1	1,000E+3
144,719	15,830	11,700	1,583E+1	1,583E+1	1,000E+3
144,919	15,830	11,700	1,583E+1	1,583E+1	1,000E+3
145,119	15,830	11,700	1,583E+1	1,583E+1	1,000E+3
145,318	15,830	11,700	1,583E+1	1,583E+1	1,000E+3
145,519	15,830	11,700	1,583E+1	1,583E+1	1,000E+3
145,720	15,170	11,780	1,583E+1	1,583E+1	1,000E+3
145,919	15,170	11,780	1,583E+1	1,583E+1	2,200E+3
146,121	15,170	11,780	1,517E+1	1,517E+1	2,200E+3
146,321	15,170	11,780	1,517E+1	1,517E+1	2,200E+3
146,520	15,170	11,780	1,517E+1	1,517E+1	2,200E+3
146,721	14,910	11,720	1,517E+1	1,517E+1	2,200E+3
146,921	14,910	11,720	1,517E+1	1,517E+1	2,200E+3
147,122	14,910	11,720	1,491E+1	1,491E+1	2,200E+3
147,322	14,910	11,720	1,491E+1	1,491E+1	2,200E+3
147,522	14,910	11,720	1,491E+1	1,491E+1	2,200E+3
147,723	15,050	11,680	1,491E+1	1,491E+1	2,200E+3
147,923	15,050	11,680	1,491E+1	1,491E+1	2,200E+3
148,122	15,050	11,680	1,505E+1	1,505E+1	2,200E+3
148,324	15,050	11,680	1,505E+1	1,505E+1	2,200E+3
148,524	15,050	11,680	1,505E+1	1,505E+1	2,200E+3
148,724	15,050	11,680	1,505E+1	1,505E+1	2,200E+3
148,923	17,930	14,210	1,505E+1	1,505E+1	2,200E+3
149,124	17,930	14,210	1,793E+1	1,793E+1	2,200E+3
149,325	17,930	14,210	1,793E+1	1,793E+1	2,200E+3
149,525	17,930	14,210	1,793E+1	1,793E+1	2,200E+3
149,725	17,930	14,210	1,793E+1	1,471E+1	2,200E+3
149,925	17,930	14,210	1,793E+1	1,471E+1	2,200E+3
150,125	27,940	23,990	1,852E+1	1,852E+1	2,200E+3
150,325	27,940	23,990	1,852E+1	1,852E+1	2,200E+3
150,524	27,940	23,990	2,794E+1	2,794E+1	2,200E+3
150,725	27,940	23,990	2,794E+1	2,794E+1	2,200E+3
150,925	27,940	23,990	2,794E+1	2,794E+1	2,200E+3
151,125	27,940	23,990	2,794E+1	2,794E+1	2,200E+3
151,325	27,940	23,990	2,794E+1	2,794E+1	2,200E+3
151,526	35,160	30,630	2,794E+1	2,794E+1	2,200E+3
151,725	35,160	30,630	2,794E+1	2,794E+1	2,200E+3
151,926	35,160	30,630	3,516E+1	3,516E+1	2,200E+3
152,126	35,160	30,630	3,516E+1	3,516E+1	2,200E+3
152,325	35,160	30,630	3,516E+1	3,516E+1	2,200E+3
152,526	34,130	30,450	3,516E+1	3,516E+1	2,200E+3
152,727	34,130	30,450	3,516E+1	3,516E+1	2,200E+3
152,928	34,130	30,450	3,413E+1	3,413E+1	2,200E+3
153,128	34,130	30,450	3,413E+1	3,413E+1	2,200E+3
153,328	34,600	30,170	3,413E+1	3,413E+1	2,200E+3
153,529	34,600	30,170	3,413E+1	3,413E+1	2,200E+3
153,728	34,600	30,170	3,460E+1	3,460E+1	2,200E+3
153,929	34,600	30,170	3,460E+1	3,460E+1	2,200E+3
154,130	34,600	30,170	3,460E+1	3,460E+1	2,200E+3
154,331	34,500	30,170	3,460E+1	3,460E+1	2,200E+3
154,532	34,500	30,170	3,450E+1	3,450E+1	2,200E+3
154,732	34,500	30,170	3,450E+1	3,450E+1	2,200E+3
154,932	34,500	30,170	3,450E+1	3,450E+1	2,200E+3
155,132	34,500	30,170	3,450E+1	3,450E+1	2,200E+3
155,331	34,500	30,170	3,450E+1	3,031E+1	2,200E+3
155,531	34,500	30,170	3,450E+1	3,031E+1	2,200E+3
155,732	34,500	30,170	3,450E+1	3,031E+1	2,200E+3
155,932	33,840	29,970	3,429E+1	3,429E+1	2,200E+3
156,133	33,840	29,970	3,384E+1	3,384E+1	2,200E+3
156,333	33,840	29,970	3,384E+1	3,384E+1	2,200E+3
156,533	33,840	29,970	3,384E+1	3,384E+1	2,200E+3
156,733	33,840	29,970	3,384E+1	3,384E+1	2,200E+3
156,934	33,840	29,970	3,384E+1	3,384E+1	2,200E+3
157,134	33,840	29,970	3,384E+1	3,384E+1	2,200E+3
157,335	33,230	29,940	3,384E+1	3,384E+1	2,200E+3
157,535	33,230	29,940	3,323E+1	3,323E+1	2,200E+3
157,736	33,230	29,940	3,323E+1	3,323E+1	2,200E+3
157,936	33,230	29,940	3,323E+1	3,323E+1	2,200E+3
158,137	33,810	29,880	3,323E+1	3,323E+1	2,200E+3
158,338	33,810	29,880	3,323E+1	3,323E+1	2,200E+3
158,538	33,810	29,880	3,381E+1	3,381E+1	2,200E+3
158,737	33,810	29,880	3,381E+1	3,381E+1	2,200E+3
158,939	33,810	29,880	3,381E+1	3,381E+1	2,200E+3
159,138	34,000	29,840	3,381E+1	3,381E+1	2,200E+3
159,339	34,000	29,840	3,381E+1	3,381E+1	2,200E+3
159,538	34,000	29,840	3,400E+1	3,400E+1	2,200E+3
159,738	34,000	29,840	3,400E+1	3,400E+1	2,200E+3
159,939	34,000	29,840	3,400E+1	3,400E+1	2,200E+3
160,140	34,000	29,840	3,400E+1	3,400E+1	2,200E+3
160,343	33,690	29,770	3,400E+1	3,400E+1	2,200E+3
160,543	33,690	29,770	3,369E+1	3,369E+1	2,200E+3
160,743	33,690	29,770	3,369E+1	3,369E+1	2,200E+3
160,943	33,690	29,770	3,369E+1	2,988E+1	2,200E+3
161,143	33,690	29,770	3,369E+1	2,988E+1	2,200E+3
161,343	33,690	29,770	3,369E+1	2,988E+1	2,200E+3
161,543	34,120	29,790	3,391E+1	3,391E+1	2,200E+3
161,744	34,120	29,790	3,391E+1	3,391E+1	2,200E+3
161,944	34,120	29,790	3,412E+1	3,412E+1	2,200E+3
162,144	34,120	29,790	3,412E+1	3,412E+1	2,200E+3
162,343	34,120	29,790	3,412E+1	3,412E+1	2,200E+3
162,545	34,120	29,790	3,412E+1	3,412E+1	2,200E+3
162,746	34,120	29,790	3,412E+1	3,412E+1	2,200E+3
162,945	34,190	29,720	3,412E+1	3,412E+1	2,200E+3
163,145	34,190	29,720	3,412E+1	3,412E+1	2,200E+3
163,347	34,190	29,720	3,419E+1	3,419E+1	2,200E+3
163,547	34,190	29,720	3,419E+1	3,419E+1	2,200E+3
163,746	34,190	29,720	3,419E+1	3,419E+1	2,200E+3
163,947	33,160	29,730	3,419E+1	3,419E+1	2,200E+3
164,147	33,160	29,730	3,419E+1	3,419E+1	2,200E+3
164,346	33,160	29,730	3,316E+1	3,316E+1	2,200E+3
164,547	33,160	29,730	3,316E+1	3,316E+1	2,200E+3
164,748	34,020	29,680	3,316E+1	3,316E+1	2,200E+3
164,948	34,020	29,680	3,402E+1	3,402E+1	2,200E+3
