t	IF	IR	VF	VR
0,000	0,000	0,050	0,000E+0	1,500E+1
0,046	0,000	0,050	3,000E-1	1,500E+1
0,260	0,000	0,050	3,000E-1	1,500E+1
0,462	0,000	0,050	3,000E-1	1,500E+1
0,663	0,000	0,050	3,000E-1	1,500E+1
0,863	0,000	0,050	3,000E-1	1,500E+1
1,063	0,000	0,050	3,000E-1	1,500E+1
1,263	0,000	0,050	3,000E-1	1,500E+1
1,463	0,000	0,050	3,000E-1	1,500E+1
1,663	0,000	0,050	3,000E-1	1,500E+1
1,863	0,000	0,050	3,000E-1	1,500E+1
2,064	0,000	0,050	3,000E-1	1,500E+1
2,265	0,000	0,050	3,000E-1	1,500E+1
2,466	0,000	0,050	3,000E-1	1,500E+1
2,666	0,000	0,050	3,000E-1	1,500E+1
2,866	0,000	0,050	3,000E-1	1,500E+1
3,066	0,000	0,050	3,000E-1	1,500E+1
3,266	0,000	0,050	3,000E-1	1,500E+1
3,467	0,000	0,050	3,000E-1	1,500E+1
3,668	0,000	0,050	3,000E-1	1,500E+1
3,867	0,000	0,050	3,000E-1	1,500E+1
4,068	0,000	0,050	3,000E-1	1,500E+1
4,268	0,000	0,050	3,000E-1	1,500E+1
4,470	0,000	0,050	3,000E-1	1,500E+1
4,671	0,000	0,050	3,000E-1	1,500E+1
4,871	0,000	0,050	3,000E-1	1,500E+1
5,072	0,000	0,050	3,000E-1	1,500E+1
5,272	0,000	0,050	3,000E-1	1,500E+1
5,472	0,000	0,050	3,000E-1	1,500E+1
5,672	0,000	0,050	3,000E-1	1,500E+1
5,872	0,000	0,050	3,000E-1	1,500E+1
6,071	0,000	0,050	3,000E-1	1,500E+1
6,272	0,000	0,050	3,000E-1	1,500E+1
6,471	0,000	0,050	3,000E-1	1,500E+1
6,672	0,000	0,050	3,000E-1	1,500E+1
6,872	0,000	0,050	3,000E-1	1,500E+1
7,071	0,000	0,050	3,000E-1	1,500E+1
7,272	0,000	0,050	3,000E-1	1,500E+1
7,473	0,000	0,050	3,000E-1	1,500E+1
7,673	0,000	0,050	3,000E-1	1,500E+1
7,873	0,000	0,050	3,000E-1	1,500E+1
8,072	0,000	0,050	3,000E-1	1,500E+1
8,273	0,000	0,050	3,000E-1	1,500E+1
8,474	0,000	0,050	3,000E-1	1,500E+1
8,674	0,000	0,050	3,000E-1	1,500E+1
8,874	0,000	0,050	3,000E-1	1,500E+1
9,074	0,000	0,050	3,000E-1	1,500E+1
9,275	0,000	0,050	3,000E-1	1,500E+1
9,475	0,000	0,050	3,000E-1	1,500E+1
9,674	0,000	0,050	3,000E-1	1,500E+1
9,875	0,000	0,050	3,000E-1	1,500E+1
10,076	0,000	0,050	3,000E-1	1,500E+1
10,276	0,000	0,050	3,000E-1	1,500E+1
10,477	0,000	0,050	3,000E-1	1,500E+1
10,676	0,000	0,050	3,000E-1	1,500E+1
10,877	0,000	0,050	3,000E-1	1,500E+1
11,076	0,000	0,050	3,000E-1	1,500E+1
11,276	0,000	0,050	3,000E-1	1,500E+1
11,476	0,000	0,050	3,000E-1	1,500E+1
11,678	0,000	0,050	3,000E-1	1,500E+1
11,878	0,000	0,050	3,000E-1	1,500E+1
12,077	0,000	0,050	3,000E-1	1,500E+1
12,277	0,000	0,050	3,000E-1	1,500E+1
12,478	0,000	0,050	3,000E-1	1,500E+1
12,679	0,000	0,050	3,000E-1	1,500E+1
12,878	0,000	0,050	3,000E-1	1,500E+1
13,079	0,000	0,050	3,000E-1	1,500E+1
13,280	0,000	0,050	3,000E-1	1,500E+1
13,480	0,000	0,050	3,000E-1	1,500E+1
13,679	0,000	0,050	3,000E-1	1,500E+1
13,880	0,000	0,050	3,000E-1	1,500E+1
14,080	0,000	0,050	3,000E-1	1,500E+1
14,281	0,000	0,050	3,000E-1	1,500E+1
14,481	0,000	0,050	3,000E-1	1,500E+1
14,681	0,000	0,050	3,000E-1	1,500E+1
14,881	0,000	0,050	3,000E-1	1,500E+1
15,081	0,000	0,050	3,000E-1	1,500E+1
15,282	0,000	0,050	3,000E-1	1,500E+1
15,482	0,000	0,050	3,000E-1	1,500E+1
15,682	0,000	0,050	3,000E-1	1,500E+1
15,882	0,000	0,050	3,000E-1	1,500E+1
16,083	0,000	0,050	3,000E-1	1,500E+1
16,284	0,000	0,050	3,000E-1	1,500E+1
16,485	0,000	0,050	3,000E-1	1,500E+1
16,685	0,000	0,050	3,000E-1	1,500E+1
16,885	0,000	0,050	3,000E-1	1,500E+1
17,084	0,000	0,050	3,000E-1	1,500E+1
17,284	0,000	0,050	3,000E-1	1,500E+1
17,484	0,000	0,050	3,000E-1	1,500E+1
17,685	0,000	0,050	3,000E-1	1,500E+1
17,885	0,000	0,050	3,000E-1	1,500E+1
18,084	0,000	0,050	3,000E-1	1,500E+1
18,286	0,000	0,050	3,000E-1	1,500E+1
18,486	0,000	0,050	3,000E-1	1,500E+1
18,687	0,000	0,050	3,000E-1	1,500E+1
18,888	0,000	0,050	3,000E-1	1,500E+1
19,089	0,000	0,050	3,000E-1	1,500E+1
19,288	0,000	0,050	3,000E-1	1,500E+1
19,489	0,000	0,050	3,000E-1	1,500E+1
19,689	0,000	0,050	3,000E-1	1,500E+1
19,889	0,000	0,050	3,000E-1	1,500E+1
20,089	0,000	0,050	3,000E-1	1,500E+1
20,289	0,000	0,050	3,000E-1	1,500E+1
20,490	0,000	0,050	3,000E-1	1,500E+1
20,690	0,000	0,050	3,000E-1	1,500E+1
20,890	0,000	0,050	3,000E-1	1,500E+1
21,090	0,000	0,050	3,000E-1	1,500E+1
21,291	0,000	0,050	3,000E-1	1,500E+1
21,492	0,000	0,050	3,000E-1	1,500E+1
21,693	0,000	0,050	3,000E-1	1,500E+1
21,894	0,000	0,050	3,000E-1	1,500E+1
22,094	0,000	0,050	3,000E-1	1,500E+1
22,295	0,000	0,050	3,000E-1	1,500E+1
22,496	0,000	0,050	3,000E-1	1,500E+1
22,697	0,000	0,050	3,000E-1	1,500E+1
22,897	0,000	0,050	3,000E-1	1,500E+1
23,097	0,000	0,050	3,000E-1	1,500E+1
23,297	0,000	0,050	3,000E-1	1,500E+1
23,497	0,000	0,050	3,000E-1	1,500E+1
23,696	0,000	0,050	3,000E-1	1,500E+1
23,897	0,000	0,050	3,000E-1	1,500E+1
24,096	0,000	0,050	3,000E-1	1,500E+1
24,297	0,000	0,050	3,000E-1	1,500E+1
24,498	0,000	0,050	3,000E-1	1,500E+1
24,698	0,000	0,050	3,000E-1	1,500E+1
24,898	0,000	0,050	3,000E-1	1,500E+1
25,099	0,000	0,050	3,000E-1	1,500E+1
25,299	0,000	0,050	3,000E-1	1,500E+1
25,500	0,000	0,050	3,000E-1	1,500E+1
25,702	0,000	0,050	3,000E-1	1,500E+1
25,902	0,000	0,050	3,000E-1	1,500E+1
26,103	0,000	0,050	3,000E-1	1,500E+1
26,303	0,000	0,050	3,000E-1	1,500E+1
26,502	0,000	0,050	3,000E-1	1,500E+1
26,702	0,000	0,050	3,000E-1	1,500E+1
26,904	0,000	0,050	3,000E-1	1,500E+1
27,104	0,000	0,050	3,000E-1	1,500E+1
27,306	0,000	0,050	3,000E-1	1,500E+1
27,505	0,000	0,050	3,000E-1	1,500E+1
27,706	0,000	0,050	3,000E-1	1,500E+1
27,905	0,000	0,050	3,000E-1	1,500E+1
28,106	0,000	0,050	3,000E-1	1,500E+1
28,306	0,000	0,050	3,000E-1	1,500E+1
28,505	0,000	0,050	3,000E-1	1,500E+1
28,706	0,000	0,050	3,000E-1	1,500E+1
28,907	0,000	0,050	3,000E-1	1,500E+1
29,107	0,000	0,050	3,000E-1	1,500E+1
29,309	0,000	0,050	3,000E-1	1,500E+1
29,509	0,000	0,050	3,000E-1	1,500E+1
29,709	0,000	0,050	3,000E-1	1,500E+1
29,909	0,000	0,050	3,000E-1	1,500E+1
30,109	0,000	0,050	3,000E-1	1,500E+1
30,309	0,000	0,050	3,000E-1	1,500E+1
30,509	0,000	0,050	3,000E-1	1,500E+1
30,709	0,000	0,050	3,000E-1	1,500E+1
30,909	0,000	0,050	3,000E-1	1,500E+1
31,109	0,000	0,050	3,000E-1	1,500E+1
31,310	0,000	0,050	3,000E-1	1,500E+1
31,510	0,000	0,050	3,000E-1	1,500E+1
31,710	0,000	0,050	3,000E-1	1,500E+1
31,909	0,000	0,050	3,000E-1	1,500E+1
32,109	0,000	0,050	3,000E-1	1,500E+1
32,310	0,000	0,050	3,000E-1	1,500E+1
32,510	0,000	0,050	3,000E-1	1,500E+1
32,711	0,000	0,050	3,000E-1	1,500E+1
32,912	0,000	0,050	3,000E-1	1,500E+1
33,112	0,000	0,050	3,000E-1	1,500E+1
33,312	0,000	0,050	3,000E-1	1,500E+1
33,512	0,000	0,050	3,000E-1	1,500E+1
33,712	0,000	0,050	3,000E-1	1,500E+1
33,912	0,000	0,050	3,000E-1	1,500E+1
34,113	0,000	0,050	3,000E-1	1,500E+1
34,314	0,000	0,050	3,000E-1	1,500E+1
34,515	0,000	0,050	3,000E-1	1,500E+1
34,715	0,000	0,050	3,000E-1	1,500E+1
34,915	0,000	0,050	3,000E-1	1,500E+1
35,117	0,000	0,050	3,000E-1	1,500E+1
35,318	0,000	0,050	3,000E-1	1,500E+1
35,518	0,000	0,050	3,000E-1	1,500E+1
35,718	0,000	0,050	3,000E-1	1,500E+1
35,918	0,000	0,050	3,000E-1	1,500E+1
36,119	0,000	0,050	3,000E-1	1,500E+1
36,320	0,000	0,050	3,000E-1	1,500E+1
36,520	0,000	0,050	3,000E-1	1,500E+1
36,721	0,000	0,050	3,000E-1	1,500E+1
36,921	0,000	0,050	3,000E-1	1,500E+1
37,121	0,000	0,050	3,000E-1	1,500E+1
37,321	0,000	0,050	3,000E-1	1,500E+1
37,520	0,000	0,050	3,000E-1	1,500E+1
37,721	0,000	0,050	3,000E-1	1,500E+1
37,921	0,000	0,050	3,000E-1	1,500E+1
38,120	0,000	0,050	3,000E-1	1,500E+1
38,322	0,000	0,050	3,000E-1	1,500E+1
38,522	0,000	0,050	3,000E-1	1,500E+1
38,723	0,000	0,050	3,000E-1	1,500E+1
38,923	0,000	0,050	3,000E-1	1,500E+1
39,124	0,000	0,050	3,000E-1	1,500E+1
39,326	0,000	0,050	3,000E-1	1,500E+1
39,526	0,000	0,050	3,000E-1	1,500E+1
39,725	0,000	0,050	3,000E-1	1,500E+1
39,926	0,000	0,050	3,000E-1	1,500E+1
40,127	0,000	0,050	3,000E-1	1,500E+1
40,327	0,000	0,050	3,000E-1	1,500E+1
40,528	0,000	0,050	6,010E+0	1,500E+1
40,728	0,090	0,050	5,550E+0	1,500E+1
40,928	0,090	0,050	5,550E+0	1,500E+1
41,127	0,090	0,050	5,590E+0	1,500E+1
41,327	0,090	0,050	5,590E+0	1,500E+1
41,527	0,090	0,050	5,590E+0	1,500E+1
41,728	0,090	0,050	5,590E+0	1,500E+1
41,929	0,090	0,050	5,590E+0	1,500E+1
42,129	0,090	0,050	5,590E+0	1,500E+1
42,329	0,090	0,050	5,590E+0	1,500E+1
42,529	0,090	0,050	5,590E+0	1,500E+1
42,728	0,090	0,050	5,590E+0	1,500E+1
42,928	0,090	0,050	5,590E+0	1,500E+1
43,129	0,090	0,050	5,590E+0	1,500E+1
43,330	0,090	0,050	5,590E+0	1,500E+1
43,531	0,090	0,050	5,590E+0	1,500E+1
43,731	0,090	0,050	5,590E+0	1,500E+1
43,931	0,090	0,050	5,590E+0	1,500E+1
44,132	0,090	0,050	5,590E+0	1,500E+1
44,332	0,090	0,050	5,590E+0	1,500E+1
44,533	0,090	0,050	5,590E+0	1,500E+1
44,734	0,090	0,050	5,590E+0	1,500E+1
44,933	0,090	0,050	5,590E+0	1,500E+1
45,135	0,090	0,050	5,590E+0	1,500E+1
45,336	0,090	0,050	5,590E+0	1,500E+1
45,538	0,090	0,050	5,600E+0	1,500E+1
45,738	0,090	0,050	5,600E+0	1,500E+1
45,939	0,090	0,050	5,590E+0	1,500E+1
46,139	0,090	0,050	5,590E+0	1,500E+1
46,341	0,090	0,050	5,590E+0	1,500E+1
46,541	0,090	0,050	5,590E+0	1,500E+1
46,740	0,090	0,050	5,590E+0	1,500E+1
46,941	0,090	0,050	5,590E+0	1,500E+1
47,142	0,090	0,050	5,590E+0	1,500E+1
47,344	0,090	0,050	5,590E+0	1,500E+1
47,544	0,090	0,050	5,590E+0	1,500E+1
47,746	0,090	0,050	5,590E+0	1,500E+1
47,945	0,090	0,050	5,590E+0	1,500E+1
48,145	0,090	0,050	5,600E+0	1,500E+1
48,346	0,090	0,050	5,590E+0	1,500E+1
48,546	0,090	0,050	5,590E+0	1,500E+1
48,745	0,090	0,050	5,590E+0	1,500E+1
48,947	0,090	0,050	5,600E+0	1,500E+1
49,147	0,090	0,050	5,590E+0	1,500E+1
49,348	0,090	0,050	5,590E+0	1,500E+1
49,547	0,090	0,050	5,600E+0	1,500E+1
49,748	0,090	0,050	5,600E+0	1,500E+1
49,947	0,090	0,050	5,600E+0	1,500E+1
50,148	0,090	0,050	5,600E+0	1,500E+1
50,348	0,090	0,050	5,600E+0	1,500E+1
50,548	0,090	0,050	5,600E+0	1,500E+1
50,748	0,090	0,050	5,600E+0	1,500E+1
50,948	0,090	0,050	5,590E+0	1,500E+1
51,149	0,090	0,050	5,590E+0	1,500E+1
51,349	0,090	0,050	5,590E+0	1,500E+1
51,549	0,090	0,050	5,600E+0	1,500E+1
51,748	0,090	0,050	5,590E+0	1,500E+1
51,948	0,090	0,050	5,590E+0	1,500E+1
52,149	0,090	0,050	5,590E+0	1,500E+1
52,349	0,090	0,050	5,600E+0	1,500E+1
52,550	0,090	0,050	5,600E+0	1,500E+1
52,750	0,090	0,050	5,600E+0	1,500E+1
52,951	0,090	0,050	5,590E+0	1,500E+1
53,151	0,090	0,050	5,590E+0	1,500E+1
53,350	0,090	0,050	5,590E+0	1,500E+1
53,551	0,090	0,050	5,600E+0	1,500E+1
53,752	0,090	0,150	5,600E+0	1,500E+1
53,951	0,090	0,150	5,600E+0	1,500E+1
54,152	0,090	0,150	5,600E+0	1,500E+1
54,353	0,090	0,150	5,600E+0	1,500E+1
54,553	0,090	0,150	5,590E+0	1,500E+1
54,753	0,090	0,150	5,600E+0	1,500E+1
54,952	0,090	0,150	5,600E+0	1,500E+1
55,153	0,090	0,150	5,600E+0	1,500E+1
55,353	0,090	0,150	5,600E+0	1,500E+1
55,552	0,090	0,150	5,590E+0	1,500E+1
55,753	0,090	0,150	5,600E+0	1,500E+1
55,953	0,090	0,150	1,107E+1	1,500E+1
56,154	0,090	0,150	1,107E+1	1,500E+1
56,355	0,150	0,150	9,120E+0	1,500E+1
56,554	0,150	0,150	9,120E+0	1,500E+1
56,755	0,150	0,150	9,120E+0	1,500E+1
56,955	0,150	0,150	9,120E+0	1,500E+1
57,156	0,150	0,150	9,120E+0	1,500E+1
57,356	0,150	0,150	9,120E+0	1,500E+1
57,556	0,150	0,150	9,120E+0	1,500E+1
57,756	0,150	0,150	9,120E+0	1,500E+1
57,956	0,150	0,150	9,120E+0	1,500E+1
58,156	0,150	0,150	9,120E+0	1,500E+1
58,358	0,150	0,150	9,120E+0	1,500E+1
58,559	0,150	0,150	9,120E+0	1,500E+1
58,758	0,150	0,150	9,120E+0	1,500E+1
58,959	0,150	0,150	9,120E+0	1,500E+1
59,158	0,150	0,150	9,120E+0	1,500E+1
59,361	0,150	0,150	9,120E+0	1,500E+1
59,561	0,150	0,150	9,120E+0	1,500E+1
59,762	0,150	0,150	9,120E+0	1,500E+1
59,961	0,150	0,150	9,130E+0	1,500E+1
60,162	0,150	0,150	9,130E+0	1,500E+1
60,363	0,150	0,150	9,130E+0	1,500E+1
60,563	0,150	0,150	9,120E+0	1,500E+1
60,762	0,150	0,150	9,130E+0	1,500E+1
60,963	0,150	0,150	9,120E+0	1,500E+1
61,164	0,150	0,150	9,120E+0	1,500E+1
61,364	0,150	0,150	9,130E+0	1,500E+1
61,563	0,150	0,150	9,130E+0	1,500E+1
61,764	0,150	0,150	9,120E+0	1,500E+1
61,964	0,150	0,150	9,120E+0	1,500E+1
62,165	0,150	0,150	9,120E+0	1,500E+1
62,367	0,150	0,150	9,130E+0	1,500E+1
62,567	0,150	0,150	9,130E+0	1,500E+1
62,767	0,150	0,150	9,130E+0	1,500E+1
62,968	0,150	0,150	9,130E+0	1,500E+1
63,168	0,150	0,150	9,120E+0	1,500E+1
63,368	0,150	0,150	9,130E+0	1,500E+1
63,568	0,150	0,150	9,130E+0	1,500E+1
63,769	0,150	0,150	9,130E+0	1,500E+1
63,970	0,150	0,150	9,130E+0	1,500E+1
64,170	0,150	0,150	9,130E+0	1,500E+1
64,370	0,150	0,150	9,130E+0	1,500E+1
64,570	0,150	0,150	9,130E+0	1,500E+1
64,769	0,150	0,150	9,130E+0	1,500E+1
64,970	0,150	0,150	9,130E+0	1,500E+1
65,170	0,150	0,150	9,130E+0	1,500E+1
65,371	0,150	0,150	9,130E+0	1,500E+1
65,571	0,150	0,150	9,130E+0	1,500E+1
65,772	0,150	0,150	9,130E+0	1,500E+1
65,973	0,150	0,150	9,130E+0	1,500E+1
66,174	0,150	0,150	9,130E+0	1,500E+1
66,374	0,150	0,150	9,130E+0	1,500E+1
66,575	0,150	0,150	9,130E+0	1,500E+1
66,776	0,150	0,150	9,130E+0	1,500E+1
66,976	0,150	0,150	9,130E+0	1,500E+1
67,177	0,150	0,150	9,130E+0	1,500E+1
67,376	0,150	0,150	9,130E+0	1,500E+1
67,576	0,150	0,150	9,130E+0	1,500E+1
67,778	0,150	0,150	9,130E+0	1,500E+1
67,978	0,150	0,150	9,130E+0	1,500E+1
68,178	0,150	0,150	9,130E+0	1,500E+1
68,379	0,150	0,150	9,130E+0	1,500E+1
68,580	0,150	0,150	9,130E+0	1,500E+1
68,779	0,150	0,150	9,130E+0	1,500E+1
68,981	0,150	0,150	9,130E+0	1,500E+1
69,181	0,150	0,150	9,130E+0	1,500E+1
69,381	0,150	0,150	9,130E+0	1,500E+1
69,581	0,150	0,150	9,130E+0	1,500E+1
69,782	0,150	0,150	9,130E+0	1,500E+1
69,981	0,150	0,150	9,130E+0	1,500E+1
70,181	0,150	0,150	9,130E+0	1,500E+1
70,382	0,150	0,150	9,130E+0	1,500E+1
70,583	0,150	0,150	9,130E+0	1,500E+1
70,783	0,150	0,150	9,130E+0	1,500E+1
70,983	0,150	0,150	9,130E+0	1,500E+1
71,184	0,150	0,150	9,130E+0	1,500E+1
71,385	0,150	0,150	9,130E+0	1,500E+1
71,585	0,150	0,150	9,130E+0	1,500E+1
71,785	0,150	0,150	9,130E+0	1,500E+1
71,985	0,150	0,150	9,130E+0	1,500E+1
72,185	0,150	0,150	9,130E+0	1,500E+1
72,385	0,150	0,150	9,130E+0	1,500E+1
72,586	0,150	0,150	9,130E+0	1,500E+1
72,786	0,150	0,150	9,130E+0	1,500E+1
72,987	0,150	0,150	9,130E+0	1,500E+1
73,186	0,150	0,150	9,130E+0	1,500E+1
73,388	0,150	0,150	9,130E+0	1,500E+1
73,587	0,150	0,150	9,130E+0	1,500E+1
73,789	0,150	0,150	9,130E+0	1,500E+1
73,990	0,150	0,150	9,130E+0	1,500E+1
74,190	0,150	0,150	9,130E+0	1,500E+1
74,390	0,150	0,150	9,130E+0	1,500E+1
74,590	0,150	0,150	9,130E+0	1,500E+1
74,790	0,150	0,150	9,130E+0	1,500E+1
74,991	0,150	0,150	9,130E+0	1,500E+1
75,190	0,150	0,150	9,130E+0	1,500E+1
75,392	0,150	0,150	9,130E+0	1,500E+1
75,592	0,150	0,150	9,130E+0	1,500E+1
75,793	0,150	0,150	9,140E+0	1,500E+1
75,993	0,150	0,150	9,130E+0	1,500E+1
76,192	0,150	0,150	9,130E+0	1,500E+1
76,394	0,150	0,150	9,130E+0	1,500E+1
76,595	0,150	0,150	9,130E+0	1,500E+1
76,795	0,150	0,150	9,130E+0	1,500E+1
76,994	0,150	0,150	9,130E+0	1,500E+1
77,196	0,150	0,150	9,130E+0	1,500E+1
77,397	0,150	0,150	9,130E+0	1,500E+1
77,597	0,150	0,150	9,130E+0	1,500E+1
77,797	0,150	0,150	9,130E+0	1,500E+1
77,997	0,150	0,150	9,130E+0	1,500E+1
78,196	0,150	0,150	9,130E+0	1,500E+1
78,398	0,150	0,150	9,130E+0	1,500E+1
78,597	0,150	0,150	9,130E+0	1,500E+1
78,798	0,150	0,150	9,130E+0	1,500E+1
78,999	0,150	0,150	9,130E+0	1,500E+1
79,200	0,150	0,150	9,130E+0	1,500E+1
79,399	0,150	0,150	9,140E+0	1,500E+1
79,599	0,150	0,150	9,140E+0	1,500E+1
79,800	0,150	0,150	9,140E+0	1,500E+1
80,000	0,150	0,150	9,140E+0	1,500E+1
80,201	0,150	0,150	9,140E+0	1,500E+1
80,404	0,150	0,150	9,140E+0	1,500E+1
80,604	0,150	0,150	9,140E+0	1,500E+1
80,804	0,150	0,150	9,140E+0	1,500E+1
81,006	0,150	0,150	9,140E+0	1,500E+1
81,206	0,150	0,150	9,140E+0	1,500E+1
81,406	0,150	0,150	9,140E+0	1,500E+1
81,605	0,150	0,150	9,140E+0	1,500E+1
81,807	0,150	0,150	9,140E+0	1,500E+1
82,008	0,150	0,150	9,140E+0	1,500E+1
82,209	0,150	0,150	9,140E+0	1,500E+1
82,409	0,150	0,150	9,130E+0	1,500E+1
82,610	0,150	0,150	9,130E+0	1,500E+1
82,810	0,150	0,150	9,140E+0	1,500E+1
83,010	0,150	0,150	9,140E+0	1,500E+1
83,210	0,150	0,150	9,140E+0	1,500E+1
83,410	0,150	0,150	9,140E+0	1,500E+1
83,610	0,150	0,150	9,140E+0	1,500E+1
83,812	0,150	0,150	9,140E+0	1,500E+1
84,012	0,150	0,150	9,140E+0	1,500E+1
84,212	0,150	0,150	9,140E+0	1,500E+1
84,412	0,150	0,150	9,140E+0	1,500E+1
84,613	0,150	0,150	9,140E+0	1,500E+1
84,814	0,150	0,150	9,140E+0	1,500E+1
85,013	0,150	0,150	9,140E+0	1,500E+1
85,215	0,150	0,150	9,140E+0	1,500E+1
85,417	0,150	0,150	9,140E+0	1,500E+1
85,617	0,150	0,150	9,140E+0	1,500E+1
85,817	0,150	0,150	9,140E+0	1,500E+1
86,018	0,150	0,150	9,140E+0	1,500E+1
86,220	0,150	0,150	9,140E+0	1,500E+1
86,420	0,150	0,150	9,140E+0	1,500E+1
86,620	0,150	0,150	9,140E+0	1,500E+1
86,821	0,150	0,150	9,140E+0	1,500E+1
87,021	0,150	0,150	9,140E+0	1,500E+1
87,222	0,150	0,150	9,140E+0	1,500E+1
87,423	0,150	0,150	9,140E+0	1,500E+1
87,625	0,150	0,150	9,140E+0	1,500E+1
87,825	0,150	0,150	9,140E+0	1,500E+1
88,025	0,150	0,180	9,140E+0	1,500E+1
88,225	0,150	0,180	9,140E+0	1,500E+1
88,425	0,150	0,180	9,140E+0	1,500E+1
88,626	0,150	0,180	9,140E+0	1,500E+1
88,826	0,150	0,180	9,140E+0	1,500E+1
89,026	0,150	0,180	9,140E+0	1,500E+1
89,226	0,150	0,180	9,140E+0	1,500E+1
89,427	0,150	0,180	9,140E+0	1,500E+1
89,628	0,150	0,180	9,140E+0	1,500E+1
89,827	0,150	0,180	9,140E+0	1,500E+1
90,028	0,150	0,180	9,140E+0	1,500E+1
90,229	0,150	0,180	9,150E+0	1,500E+1
90,429	0,180	0,180	9,150E+0	1,500E+1
90,630	0,180	0,180	1,094E+1	1,500E+1
90,830	0,180	0,180	1,091E+1	1,500E+1
91,030	0,180	0,180	1,091E+1	1,500E+1
91,230	0,180	0,180	1,091E+1	1,500E+1
91,432	0,180	0,180	1,091E+1	1,500E+1
91,633	0,180	0,180	1,091E+1	1,500E+1
91,833	0,180	0,180	1,091E+1	1,500E+1
92,033	0,180	0,180	1,091E+1	1,500E+1
92,234	0,180	0,180	1,091E+1	1,500E+1
92,434	0,180	0,180	1,091E+1	1,500E+1
92,635	0,180	0,180	1,091E+1	1,500E+1
92,835	0,180	0,180	1,091E+1	1,500E+1
93,035	0,180	0,180	1,091E+1	1,500E+1
93,235	0,180	0,180	1,091E+1	1,500E+1
93,434	0,180	0,180	1,091E+1	1,500E+1
93,634	0,180	0,180	1,091E+1	1,500E+1
93,835	0,180	0,180	1,091E+1	1,500E+1
94,036	0,180	0,180	1,091E+1	1,500E+1
94,236	0,180	0,180	1,091E+1	1,500E+1
94,437	0,180	0,180	1,091E+1	1,500E+1
94,638	0,180	0,180	1,091E+1	1,500E+1
94,838	0,180	0,180	1,091E+1	1,500E+1
95,039	0,180	0,180	1,091E+1	1,500E+1
95,239	0,180	0,180	1,091E+1	1,500E+1
95,439	0,180	0,180	1,091E+1	1,500E+1
95,639	0,180	0,180	1,091E+1	1,500E+1
95,841	0,180	0,180	1,091E+1	1,500E+1
96,042	0,180	0,180	1,091E+1	1,500E+1
96,241	0,180	0,180	1,091E+1	1,500E+1
96,441	0,180	0,180	1,092E+1	1,500E+1
96,641	0,180	0,180	1,092E+1	1,500E+1
96,842	0,180	0,180	1,092E+1	1,500E+1
97,042	0,180	0,180	1,092E+1	1,500E+1
97,244	0,180	0,180	1,092E+1	1,500E+1
97,445	0,180	0,180	1,092E+1	1,500E+1
97,645	0,180	0,180	1,092E+1	1,500E+1
97,846	0,180	0,180	1,092E+1	1,500E+1
98,046	0,180	0,180	1,092E+1	1,500E+1
98,248	0,180	0,180	1,092E+1	1,500E+1
98,448	0,180	0,180	1,092E+1	1,500E+1
98,648	0,180	0,180	1,092E+1	1,500E+1
98,847	0,180	0,180	1,092E+1	1,500E+1
99,047	0,180	0,180	1,092E+1	1,500E+1
99,248	0,180	0,180	1,092E+1	1,500E+1
99,448	0,180	0,180	1,092E+1	1,500E+1
99,648	0,180	0,180	1,092E+1	1,500E+1
99,848	0,180	0,180	1,092E+1	1,500E+1
100,048	0,180	0,180	1,092E+1	1,500E+1
100,248	0,180	0,180	1,092E+1	1,500E+1
100,449	0,180	0,180	1,092E+1	1,500E+1
100,650	0,180	0,180	1,092E+1	1,500E+1
100,850	0,180	0,180	1,092E+1	1,500E+1
101,050	0,180	0,180	1,092E+1	1,500E+1
101,250	0,180	0,180	1,092E+1	1,500E+1
101,450	0,180	0,180	1,092E+1	1,500E+1
101,651	0,180	0,180	1,092E+1	1,500E+1
101,851	0,180	0,180	1,092E+1	1,500E+1
102,052	0,180	0,180	1,092E+1	1,500E+1
102,253	0,180	0,180	1,092E+1	1,500E+1
102,453	0,180	0,180	1,092E+1	1,500E+1
102,653	0,180	0,180	1,092E+1	1,500E+1
102,854	0,180	0,180	1,092E+1	1,500E+1
103,055	0,180	0,180	1,092E+1	1,500E+1
103,254	0,180	0,180	1,092E+1	1,500E+1
103,455	0,180	0,180	1,092E+1	1,500E+1
103,655	0,180	0,180	1,092E+1	1,500E+1
103,855	0,180	0,180	1,092E+1	1,500E+1
104,055	0,180	0,180	1,092E+1	1,500E+1
104,255	0,180	0,180	1,092E+1	1,500E+1
104,454	0,180	0,180	1,092E+1	1,500E+1
104,655	0,180	0,180	1,092E+1	1,500E+1
104,854	0,180	0,180	1,092E+1	1,500E+1
105,055	0,180	0,180	1,092E+1	1,500E+1
105,255	0,180	0,180	1,093E+1	1,500E+1
105,455	0,180	0,180	1,093E+1	1,500E+1
105,656	0,180	0,180	1,093E+1	1,500E+1
105,856	0,180	0,180	1,092E+1	1,500E+1
106,056	0,180	0,180	1,092E+1	1,500E+1
106,255	0,180	0,180	1,092E+1	1,500E+1
106,456	0,180	0,180	1,093E+1	1,500E+1
106,656	0,180	0,180	1,093E+1	1,500E+1
106,856	0,180	0,180	1,093E+1	1,500E+1
107,056	0,180	0,180	1,093E+1	1,500E+1
107,257	0,180	0,180	1,093E+1	1,500E+1
107,456	0,180	0,180	1,093E+1	1,500E+1
107,657	0,180	0,180	1,093E+1	1,500E+1
107,856	0,180	0,180	1,093E+1	1,500E+1
108,057	0,180	0,180	1,093E+1	1,500E+1
108,257	0,180	0,180	1,093E+1	1,500E+1
108,457	0,180	0,180	1,093E+1	1,500E+1
108,656	0,180	0,180	1,093E+1	1,500E+1
108,857	0,180	0,180	1,093E+1	1,500E+1
109,057	0,180	0,180	1,093E+1	1,500E+1
109,258	0,180	0,180	1,093E+1	1,500E+1
109,458	0,180	0,180	1,093E+1	1,500E+1
109,658	0,180	0,180	1,093E+1	1,500E+1
109,858	0,180	0,180	1,092E+1	1,500E+1
110,057	0,180	0,180	1,092E+1	1,500E+1
110,259	0,180	0,180	1,093E+1	1,500E+1
110,458	0,180	0,180	1,093E+1	1,500E+1
110,660	0,180	0,180	1,093E+1	1,500E+1
110,860	0,180	0,180	1,093E+1	1,500E+1
111,060	0,180	0,180	1,093E+1	1,500E+1
111,261	0,180	0,180	1,093E+1	1,500E+1
111,462	0,180	0,180	1,093E+1	1,500E+1
111,665	0,180	0,180	1,093E+1	1,500E+1
111,865	0,180	0,180	1,093E+1	1,500E+1
112,066	0,180	0,180	1,093E+1	1,500E+1
112,267	0,180	0,180	1,093E+1	1,500E+1
112,467	0,180	0,180	1,093E+1	1,500E+1
112,666	0,180	0,180	1,093E+1	1,500E+1
112,866	0,180	0,180	1,093E+1	1,500E+1
113,067	0,180	0,180	1,093E+1	1,500E+1
113,266	0,180	0,180	1,093E+1	1,500E+1
113,466	0,180	0,180	1,093E+1	1,500E+1
113,668	0,180	0,180	1,093E+1	1,500E+1
113,867	0,180	0,180	1,093E+1	1,500E+1
114,069	0,180	0,180	1,094E+1	1,500E+1
114,269	0,180	0,180	1,093E+1	1,500E+1
114,470	0,180	0,180	1,093E+1	1,500E+1
114,670	0,180	0,180	1,093E+1	1,500E+1
114,871	0,180	0,180	1,094E+1	1,500E+1
115,070	0,180	0,180	1,093E+1	1,500E+1
115,271	0,180	0,180	1,093E+1	1,500E+1
115,470	0,180	0,180	1,094E+1	1,500E+1
115,671	0,180	0,180	1,094E+1	1,500E+1
115,871	0,180	0,180	1,094E+1	1,500E+1
116,071	0,180	0,180	1,094E+1	1,500E+1
116,271	0,180	0,180	1,094E+1	1,500E+1
116,472	0,180	0,180	1,094E+1	1,500E+1
116,672	0,180	0,180	1,094E+1	1,500E+1
116,872	0,180	0,180	1,094E+1	1,500E+1
117,071	0,180	0,180	1,094E+1	1,500E+1
117,271	0,180	0,180	1,094E+1	1,500E+1
117,473	0,180	0,180	1,094E+1	1,500E+1
117,674	0,180	0,180	1,094E+1	1,500E+1
117,874	0,180	0,180	1,094E+1	1,500E+1
118,074	0,180	0,180	1,094E+1	1,500E+1
118,274	0,180	0,180	1,094E+1	1,500E+1
118,474	0,180	0,180	1,094E+1	1,500E+1
118,675	0,180	0,180	1,094E+1	1,500E+1
118,875	0,180	0,180	1,094E+1	1,500E+1
119,075	0,180	0,180	1,094E+1	1,500E+1
119,275	0,180	0,180	1,094E+1	1,500E+1
119,474	0,180	0,180	1,094E+1	1,500E+1
119,676	0,180	0,180	1,094E+1	1,500E+1
119,875	0,180	0,180	1,094E+1	1,500E+1
120,076	0,180	0,180	1,094E+1	1,500E+1
120,276	0,180	0,180	1,094E+1	1,500E+1
120,476	0,180	0,180	1,094E+1	1,500E+1
120,676	0,180	0,180	1,094E+1	1,500E+1
120,876	0,180	0,180	1,094E+1	1,500E+1
121,077	0,180	0,180	1,094E+1	1,500E+1
121,279	0,180	0,180	1,095E+1	1,500E+1
121,479	0,180	0,180	1,094E+1	1,500E+1
121,680	0,180	0,180	1,094E+1	1,500E+1
121,880	0,180	0,180	1,094E+1	1,500E+1
122,082	0,180	0,180	1,094E+1	1,500E+1
122,283	0,180	0,180	1,094E+1	1,500E+1
122,484	0,180	0,180	1,094E+1	1,500E+1
122,683	0,180	0,180	1,095E+1	1,500E+1
122,884	0,180	0,180	1,094E+1	1,500E+1
123,085	0,180	0,180	1,094E+1	1,500E+1
123,284	0,180	0,180	1,095E+1	1,500E+1
123,486	0,180	0,180	1,095E+1	1,500E+1
123,686	0,180	0,250	1,095E+1	1,500E+1
123,885	0,180	0,250	1,095E+1	1,500E+1
124,086	0,180	0,250	1,095E+1	1,500E+1
124,286	0,180	0,250	1,095E+1	1,500E+1
124,487	0,180	0,250	1,095E+1	1,500E+1
124,688	0,180	0,250	1,095E+1	1,500E+1
124,888	0,180	0,250	1,095E+1	1,500E+1
125,089	0,180	0,250	1,095E+1	1,500E+1
125,289	0,180	0,250	1,095E+1	1,500E+1
125,489	0,180	0,250	1,095E+1	1,500E+1
125,689	0,180	0,250	1,095E+1	1,500E+1
125,890	0,180	0,250	1,095E+1	1,500E+1
126,090	0,239	0,250	1,497E+1	1,500E+1
126,290	0,247	0,250	1,497E+1	1,500E+1
126,490	0,247	0,250	1,497E+1	1,500E+1
126,691	0,247	0,250	1,497E+1	1,500E+1
126,891	0,248	0,250	1,497E+1	1,500E+1
127,090	0,248	0,250	1,497E+1	1,500E+1
127,292	0,248	0,250	1,497E+1	1,500E+1
127,493	0,248	0,250	1,497E+1	1,500E+1
127,693	0,248	0,250	1,497E+1	1,500E+1
127,893	0,248	0,250	1,497E+1	1,500E+1
128,094	0,248	0,250	1,497E+1	1,500E+1
128,294	0,248	0,250	1,497E+1	1,500E+1
128,494	0,248	0,250	1,497E+1	1,500E+1
128,694	0,248	0,250	1,497E+1	1,500E+1
128,893	0,248	0,250	1,497E+1	1,500E+1
129,094	0,248	0,250	1,497E+1	1,500E+1
129,295	0,248	0,250	1,497E+1	1,500E+1
129,496	0,248	0,250	1,497E+1	1,500E+1
129,695	0,248	0,250	1,497E+1	1,500E+1
129,896	0,248	0,250	1,497E+1	1,500E+1
130,097	0,248	0,250	1,497E+1	1,500E+1
130,298	0,248	0,250	1,497E+1	1,500E+1
130,498	0,248	0,250	1,497E+1	1,500E+1
130,697	0,248	0,250	1,497E+1	1,500E+1
130,898	0,248	0,250	1,497E+1	1,500E+1
131,098	0,248	0,250	1,497E+1	1,500E+1
131,298	0,248	0,250	1,497E+1	1,500E+1
131,499	0,248	0,250	1,497E+1	1,500E+1
131,698	0,248	0,250	1,497E+1	1,500E+1
131,899	0,248	0,250	1,497E+1	1,500E+1
132,098	0,248	0,250	1,497E+1	1,500E+1
132,299	0,248	0,250	1,497E+1	1,500E+1
132,498	0,248	0,250	1,497E+1	1,500E+1
132,698	0,248	0,250	1,497E+1	1,500E+1
132,898	0,248	0,250	1,497E+1	1,500E+1
133,099	0,248	0,250	1,497E+1	1,500E+1
133,300	0,248	0,250	1,497E+1	1,500E+1
133,501	0,248	0,250	1,497E+1	1,500E+1
133,701	0,248	0,250	1,497E+1	1,500E+1
133,901	0,248	0,250	1,497E+1	1,500E+1
134,101	0,248	0,250	1,497E+1	1,500E+1
134,300	0,248	0,250	1,497E+1	1,500E+1
134,502	0,248	0,250	1,497E+1	1,500E+1
134,701	0,248	0,250	1,497E+1	1,500E+1
134,902	0,248	0,250	1,497E+1	1,500E+1
135,102	0,248	0,250	1,497E+1	1,500E+1
135,303	0,248	0,100	1,497E+1	1,500E+1
135,503	0,248	0,100	1,497E+1	1,500E+1
135,703	0,248	0,100	1,497E+1	1,500E+1
135,903	0,248	0,100	1,497E+1	1,500E+1
136,103	0,248	0,100	1,497E+1	1,500E+1
136,304	0,248	0,100	1,497E+1	1,500E+1
136,504	0,248	0,100	1,497E+1	1,500E+1
136,705	0,248	0,100	1,497E+1	1,500E+1
136,904	0,248	0,100	1,497E+1	1,500E+1
137,105	0,248	0,100	1,497E+1	1,500E+1
137,305	0,248	0,100	1,497E+1	1,500E+1
137,506	0,100	0,100	3,000E-1	1,500E+1
137,707	0,100	0,100	6,310E+0	1,500E+1
137,907	0,100	0,100	6,230E+0	1,500E+1
138,107	0,100	0,100	6,230E+0	1,500E+1
138,306	0,100	0,100	6,240E+0	1,500E+1
138,507	0,100	0,100	6,230E+0	1,500E+1
138,709	0,100	0,100	6,230E+0	1,500E+1
138,910	0,100	0,100	6,230E+0	1,500E+1
139,110	0,100	0,100	6,230E+0	1,500E+1
139,312	0,100	0,100	6,240E+0	1,500E+1
139,512	0,100	0,100	6,240E+0	1,500E+1
139,711	0,100	0,100	6,230E+0	1,500E+1
139,912	0,100	0,100	6,230E+0	1,500E+1
140,112	0,100	0,100	6,230E+0	1,500E+1
140,313	0,100	0,100	6,230E+0	1,500E+1
140,514	0,100	0,100	6,230E+0	1,500E+1
140,713	0,100	0,100	6,230E+0	1,500E+1
140,915	0,100	0,100	6,230E+0	1,500E+1
141,115	0,100	0,100	6,230E+0	1,500E+1
141,315	0,100	0,100	6,230E+0	1,500E+1
141,514	0,100	0,100	6,230E+0	1,500E+1
141,714	0,100	0,100	6,230E+0	1,500E+1
141,915	0,100	0,100	6,230E+0	1,500E+1
142,114	0,100	0,100	6,230E+0	1,500E+1
142,316	0,100	0,100	6,230E+0	1,500E+1
142,516	0,100	0,100	6,230E+0	1,500E+1
142,716	0,100	0,100	6,230E+0	1,500E+1
142,916	0,100	0,100	6,230E+0	1,500E+1
143,116	0,100	0,100	6,230E+0	1,500E+1
143,317	0,100	0,100	6,230E+0	1,500E+1
143,517	0,100	0,100	6,230E+0	1,500E+1
143,718	0,100	0,100	6,240E+0	1,500E+1
143,918	0,100	0,100	6,240E+0	1,500E+1
144,119	0,100	0,100	6,240E+0	1,500E+1
144,318	0,100	0,100	6,240E+0	1,500E+1
144,518	0,100	0,100	6,240E+0	1,500E+1
144,719	0,100	0,100	6,240E+0	1,500E+1
144,919	0,100	0,100	6,230E+0	1,500E+1
145,119	0,100	0,100	6,230E+0	1,500E+1
145,318	0,100	0,100	6,230E+0	1,500E+1
145,519	0,100	0,100	6,240E+0	1,500E+1
145,720	0,100	0,100	6,240E+0	1,500E+1
145,919	0,100	0,100	6,230E+0	1,500E+1
146,121	0,100	0,100	6,230E+0	1,500E+1
146,321	0,100	0,100	6,240E+0	1,500E+1
146,520	0,100	0,100	6,230E+0	1,500E+1
146,721	0,100	0,100	6,230E+0	1,500E+1
146,921	0,100	0,100	6,240E+0	1,500E+1
147,122	0,100	0,100	6,240E+0	1,500E+1
147,322	0,100	0,100	6,240E+0	1,500E+1
147,522	0,100	0,100	6,240E+0	1,500E+1
147,723	0,100	0,100	6,240E+0	1,500E+1
147,923	0,100	0,100	6,240E+0	1,500E+1
148,122	0,100	0,100	6,240E+0	1,500E+1
148,324	0,100	0,100	6,240E+0	1,500E+1
148,524	0,100	0,100	6,240E+0	1,500E+1
148,724	0,100	0,100	6,240E+0	1,500E+1
148,923	0,100	0,100	6,240E+0	1,500E+1
149,124	0,100	0,100	6,240E+0	1,500E+1
149,325	0,100	0,100	6,240E+0	1,500E+1
149,525	0,100	0,100	6,240E+0	1,500E+1
149,725	0,100	0,100	6,240E+0	1,500E+1
149,925	0,100	0,100	6,240E+0	1,500E+1
150,125	0,100	0,100	6,240E+0	1,500E+1
150,325	0,100	0,100	6,240E+0	1,500E+1
150,524	0,100	0,100	6,240E+0	1,500E+1
150,725	0,100	0,100	6,240E+0	1,500E+1
150,925	0,100	0,100	6,240E+0	1,500E+1
151,125	0,100	0,100	6,230E+0	1,500E+1
151,325	0,100	0,100	6,240E+0	1,500E+1
151,526	0,100	0,100	6,240E+0	1,500E+1
151,725	0,100	0,100	6,240E+0	1,500E+1
151,926	0,100	0,100	6,240E+0	1,500E+1
152,126	0,100	0,100	6,240E+0	1,500E+1
152,325	0,100	0,100	6,240E+0	1,500E+1
152,526	0,100	0,100	6,240E+0	1,500E+1
152,727	0,100	0,100	6,240E+0	1,500E+1
152,928	0,100	0,100	6,240E+0	1,500E+1
153,128	0,100	0,100	6,240E+0	1,500E+1
153,328	0,100	0,100	6,240E+0	1,500E+1
153,529	0,100	0,100	6,240E+0	1,500E+1
153,728	0,100	0,100	6,240E+0	1,500E+1
153,929	0,100	0,100	6,240E+0	1,500E+1
154,130	0,100	0,100	6,240E+0	1,500E+1
154,331	0,100	0,100	6,240E+0	1,500E+1
154,532	0,100	0,100	6,240E+0	1,500E+1
154,732	0,100	0,100	6,240E+0	1,500E+1
154,932	0,100	0,100	6,240E+0	1,500E+1
155,132	0,100	0,100	6,240E+0	1,500E+1
155,331	0,100	0,100	6,240E+0	1,500E+1
155,531	0,100	0,100	6,240E+0	1,500E+1
155,732	0,100	0,100	6,240E+0	1,500E+1
155,932	0,100	0,100	6,240E+0	1,500E+1
156,133	0,100	0,100	6,240E+0	1,500E+1
156,333	0,100	0,100	6,240E+0	1,500E+1
156,533	0,100	0,100	6,240E+0	1,500E+1
156,733	0,100	0,100	6,240E+0	1,500E+1
156,934	0,100	0,100	6,240E+0	1,500E+1
157,134	0,100	0,100	6,240E+0	1,500E+1
157,335	0,100	0,100	6,240E+0	1,500E+1
157,535	0,100	0,100	6,240E+0	1,500E+1
157,736	0,100	0,100	6,240E+0	1,500E+1
157,936	0,100	0,100	6,240E+0	1,500E+1
158,137	0,100	0,100	6,240E+0	1,500E+1
158,338	0,100	0,100	6,240E+0	1,500E+1
158,538	0,100	0,100	6,240E+0	1,500E+1
158,737	0,100	0,100	6,240E+0	1,500E+1
158,939	0,100	0,100	6,240E+0	1,500E+1
159,138	0,100	0,100	6,240E+0	1,500E+1
159,339	0,100	0,100	6,240E+0	1,500E+1
159,538	0,100	0,100	6,240E+0	1,500E+1
159,738	0,100	0,100	6,240E+0	1,500E+1
159,939	0,100	0,100	6,240E+0	1,500E+1
160,140	0,100	0,100	6,240E+0	1,500E+1
160,343	0,100	0,100	6,240E+0	1,500E+1
160,543	0,100	0,100	6,240E+0	1,500E+1
160,743	0,100	0,100	6,240E+0	1,500E+1
160,943	0,100	0,100	6,240E+0	1,500E+1
161,143	0,100	0,100	6,240E+0	1,500E+1
161,343	0,100	0,100	6,240E+0	1,500E+1
161,543	0,100	0,100	6,240E+0	1,500E+1
161,744	0,100	0,100	6,240E+0	1,500E+1
161,944	0,100	0,100	6,240E+0	1,500E+1
162,144	0,100	0,100	6,240E+0	1,500E+1
162,343	0,100	0,100	6,240E+0	1,500E+1
162,545	0,100	0,100	6,240E+0	1,500E+1
162,746	0,100	0,100	6,240E+0	1,500E+1
162,945	0,100	0,100	6,240E+0	1,500E+1
163,145	0,100	0,100	6,240E+0	1,500E+1
163,347	0,100	0,100	6,240E+0	1,500E+1
163,547	0,100	0,100	6,240E+0	1,500E+1
163,746	0,100	0,100	6,240E+0	1,500E+1
163,947	0,100	0,100	6,240E+0	1,500E+1
164,147	0,100	0,100	6,240E+0	1,500E+1
164,346	0,100	0,100	6,240E+0	1,500E+1
164,547	0,100	0,100	6,240E+0	1,500E+1
164,748	0,100	0,100	6,240E+0	1,500E+1
164,948	0,100	0,100	6,240E+0	1,500E+1
