Time [s]	PC (E)  [W]	PL (E) [W]	PC (T) [W]	PL (T) [W]
389,803	0,990	0,000	1,320E+0	0,000E+0
0,202	0,990	0,000	1,320E+0	0,000E+0
0,202	0,990	0,000	1,320E+0	0,000E+0
0,401	0,990	0,000	1,320E+0	0,000E+0
0,602	0,990	0,000	1,320E+0	0,000E+0
0,803	0,990	0,000	1,320E+0	0,000E+0
1,003	0,990	0,000	1,320E+0	0,000E+0
1,203	0,990	0,000	1,320E+0	0,000E+0
1,403	0,990	0,000	1,320E+0	0,000E+0
1,602	0,990	0,000	1,320E+0	0,000E+0
1,803	0,990	0,000	1,320E+0	0,000E+0
2,003	0,990	0,000	1,320E+0	0,000E+0
2,204	0,990	0,000	1,320E+0	0,000E+0
2,404	0,990	0,000	1,320E+0	0,000E+0
2,604	0,990	0,000	1,320E+0	0,000E+0
2,805	0,990	0,000	1,320E+0	0,000E+0
3,005	0,990	0,000	1,320E+0	0,000E+0
3,205	0,990	0,000	1,320E+0	0,000E+0
3,405	0,990	0,000	1,320E+0	0,000E+0
3,606	0,990	0,000	1,320E+0	0,000E+0
3,806	0,990	0,000	1,320E+0	0,000E+0
4,006	0,990	0,000	1,320E+0	0,000E+0
4,206	0,990	0,000	1,320E+0	0,000E+0
4,406	0,990	0,000	1,320E+0	0,000E+0
4,606	0,990	0,000	1,320E+0	0,000E+0
4,806	0,990	0,000	1,320E+0	0,000E+0
5,006	0,990	0,000	1,320E+0	0,000E+0
5,206	0,990	0,000	1,320E+0	0,000E+0
5,407	0,990	0,000	1,320E+0	0,000E+0
5,607	0,990	0,000	1,320E+0	0,000E+0
5,808	0,990	0,000	1,320E+0	0,000E+0
6,008	0,990	0,000	1,320E+0	0,000E+0
6,208	0,990	0,000	1,320E+0	0,000E+0
6,408	0,990	0,000	1,320E+0	0,000E+0
6,608	0,990	0,000	1,320E+0	0,000E+0
6,809	0,990	0,000	1,320E+0	0,000E+0
7,009	0,990	0,000	1,320E+0	0,000E+0
7,209	0,990	0,000	1,320E+0	0,000E+0
7,409	0,990	0,000	1,320E+0	0,000E+0
7,609	0,990	0,000	1,320E+0	0,000E+0
7,810	0,990	0,000	1,320E+0	0,000E+0
8,010	0,990	0,000	1,320E+0	0,000E+0
8,210	0,990	0,000	1,320E+0	0,000E+0
8,410	0,990	0,000	1,320E+0	0,000E+0
8,610	0,990	0,000	1,320E+0	0,000E+0
8,810	0,990	0,000	1,320E+0	0,000E+0
9,010	0,990	0,000	1,320E+0	0,000E+0
9,210	0,990	0,000	1,320E+0	0,000E+0
9,410	0,990	0,000	1,320E+0	0,000E+0
9,611	0,990	0,000	1,320E+0	0,000E+0
9,811	0,990	0,000	1,320E+0	0,000E+0
10,011	0,990	0,000	1,320E+0	0,000E+0
10,210	0,990	0,000	1,320E+0	0,000E+0
10,411	0,990	0,000	1,320E+0	0,000E+0
10,611	0,990	0,000	1,320E+0	0,000E+0
10,812	0,990	0,000	1,320E+0	0,000E+0
11,013	0,990	0,000	1,320E+0	0,000E+0
11,213	1,190	0,000	1,107E+0	1,107E+0
11,413	1,190	0,000	1,107E+0	1,107E+0
11,614	1,190	0,000	1,190E+0	1,190E+0
11,815	1,190	0,000	1,190E+0	1,190E+0
12,015	1,190	0,000	1,190E+0	1,190E+0
12,216	1,190	0,000	1,190E+0	1,190E+0
12,417	1,020	0,000	1,190E+0	1,190E+0
12,617	1,020	0,000	1,020E+0	1,020E+0
12,817	1,020	0,000	1,020E+0	1,020E+0
13,017	1,020	0,000	1,020E+0	1,020E+0
13,217	1,020	0,000	1,020E+0	1,020E+0
13,417	1,280	0,000	1,020E+0	1,020E+0
13,617	1,280	0,000	1,280E+0	1,280E+0
13,818	1,280	0,000	1,280E+0	1,280E+0
14,017	1,280	0,000	1,280E+0	1,280E+0
14,218	1,280	0,000	1,280E+0	1,280E+0
14,418	0,870	0,000	1,280E+0	1,280E+0
14,618	0,870	0,000	8,700E-1	8,700E-1
14,818	0,870	0,000	8,700E-1	8,700E-1
15,019	0,870	0,000	8,700E-1	8,700E-1
15,220	0,870	0,000	8,700E-1	8,700E-1
15,420	1,310	0,000	8,700E-1	8,700E-1
15,620	1,310	0,000	8,700E-1	8,700E-1
15,821	1,310	0,000	1,310E+0	1,310E+0
16,021	1,310	0,000	1,310E+0	1,310E+0
16,221	1,310	0,000	1,310E+0	1,310E+0
16,422	1,310	0,000	1,310E+0	0,000E+0
16,622	1,310	0,000	1,310E+0	0,000E+0
16,822	1,310	0,000	1,310E+0	0,000E+0
17,022	0,970	0,000	1,094E+0	1,094E+0
17,222	0,970	0,000	9,700E-1	9,700E-1
17,422	0,970	0,000	9,700E-1	9,700E-1
17,624	0,970	0,000	9,700E-1	9,700E-1
17,823	0,970	0,000	9,700E-1	9,700E-1
18,024	0,970	0,000	9,700E-1	9,700E-1
18,224	1,260	0,000	9,700E-1	9,700E-1
18,424	1,260	0,000	9,700E-1	9,700E-1
18,624	1,260	0,000	1,260E+0	1,260E+0
18,824	1,260	0,000	1,260E+0	1,260E+0
19,024	0,930	0,000	1,260E+0	1,260E+0
19,225	0,930	0,000	1,260E+0	1,260E+0
19,425	0,930	0,000	9,300E-1	9,300E-1
19,625	0,930	0,000	9,300E-1	9,300E-1
19,826	0,930	0,000	9,300E-1	9,300E-1
20,027	0,930	0,000	9,300E-1	9,300E-1
20,227	0,930	0,000	9,300E-1	9,300E-1
20,428	1,390	0,000	9,300E-1	9,300E-1
20,628	1,390	0,000	1,390E+0	1,390E+0
20,828	1,390	0,000	1,390E+0	1,390E+0
21,029	1,060	0,000	1,390E+0	1,390E+0
21,229	1,060	0,000	1,390E+0	1,390E+0
21,429	1,060	0,000	1,060E+0	1,060E+0
21,629	1,060	0,000	1,060E+0	1,060E+0
21,830	1,060	0,000	1,060E+0	1,060E+0
22,030	1,210	0,000	1,060E+0	0,000E+0
22,229	1,210	0,000	1,060E+0	0,000E+0
22,431	1,210	0,000	1,060E+0	0,000E+0
22,632	1,210	0,000	1,178E+0	1,178E+0
22,832	1,210	0,000	1,210E+0	1,210E+0
23,033	1,210	0,000	1,210E+0	1,210E+0
23,233	1,210	0,000	1,210E+0	1,210E+0
23,433	1,210	0,000	1,210E+0	1,210E+0
23,633	1,210	0,000	1,210E+0	1,210E+0
23,833	1,120	0,000	1,210E+0	1,210E+0
24,033	1,120	0,000	1,210E+0	1,210E+0
24,234	1,120	0,000	1,120E+0	1,120E+0
24,434	1,120	0,000	1,120E+0	1,120E+0
24,634	1,120	0,000	1,120E+0	1,120E+0
24,835	1,190	0,000	1,120E+0	1,120E+0
25,035	1,190	0,000	1,120E+0	1,120E+0
25,235	1,190	0,000	1,190E+0	1,190E+0
25,436	1,190	0,000	1,190E+0	1,190E+0
25,637	1,190	0,000	1,190E+0	1,190E+0
25,838	0,930	0,000	1,190E+0	1,190E+0
26,037	0,930	0,000	1,190E+0	1,190E+0
26,237	0,930	0,000	9,300E-1	9,300E-1
26,437	0,930	0,000	9,300E-1	9,300E-1
26,637	0,930	0,000	9,300E-1	9,300E-1
26,838	1,300	0,000	9,300E-1	9,300E-1
27,038	1,300	0,000	9,300E-1	9,300E-1
27,238	1,300	0,000	1,300E+0	1,300E+0
27,438	1,300	0,000	1,300E+0	1,300E+0
27,638	1,300	0,000	1,300E+0	1,300E+0
27,838	1,300	0,000	1,300E+0	1,300E+0
28,038	1,090	0,000	1,300E+0	0,000E+0
28,238	1,090	0,000	1,300E+0	0,000E+0
28,438	1,090	0,000	1,125E+0	1,125E+0
28,638	1,090	0,000	1,125E+0	1,125E+0
28,838	1,090	0,000	1,090E+0	1,090E+0
29,038	1,090	0,000	1,090E+0	1,090E+0
29,238	1,090	0,000	1,090E+0	1,090E+0
29,438	1,090	0,000	1,090E+0	1,090E+0
29,638	1,090	0,000	1,090E+0	1,090E+0
29,838	1,230	0,000	1,090E+0	1,090E+0
30,038	1,230	0,000	1,090E+0	1,090E+0
30,238	1,230	0,000	1,230E+0	1,230E+0
30,439	1,230	0,000	1,230E+0	1,230E+0
30,640	1,050	0,000	1,230E+0	1,230E+0
30,841	1,050	0,000	1,230E+0	1,230E+0
31,040	1,050	0,000	1,050E+0	1,050E+0
31,241	1,050	0,000	1,050E+0	1,050E+0
31,441	1,050	0,000	1,050E+0	1,050E+0
31,641	1,220	0,000	1,050E+0	1,050E+0
31,841	1,220	0,000	1,050E+0	1,050E+0
32,042	1,220	0,000	1,220E+0	1,220E+0
32,242	1,220	0,000	1,220E+0	1,220E+0
32,442	1,220	0,000	1,220E+0	1,220E+0
32,643	1,220	0,000	1,220E+0	1,220E+0
32,843	1,010	0,000	1,220E+0	1,220E+0
33,043	1,010	0,000	1,220E+0	1,220E+0
33,244	1,010	0,000	1,010E+0	1,010E+0
33,444	1,010	0,000	1,010E+0	1,010E+0
33,645	1,230	0,000	1,010E+0	0,000E+0
33,846	1,230	0,000	1,010E+0	0,000E+0
34,046	1,230	0,000	1,144E+0	1,144E+0
34,246	1,230	0,000	1,144E+0	1,144E+0
34,446	1,230	0,000	1,230E+0	1,230E+0
34,646	1,230	0,000	1,230E+0	1,230E+0
34,846	1,230	0,000	1,230E+0	1,230E+0
35,046	1,230	0,000	1,230E+0	1,230E+0
35,246	1,130	0,000	1,230E+0	1,230E+0
35,446	1,130	0,000	1,230E+0	1,230E+0
35,647	1,130	0,000	1,130E+0	1,130E+0
35,847	1,130	0,000	1,130E+0	1,130E+0
36,048	1,130	0,000	1,130E+0	1,130E+0
36,248	1,590	0,000	1,130E+0	1,130E+0
36,448	1,590	0,000	1,130E+0	1,130E+0
36,648	1,590	0,000	1,590E+0	1,590E+0
36,850	1,590	0,000	1,590E+0	1,590E+0
37,049	1,590	0,000	1,590E+0	1,590E+0
37,249	5,060	2,770	1,590E+0	1,590E+0
37,450	5,060	2,770	1,590E+0	1,590E+0
37,650	5,060	2,770	5,060E+0	5,060E+0
37,850	5,060	2,770	5,060E+0	5,060E+0
38,050	5,060	2,770	5,060E+0	5,060E+0
38,250	5,060	2,770	5,060E+0	5,060E+0
38,450	54,650	62,770	5,060E+0	5,060E+0
38,650	54,650	62,770	5,060E+0	5,060E+0
38,850	54,650	62,770	5,465E+1	5,465E+1
39,050	54,650	62,770	5,465E+1	5,465E+1
39,249	54,650	62,770	5,465E+1	5,465E+1
39,451	57,450	49,440	5,465E+1	1,959E+1
39,653	57,450	49,440	5,465E+1	1,959E+1
39,853	57,450	49,440	2,407E+1	2,407E+1
40,054	57,450	49,440	2,407E+1	2,407E+1
40,254	57,450	49,440	2,407E+1	2,407E+1
40,454	57,450	49,440	5,745E+1	5,745E+1
40,654	57,450	49,440	5,745E+1	5,745E+1
40,854	24,190	20,190	5,745E+1	5,745E+1
41,054	24,190	20,190	5,745E+1	5,745E+1
41,255	24,190	20,190	5,745E+1	5,745E+1
41,455	24,190	20,190	2,419E+1	2,419E+1
41,656	24,190	20,190	2,419E+1	2,419E+1
41,857	24,190	20,190	2,419E+1	2,419E+1
42,059	24,190	20,190	2,419E+1	2,419E+1
42,258	25,030	20,860	2,419E+1	2,419E+1
42,458	25,030	20,860	2,419E+1	2,419E+1
42,659	25,030	20,860	2,503E+1	2,503E+1
42,859	25,030	20,860	2,503E+1	2,503E+1
43,059	24,940	20,790	2,503E+1	2,503E+1
43,259	24,940	20,790	2,503E+1	2,503E+1
43,460	24,940	20,790	2,494E+1	2,494E+1
43,660	24,940	20,790	2,494E+1	2,494E+1
43,860	24,940	20,790	2,494E+1	2,494E+1
44,060	24,940	20,790	2,494E+1	2,494E+1
44,261	23,720	19,740	2,494E+1	2,494E+1
44,461	23,720	19,740	2,494E+1	2,494E+1
44,661	23,720	19,740	2,372E+1	2,372E+1
44,861	23,720	19,740	2,372E+1	2,372E+1
45,061	13,640	9,880	2,372E+1	2,372E+1
45,261	13,640	9,880	2,372E+1	2,372E+1
45,461	13,640	9,880	1,364E+1	1,364E+1
45,662	13,640	9,880	1,364E+1	1,364E+1
45,862	13,640	9,880	1,364E+1	1,364E+1
46,062	13,640	9,880	1,364E+1	1,364E+1
46,262	13,640	9,880	1,364E+1	1,364E+1
46,462	14,170	10,540	1,364E+1	1,638E+1
46,662	14,170	10,540	1,364E+1	1,638E+1
46,862	14,170	10,540	2,016E+1	2,016E+1
47,063	14,170	10,540	2,016E+1	2,016E+1
47,264	14,170	10,540	1,417E+1	1,417E+1
47,465	14,170	10,540	1,417E+1	1,417E+1
47,665	14,170	10,540	1,417E+1	1,417E+1
47,866	13,750	10,250	1,417E+1	1,417E+1
48,066	13,750	10,250	1,417E+1	1,417E+1
48,267	13,750	10,250	1,375E+1	1,375E+1
48,468	13,750	10,250	1,375E+1	1,375E+1
48,668	13,750	10,250	1,375E+1	1,375E+1
48,868	13,750	10,250	1,375E+1	1,375E+1
49,068	14,230	10,280	1,375E+1	1,375E+1
49,269	14,230	10,280	1,375E+1	1,375E+1
49,469	14,230	10,280	1,423E+1	1,423E+1
49,669	14,230	10,280	1,423E+1	1,423E+1
49,869	14,600	10,390	1,423E+1	1,423E+1
50,069	14,600	10,390	1,423E+1	1,423E+1
50,269	14,600	10,390	1,460E+1	1,460E+1
50,469	14,600	10,390	1,460E+1	1,460E+1
50,669	14,600	10,390	1,460E+1	1,460E+1
50,869	14,290	10,390	1,460E+1	1,460E+1
51,069	14,290	10,390	1,460E+1	1,460E+1
51,270	14,290	10,390	1,429E+1	1,429E+1
51,470	14,290	10,390	1,429E+1	1,429E+1
51,670	14,290	10,390	1,429E+1	1,429E+1
51,871	14,290	10,390	1,429E+1	1,035E+1
52,071	14,290	10,390	1,429E+1	1,035E+1
52,272	14,290	10,390	1,429E+1	1,035E+1
52,472	14,280	10,300	1,400E+1	1,400E+1
52,672	14,280	10,300	1,428E+1	1,428E+1
52,873	14,280	10,300	1,428E+1	1,428E+1
53,074	14,280	10,300	1,428E+1	1,428E+1
53,275	14,280	10,300	1,428E+1	1,428E+1
53,476	14,530	10,360	1,428E+1	1,428E+1
53,676	14,530	10,360	1,428E+1	1,428E+1
53,876	14,530	10,360	1,453E+1	1,453E+1
54,076	14,530	10,360	1,453E+1	1,453E+1
54,276	14,530	10,360	1,453E+1	1,453E+1
54,475	14,530	10,360	1,453E+1	1,453E+1
54,676	14,530	10,360	1,453E+1	1,453E+1
54,876	13,890	10,390	1,453E+1	1,453E+1
55,076	13,890	10,390	1,453E+1	1,453E+1
55,276	13,890	10,390	1,389E+1	1,389E+1
55,476	13,890	10,390	1,389E+1	1,389E+1
55,678	14,110	10,380	1,389E+1	1,389E+1
55,877	14,110	10,380	1,389E+1	1,389E+1
56,077	14,110	10,380	1,411E+1	1,411E+1
56,277	14,110	10,380	1,411E+1	1,411E+1
56,477	14,110	10,380	1,411E+1	1,411E+1
56,678	14,110	10,380	1,411E+1	1,411E+1
56,879	14,110	10,340	1,411E+1	1,411E+1
57,079	14,110	10,340	1,411E+1	1,411E+1
57,279	14,110	10,340	1,411E+1	1,411E+1
57,479	14,110	10,340	1,411E+1	1,411E+1
57,680	14,110	10,340	1,411E+1	1,905E+1
57,880	14,110	10,340	1,411E+1	1,905E+1
58,081	14,110	10,340	1,411E+1	1,905E+1
58,281	59,030	53,730	2,299E+1	2,299E+1
58,481	59,030	53,730	2,299E+1	2,299E+1
58,683	59,030	53,730	2,299E+1	2,299E+1
58,883	59,030	53,730	5,903E+1	5,903E+1
59,083	59,030	53,730	5,903E+1	5,903E+1
59,284	59,030	53,730	5,903E+1	5,903E+1
59,485	71,140	65,450	5,903E+1	5,903E+1
59,685	71,140	65,450	5,903E+1	5,903E+1
59,885	71,140	65,450	5,903E+1	5,903E+1
60,086	71,140	65,450	7,114E+1	7,114E+1
60,286	71,140	65,450	7,114E+1	7,114E+1
60,486	71,140	65,450	7,114E+1	7,114E+1
60,686	73,050	67,400	7,114E+1	7,114E+1
60,887	73,050	67,400	7,114E+1	7,114E+1
61,087	73,050	67,400	7,114E+1	7,114E+1
61,288	74,300	68,660	7,305E+1	7,305E+1
61,489	74,300	68,660	7,305E+1	7,305E+1
61,690	74,300	68,660	7,305E+1	7,305E+1
61,890	74,300	68,660	7,430E+1	7,430E+1
62,091	74,300	68,660	7,430E+1	7,430E+1
62,290	74,800	68,950	7,430E+1	7,430E+1
62,490	74,800	68,950	7,430E+1	7,430E+1
62,690	74,800	68,950	7,430E+1	7,430E+1
62,890	74,800	68,950	7,480E+1	7,480E+1
63,092	74,800	68,950	7,480E+1	7,480E+1
63,292	74,800	68,950	7,480E+1	7,480E+1
63,493	75,070	68,790	7,480E+1	7,480E+1
63,693	75,070	68,790	7,480E+1	7,480E+1
63,894	75,070	68,790	7,507E+1	7,507E+1
64,094	75,070	68,790	7,507E+1	7,507E+1
64,294	75,070	68,790	7,507E+1	7,507E+1
64,494	75,070	68,790	7,507E+1	7,507E+1
64,695	75,070	68,790	7,507E+1	7,507E+1
64,894	74,490	68,790	7,507E+1	7,507E+1
65,095	74,490	68,790	7,507E+1	7,507E+1
65,296	74,650	68,680	7,449E+1	7,449E+1
65,496	74,650	68,680	7,449E+1	7,449E+1
65,696	74,650	68,680	7,465E+1	7,465E+1
65,896	74,650	68,680	7,465E+1	7,465E+1
66,096	74,650	68,680	7,465E+1	7,465E+1
66,296	74,650	68,680	7,465E+1	7,465E+1
66,496	74,650	68,680	7,465E+1	7,465E+1
66,697	74,440	68,750	7,465E+1	7,465E+1
66,897	74,440	68,750	7,465E+1	7,465E+1
67,098	74,440	68,750	7,444E+1	7,444E+1
67,299	74,440	68,750	7,444E+1	7,444E+1
67,499	74,440	68,750	7,444E+1	7,444E+1
67,700	74,080	68,640	7,444E+1	7,444E+1
67,901	74,080	68,640	7,444E+1	7,444E+1
68,101	74,080	68,640	7,408E+1	7,408E+1
68,301	74,080	68,640	7,408E+1	7,408E+1
68,502	74,080	68,640	7,408E+1	7,408E+1
68,703	74,160	68,780	7,408E+1	7,408E+1
68,903	74,160	68,780	7,408E+1	7,408E+1
69,103	74,160	68,780	7,416E+1	7,416E+1
69,303	74,160	68,780	7,416E+1	7,416E+1
69,503	73,960	68,640	7,416E+1	7,416E+1
69,703	73,960	68,640	7,416E+1	7,416E+1
69,903	73,960	68,640	7,396E+1	7,396E+1
70,103	73,960	68,640	7,396E+1	7,396E+1
70,303	73,960	68,640	7,396E+1	7,396E+1
70,503	74,680	68,590	7,396E+1	6,877E+1
70,703	74,680	68,590	7,396E+1	6,877E+1
70,903	74,680	68,590	7,396E+1	6,877E+1
71,103	74,680	68,590	7,446E+1	7,446E+1
71,303	74,680	68,590	7,446E+1	7,446E+1
71,503	74,680	68,590	7,446E+1	7,446E+1
71,703	74,680	68,590	7,468E+1	7,468E+1
71,903	74,680	68,590	7,468E+1	7,468E+1
72,103	74,680	68,590	7,468E+1	7,468E+1
72,303	74,140	68,700	7,468E+1	7,468E+1
72,504	74,140	68,700	7,468E+1	7,468E+1
72,705	74,140	68,700	7,468E+1	7,468E+1
72,905	74,140	68,700	7,414E+1	7,414E+1
73,105	74,140	68,700	7,414E+1	7,414E+1
73,306	74,140	68,700	7,414E+1	7,414E+1
73,506	74,460	68,770	7,414E+1	7,414E+1
73,707	74,460	68,770	7,414E+1	7,414E+1
73,907	74,460	68,770	7,446E+1	7,446E+1
74,107	74,460	68,770	7,446E+1	7,446E+1
74,307	74,460	68,770	7,446E+1	7,446E+1
74,507	74,300	68,460	7,446E+1	7,446E+1
74,708	74,300	68,460	7,446E+1	7,446E+1
74,908	74,300	68,460	7,446E+1	7,446E+1
75,108	74,300	68,460	7,430E+1	7,430E+1
75,308	74,300	68,460	7,430E+1	7,430E+1
75,508	74,350	68,610	7,430E+1	7,430E+1
75,708	74,350	68,610	7,430E+1	7,430E+1
75,909	74,350	68,610	7,430E+1	7,430E+1
76,110	74,390	68,540	7,435E+1	7,435E+1
76,309	74,390	68,540	7,435E+1	7,435E+1
76,509	74,390	68,540	7,435E+1	7,435E+1
76,709	74,390	68,540	7,439E+1	7,439E+1
76,910	74,390	68,540	7,439E+1	7,439E+1
77,111	74,390	68,540	7,439E+1	7,439E+1
77,311	74,070	68,380	7,439E+1	7,439E+1
77,511	74,070	68,380	7,439E+1	7,439E+1
77,711	74,070	68,380	7,407E+1	7,407E+1
77,911	74,070	68,380	7,407E+1	7,407E+1
78,111	74,070	68,380	7,407E+1	7,407E+1
78,311	74,110	68,380	7,407E+1	7,407E+1
78,512	74,110	68,380	7,407E+1	7,407E+1
78,712	74,110	68,380	7,407E+1	7,407E+1
78,912	74,110	68,380	7,411E+1	7,411E+1
79,112	74,110	68,380	7,411E+1	7,411E+1
79,313	74,110	68,380	7,411E+1	7,411E+1
79,513	74,350	68,450	7,411E+1	7,411E+1
79,714	74,350	68,450	7,411E+1	7,411E+1
79,915	74,350	68,450	7,435E+1	7,435E+1
80,115	74,350	68,450	7,435E+1	7,435E+1
80,317	74,350	68,450	7,435E+1	7,435E+1
80,518	74,170	68,430	7,435E+1	7,435E+1
80,717	74,170	68,430	7,435E+1	7,435E+1
80,918	74,170	68,430	7,435E+1	7,435E+1
81,119	74,390	68,500	7,417E+1	7,417E+1
81,319	74,390	68,500	7,417E+1	7,417E+1
81,519	74,390	68,500	7,417E+1	7,417E+1
81,719	74,390	68,500	7,439E+1	7,439E+1
81,919	74,390	68,500	7,439E+1	7,439E+1
82,120	74,390	68,500	7,439E+1	7,439E+1
82,320	74,110	68,520	7,439E+1	7,439E+1
82,520	74,110	68,520	7,439E+1	7,439E+1
82,721	74,110	68,520	7,411E+1	7,411E+1
82,921	74,110	68,520	7,411E+1	7,411E+1
83,122	74,110	68,520	7,411E+1	7,411E+1
83,323	74,220	68,340	7,411E+1	7,411E+1
83,522	74,220	68,340	7,411E+1	7,411E+1
83,723	74,220	68,340	7,411E+1	7,411E+1
83,923	74,220	68,340	7,422E+1	7,422E+1
84,123	74,220	68,340	7,422E+1	7,422E+1
84,324	74,220	68,340	7,422E+1	7,422E+1
84,524	73,950	68,490	7,422E+1	7,422E+1
84,724	73,950	68,490	7,422E+1	7,422E+1
84,925	73,950	68,490	7,422E+1	7,422E+1
85,125	74,150	68,440	7,395E+1	7,395E+1
85,325	74,150	68,440	7,395E+1	7,395E+1
85,526	74,150	68,440	7,395E+1	7,395E+1
85,726	74,150	68,440	7,415E+1	7,415E+1
85,927	74,150	68,440	7,415E+1	7,415E+1
86,127	74,150	68,440	7,415E+1	7,415E+1
86,327	74,290	68,460	7,415E+1	7,415E+1
86,527	74,290	68,460	7,415E+1	7,415E+1
86,728	74,290	68,460	7,429E+1	7,429E+1
86,928	74,290	68,460	7,429E+1	7,429E+1
87,130	74,290	68,460	7,429E+1	7,429E+1
87,329	74,160	68,440	7,429E+1	7,429E+1
87,530	74,160	68,440	7,429E+1	7,429E+1
87,730	74,160	68,440	7,429E+1	7,429E+1
87,931	74,160	68,440	7,416E+1	7,416E+1
88,132	74,160	68,440	7,416E+1	7,416E+1
88,332	74,160	68,440	7,416E+1	7,416E+1
88,532	74,150	68,450	7,416E+1	7,416E+1
88,732	74,150	68,450	7,416E+1	7,416E+1
88,932	74,150	68,450	7,415E+1	7,415E+1
89,132	74,150	68,450	7,415E+1	7,415E+1
89,332	74,150	68,450	7,415E+1	7,415E+1
89,533	74,030	68,300	7,415E+1	7,415E+1
89,733	74,030	68,300	7,415E+1	7,415E+1
89,933	74,030	68,300	7,415E+1	7,415E+1
90,133	74,030	68,300	7,403E+1	7,403E+1
90,333	74,030	68,300	7,403E+1	7,403E+1
90,533	74,030	68,410	7,403E+1	7,403E+1
90,733	74,030	68,410	7,403E+1	7,403E+1
90,934	74,030	68,410	7,403E+1	7,403E+1
91,133	74,030	68,410	7,403E+1	7,403E+1
91,334	74,030	68,410	7,403E+1	7,403E+1
91,533	74,030	68,410	7,403E+1	7,403E+1
91,734	74,030	68,410	7,403E+1	7,403E+1
91,934	74,040	68,300	7,403E+1	7,403E+1
92,133	74,040	68,300	7,404E+1	7,404E+1
92,335	74,040	68,300	7,404E+1	7,404E+1
92,535	74,040	68,300	7,404E+1	7,404E+1
92,735	76,080	70,240	7,404E+1	7,404E+1
92,936	76,080	70,240	7,608E+1	7,608E+1
93,136	76,080	70,240	7,608E+1	7,608E+1
93,336	76,080	70,240	7,608E+1	7,608E+1
93,535	76,080	70,240	7,608E+1	7,608E+1
93,736	77,930	72,060	7,608E+1	7,608E+1
93,936	77,930	72,060	7,608E+1	7,608E+1
94,136	77,930	72,060	7,793E+1	7,793E+1
94,336	77,930	72,060	7,793E+1	7,793E+1
94,536	77,930	72,060	7,793E+1	7,793E+1
94,736	78,790	72,990	7,793E+1	7,793E+1
94,936	78,790	72,990	7,793E+1	7,793E+1
95,136	78,790	72,990	7,879E+1	7,879E+1
95,338	78,790	72,990	7,879E+1	7,879E+1
95,538	78,790	72,990	7,879E+1	7,879E+1
95,738	78,840	72,840	7,879E+1	7,142E+1
95,938	78,840	72,840	7,879E+1	7,142E+1
96,138	78,840	72,840	7,879E+1	7,142E+1
96,338	78,840	72,840	7,715E+1	7,715E+1
96,537	78,840	72,840	7,715E+1	7,715E+1
96,738	78,840	72,840	7,715E+1	7,715E+1
96,938	78,840	72,840	7,884E+1	7,884E+1
97,138	78,840	72,840	7,884E+1	7,884E+1
97,338	78,840	72,840	7,884E+1	7,884E+1
97,539	78,790	72,830	7,884E+1	7,884E+1
97,739	78,790	72,830	7,884E+1	7,884E+1
97,939	78,790	72,830	7,884E+1	7,884E+1
98,140	78,790	72,830	7,879E+1	7,879E+1
98,339	78,790	72,830	7,879E+1	7,879E+1
98,541	78,790	72,830	7,879E+1	7,879E+1
98,741	78,800	73,030	7,879E+1	7,879E+1
98,942	78,800	73,030	7,879E+1	7,879E+1
99,142	78,800	73,030	7,880E+1	7,880E+1
99,342	78,800	73,030	7,880E+1	7,880E+1
99,543	78,800	73,030	7,880E+1	7,880E+1
99,743	78,670	72,910	7,880E+1	7,880E+1
99,943	78,670	72,910	7,880E+1	7,880E+1
100,143	78,670	72,910	7,880E+1	7,880E+1
100,343	78,670	72,910	7,867E+1	7,867E+1
100,544	78,670	72,910	7,867E+1	7,867E+1
100,744	78,770	72,920	7,867E+1	7,867E+1
100,944	78,770	72,920	7,867E+1	7,867E+1
101,144	78,770	72,920	7,877E+1	7,877E+1
101,345	78,770	72,920	7,877E+1	7,877E+1
101,545	78,770	72,920	7,877E+1	7,877E+1
101,745	78,770	72,920	7,877E+1	7,877E+1
101,945	78,770	72,920	7,877E+1	7,877E+1
102,146	78,740	72,860	7,877E+1	7,877E+1
102,346	78,740	72,860	7,874E+1	7,874E+1
102,546	78,740	72,860	7,874E+1	7,874E+1
102,746	78,740	72,860	7,874E+1	7,874E+1
102,946	78,740	72,860	7,874E+1	7,874E+1
103,146	78,620	72,810	7,874E+1	7,874E+1
103,347	78,620	72,810	7,862E+1	7,862E+1
103,547	78,620	72,810	7,862E+1	7,862E+1
103,748	78,620	72,810	7,862E+1	7,862E+1
103,949	78,620	72,810	7,862E+1	7,862E+1
104,149	78,880	73,080	7,862E+1	7,862E+1
104,348	78,880	73,080	7,862E+1	7,862E+1
104,549	78,880	73,080	7,888E+1	7,888E+1
104,749	78,880	73,080	7,888E+1	7,888E+1
104,950	78,540	72,680	7,888E+1	7,888E+1
105,149	78,540	72,680	7,854E+1	7,854E+1
105,349	78,540	72,680	7,854E+1	7,854E+1
105,549	78,540	72,680	7,854E+1	7,854E+1
105,749	78,540	72,680	7,854E+1	7,854E+1
105,950	78,740	72,890	7,854E+1	7,294E+1
106,150	78,740	72,890	7,854E+1	7,294E+1
106,351	78,740	72,890	7,854E+1	7,294E+1
106,551	78,740	72,890	7,870E+1	7,870E+1
106,751	78,740	72,890	7,870E+1	7,870E+1
106,952	78,740	72,890	7,874E+1	7,874E+1
107,153	78,740	72,890	7,874E+1	7,874E+1
107,353	78,740	72,890	7,874E+1	7,874E+1
107,553	46,180	41,520	7,874E+1	7,874E+1
107,753	46,180	41,520	7,874E+1	7,874E+1
107,954	46,180	41,520	4,618E+1	4,618E+1
108,154	46,180	41,520	4,618E+1	4,618E+1
108,354	46,180	41,520	4,618E+1	4,618E+1
108,555	46,180	41,520	4,618E+1	4,618E+1
108,755	44,700	39,920	4,618E+1	4,618E+1
108,955	44,700	39,920	4,618E+1	4,618E+1
109,155	44,700	39,920	4,470E+1	4,470E+1
109,355	44,700	39,920	4,470E+1	4,470E+1
109,555	44,700	39,920	4,470E+1	4,470E+1
109,755	43,860	39,390	4,470E+1	4,470E+1
109,956	43,860	39,390	4,470E+1	4,470E+1
110,156	43,860	39,390	4,386E+1	4,386E+1
110,356	43,860	39,390	4,386E+1	4,386E+1
110,556	43,860	39,390	4,386E+1	4,386E+1
110,757	43,910	39,220	4,386E+1	4,386E+1
110,958	43,910	39,220	4,386E+1	4,386E+1
111,158	43,910	39,220	4,391E+1	4,391E+1
111,358	43,910	39,220	4,391E+1	4,391E+1
111,558	43,910	39,220	4,391E+1	4,391E+1
111,758	44,120	39,290	4,391E+1	3,992E+1
111,959	44,120	39,290	4,391E+1	3,992E+1
112,159	44,120	39,290	4,391E+1	3,992E+1
112,359	44,120	39,290	4,456E+1	4,456E+1
112,559	44,120	39,290	4,456E+1	4,456E+1
112,760	44,120	39,290	4,412E+1	4,412E+1
112,960	44,120	39,290	4,412E+1	4,412E+1
113,160	44,120	39,290	4,412E+1	4,412E+1
113,360	44,120	39,290	4,412E+1	4,412E+1
113,561	44,120	39,290	4,412E+1	4,412E+1
113,761	43,640	39,180	4,412E+1	4,412E+1
113,962	43,640	39,180	4,364E+1	4,364E+1
114,163	43,640	39,180	4,364E+1	4,364E+1
114,363	43,640	39,180	4,364E+1	4,364E+1
114,564	43,640	39,180	4,364E+1	4,364E+1
114,764	43,790	39,130	4,364E+1	4,364E+1
114,965	43,790	39,130	4,379E+1	4,379E+1
115,165	43,790	39,130	4,379E+1	4,379E+1
115,365	43,790	39,130	4,379E+1	4,379E+1
115,566	43,790	39,130	4,379E+1	4,379E+1
115,766	43,950	39,360	4,379E+1	4,379E+1
115,966	43,950	39,360	4,395E+1	4,395E+1
116,166	43,950	39,360	4,395E+1	4,395E+1
116,366	43,950	39,360	4,395E+1	4,395E+1
116,566	43,520	39,190	4,395E+1	4,395E+1
116,766	43,520	39,190	4,395E+1	4,395E+1
116,966	43,520	39,190	4,352E+1	4,352E+1
117,165	43,520	39,190	4,352E+1	4,352E+1
117,367	43,520	39,190	4,352E+1	4,352E+1
117,567	43,520	39,190	4,352E+1	4,352E+1
117,767	43,590	39,220	4,352E+1	3,928E+1
117,967	43,590	39,220	4,352E+1	3,928E+1
118,167	43,590	39,220	4,377E+1	4,377E+1
118,367	43,590	39,220	4,377E+1	4,377E+1
118,567	43,590	39,220	4,359E+1	4,359E+1
118,768	43,590	39,220	4,359E+1	4,359E+1
118,969	43,590	39,220	4,359E+1	4,359E+1
119,169	43,590	39,220	4,359E+1	4,359E+1
119,369	43,590	39,220	4,359E+1	4,359E+1
119,570	43,690	39,210	4,359E+1	4,359E+1
119,770	43,690	39,210	4,359E+1	4,359E+1
119,971	43,690	39,210	4,369E+1	4,369E+1
120,172	43,690	39,210	4,369E+1	4,369E+1
120,372	43,690	39,210	4,369E+1	4,369E+1
120,573	43,820	39,180	4,369E+1	4,369E+1
120,773	43,820	39,180	4,369E+1	4,369E+1
120,973	43,820	39,180	4,382E+1	4,382E+1
121,174	43,820	39,180	4,382E+1	4,382E+1
121,374	43,820	39,180	4,382E+1	4,382E+1
121,574	43,870	39,300	4,382E+1	4,382E+1
121,776	43,870	39,300	4,382E+1	4,382E+1
121,977	43,870	39,300	4,387E+1	4,387E+1
122,177	43,870	39,300	4,387E+1	4,387E+1
122,376	44,510	39,250	4,387E+1	4,387E+1
122,577	44,510	39,250	4,387E+1	4,387E+1
122,777	44,510	39,250	4,451E+1	4,451E+1
122,978	44,510	39,250	4,451E+1	4,451E+1
123,178	44,510	39,250	4,451E+1	4,451E+1
123,378	44,510	39,250	4,451E+1	4,451E+1
123,578	43,560	39,110	4,451E+1	3,926E+1
123,778	43,560	39,110	4,451E+1	3,926E+1
123,978	43,560	39,110	4,395E+1	4,395E+1
124,178	43,560	39,110	4,395E+1	4,395E+1
124,378	43,560	39,110	4,356E+1	4,356E+1
124,578	43,560	39,110	4,356E+1	4,356E+1
124,778	43,560	39,110	4,356E+1	4,356E+1
124,978	43,560	39,110	4,356E+1	4,356E+1
125,179	43,560	39,110	4,356E+1	4,356E+1
125,380	46,730	41,870	4,356E+1	4,356E+1
125,580	46,730	41,870	4,673E+1	4,673E+1
125,780	46,730	41,870	4,673E+1	4,673E+1
125,980	46,730	41,870	4,673E+1	4,673E+1
126,180	46,730	41,870	4,673E+1	4,673E+1
126,380	48,390	43,840	4,673E+1	4,673E+1
126,580	48,390	43,840	4,673E+1	4,673E+1
126,780	48,390	43,840	4,839E+1	4,839E+1
126,981	48,390	43,840	4,839E+1	4,839E+1
127,181	49,020	44,620	4,839E+1	4,839E+1
127,381	49,020	44,620	4,902E+1	4,902E+1
127,581	49,020	44,620	4,902E+1	4,902E+1
127,781	49,020	44,620	4,902E+1	4,902E+1
127,982	49,020	44,620	4,902E+1	4,902E+1
128,183	49,080	44,550	4,902E+1	4,902E+1
128,384	49,080	44,550	4,908E+1	4,908E+1
128,585	49,080	44,550	4,908E+1	4,908E+1
128,786	49,080	44,550	4,908E+1	4,908E+1
128,986	49,080	44,550	4,908E+1	4,908E+1
129,186	49,080	44,550	4,908E+1	4,395E+1
129,386	49,080	44,550	4,908E+1	4,395E+1
129,586	49,440	44,590	4,856E+1	4,856E+1
129,786	49,440	44,590	4,856E+1	4,856E+1
129,986	49,440	44,590	4,944E+1	4,944E+1
130,186	49,440	44,590	4,944E+1	4,944E+1
130,386	49,440	44,590	4,944E+1	4,944E+1
130,586	49,440	44,590	4,944E+1	4,944E+1
130,786	49,440	44,590	4,944E+1	4,944E+1
130,988	49,420	44,470	4,944E+1	4,944E+1
131,187	49,420	44,470	4,944E+1	4,944E+1
131,387	49,420	44,470	4,942E+1	4,942E+1
131,587	49,420	44,470	4,942E+1	4,942E+1
131,788	49,420	44,470	4,942E+1	4,942E+1
131,988	48,940	44,380	4,942E+1	4,942E+1
132,189	48,940	44,380	4,942E+1	4,942E+1
132,389	48,940	44,380	4,894E+1	4,894E+1
132,589	48,940	44,380	4,894E+1	4,894E+1
132,789	48,940	44,380	4,894E+1	4,894E+1
132,989	49,330	44,450	4,894E+1	4,894E+1
133,188	49,330	44,450	4,894E+1	4,894E+1
133,391	49,330	44,450	4,933E+1	4,933E+1
133,590	49,330	44,450	4,933E+1	4,933E+1
133,790	49,330	44,450	4,933E+1	4,933E+1
133,990	49,090	44,520	4,933E+1	4,933E+1
134,191	49,090	44,520	4,933E+1	4,933E+1
134,391	49,090	44,520	4,909E+1	4,909E+1
134,591	49,090	44,520	4,909E+1	4,909E+1
134,791	49,090	44,520	4,909E+1	4,909E+1
134,991	48,920	44,410	4,909E+1	4,452E+1
135,191	48,920	44,410	4,909E+1	4,452E+1
135,391	48,920	44,410	4,909E+1	4,452E+1
135,592	48,920	44,410	4,919E+1	4,919E+1
135,792	48,920	44,410	4,892E+1	4,892E+1
135,992	48,920	44,410	4,892E+1	4,892E+1
136,192	48,920	44,410	4,892E+1	4,892E+1
136,392	48,920	44,410	4,892E+1	4,892E+1
136,593	48,920	44,410	4,892E+1	4,892E+1
136,793	48,920	44,410	4,892E+1	4,892E+1
136,993	48,560	44,390	4,892E+1	4,892E+1
137,193	48,560	44,390	4,856E+1	4,856E+1
137,393	48,560	44,390	4,856E+1	4,856E+1
137,594	48,560	44,390	4,856E+1	4,856E+1
137,793	48,560	44,390	4,856E+1	4,856E+1
137,994	49,600	44,370	4,856E+1	4,856E+1
138,194	49,600	44,370	4,856E+1	4,856E+1
138,394	49,600	44,370	4,960E+1	4,960E+1
138,595	49,600	44,370	4,960E+1	4,960E+1
138,795	30,960	27,010	4,960E+1	4,960E+1
138,995	30,960	27,010	3,096E+1	3,096E+1
139,195	30,960	27,010	3,096E+1	3,096E+1
139,395	30,960	27,010	3,096E+1	3,096E+1
139,595	30,960	27,010	3,096E+1	3,096E+1
139,797	16,840	12,600	3,096E+1	3,096E+1
139,998	16,840	12,600	1,684E+1	1,684E+1
140,198	16,840	12,600	1,684E+1	1,684E+1
140,398	16,840	12,600	1,684E+1	1,684E+1
140,598	16,840	12,600	1,684E+1	2,816E+1
140,798	16,840	12,600	1,684E+1	2,816E+1
140,998	16,840	12,600	1,684E+1	2,816E+1
141,198	16,260	12,380	3,241E+1	3,241E+1
141,399	16,260	12,380	1,626E+1	1,626E+1
141,599	16,260	12,380	1,626E+1	1,626E+1
141,800	16,260	12,380	1,626E+1	1,626E+1
142,000	16,260	12,380	1,626E+1	1,626E+1
142,200	16,260	12,380	1,626E+1	1,626E+1
142,400	16,670	12,510	1,626E+1	1,626E+1
142,600	16,670	12,510	1,667E+1	1,667E+1
142,800	16,670	12,510	1,667E+1	1,667E+1
143,000	16,670	12,510	1,667E+1	1,667E+1
143,200	16,670	12,510	1,667E+1	1,667E+1
143,400	16,040	12,410	1,667E+1	1,667E+1
143,601	16,040	12,410	1,604E+1	1,604E+1
143,802	16,040	12,410	1,604E+1	1,604E+1
144,002	16,040	12,410	1,604E+1	1,604E+1
144,202	16,040	12,410	1,604E+1	1,604E+1
144,402	16,040	12,410	1,604E+1	1,604E+1
144,602	16,500	12,490	1,604E+1	1,604E+1
144,802	16,500	12,490	1,604E+1	1,604E+1
145,004	16,500	12,490	1,650E+1	1,650E+1
145,203	16,500	12,490	1,650E+1	1,650E+1
145,403	7,830	4,940	1,650E+1	1,650E+1
145,603	7,830	4,940	1,650E+1	1,650E+1
145,804	7,830	4,940	7,830E+0	7,830E+0
146,005	7,830	4,940	7,830E+0	7,830E+0
146,205	7,830	4,940	7,830E+0	7,830E+0
146,406	7,830	4,940	7,830E+0	7,830E+0
146,606	0,750	0,000	7,830E+0	8,464E+0
146,806	0,750	0,000	7,830E+0	8,464E+0
147,006	0,750	0,000	1,148E+1	1,148E+1
147,207	0,750	0,000	1,148E+1	1,148E+1
147,407	0,750	0,000	7,500E-1	7,500E-1
147,608	0,750	0,000	7,500E-1	7,500E-1
147,808	0,750	0,000	7,500E-1	7,500E-1
148,009	0,750	0,000	7,500E-1	7,500E-1
148,209	0,750	0,000	7,500E-1	7,500E-1
148,409	1,000	0,000	7,500E-1	7,500E-1
148,610	1,000	0,000	1,000E+0	1,000E+0
148,811	1,000	0,000	1,000E+0	1,000E+0
149,012	1,000	0,000	1,000E+0	1,000E+0
149,213	1,310	0,000	1,000E+0	1,000E+0
149,413	1,310	0,000	1,000E+0	1,000E+0
149,613	1,310	0,000	1,310E+0	1,310E+0
149,814	1,310	0,000	1,310E+0	1,310E+0
150,014	1,310	0,000	1,310E+0	1,310E+0
150,215	0,910	0,000	1,310E+0	1,310E+0
150,415	0,910	0,000	1,310E+0	1,310E+0
150,615	0,910	0,000	9,100E-1	9,100E-1
150,815	0,910	0,000	9,100E-1	9,100E-1
151,016	0,910	0,000	9,100E-1	9,100E-1
151,217	1,700	0,000	9,100E-1	9,100E-1
151,418	1,700	0,000	9,100E-1	9,100E-1
