t	IF	IR	VF	VR
0,000	0,000	0,075	0,000E+0	1,700E+1
0,002	0,000	0,075	3,000E-1	1,700E+1
0,202	0,000	0,075	3,000E-1	1,700E+1
0,401	0,000	0,075	3,000E-1	1,700E+1
0,602	0,000	0,075	3,000E-1	1,700E+1
0,803	0,000	0,075	3,000E-1	1,700E+1
1,003	0,000	0,075	3,000E-1	1,700E+1
1,203	0,000	0,075	3,000E-1	1,700E+1
1,405	0,000	0,075	3,000E-1	1,700E+1
1,605	0,000	0,075	3,000E-1	1,700E+1
1,805	0,000	0,075	3,000E-1	1,700E+1
2,007	0,000	0,075	3,000E-1	1,700E+1
2,208	0,000	0,075	3,000E-1	1,700E+1
2,408	0,000	0,075	3,000E-1	1,700E+1
2,608	0,000	0,075	3,000E-1	1,700E+1
2,810	0,000	0,075	3,000E-1	1,700E+1
3,012	0,000	0,075	3,000E-1	1,700E+1
3,214	0,000	0,075	3,000E-1	1,700E+1
3,414	0,000	0,075	3,000E-1	1,700E+1
3,614	0,000	0,075	3,000E-1	1,700E+1
3,815	0,000	0,075	3,000E-1	1,700E+1
4,015	0,000	0,075	3,000E-1	1,700E+1
4,215	0,000	0,075	3,000E-1	1,700E+1
4,415	0,000	0,075	3,000E-1	1,700E+1
4,615	0,000	0,075	3,000E-1	1,700E+1
4,817	0,000	0,075	3,000E-1	1,700E+1
5,018	0,000	0,075	3,000E-1	1,700E+1
5,217	0,000	0,075	3,000E-1	1,700E+1
5,418	0,000	0,075	3,000E-1	1,700E+1
5,617	0,000	0,075	3,000E-1	1,700E+1
5,820	0,000	0,075	3,000E-1	1,700E+1
6,019	0,000	0,075	3,000E-1	1,700E+1
6,219	0,000	0,075	3,000E-1	1,700E+1
6,421	0,000	0,075	3,000E-1	1,700E+1
6,621	0,000	0,075	3,000E-1	1,700E+1
6,822	0,000	0,075	3,000E-1	1,700E+1
7,023	0,000	0,075	3,000E-1	1,700E+1
7,223	0,000	0,075	3,000E-1	1,700E+1
7,423	0,000	0,075	3,000E-1	1,700E+1
7,622	0,000	0,075	3,000E-1	1,700E+1
7,822	0,000	0,075	3,000E-1	1,700E+1
8,023	0,000	0,075	3,000E-1	1,700E+1
8,224	0,000	0,075	3,000E-1	1,700E+1
8,424	0,000	0,075	3,000E-1	1,700E+1
8,625	0,000	0,075	3,000E-1	1,700E+1
8,825	0,000	0,075	3,000E-1	1,700E+1
9,027	0,000	0,075	3,000E-1	1,700E+1
9,228	0,000	0,075	3,000E-1	1,700E+1
9,430	0,000	0,075	3,000E-1	1,700E+1
9,630	0,000	0,075	3,000E-1	1,700E+1
9,832	0,000	0,075	3,000E-1	1,700E+1
10,032	0,000	0,075	3,000E-1	1,700E+1
10,233	0,000	0,075	3,000E-1	1,700E+1
10,433	0,000	0,075	3,000E-1	1,700E+1
10,635	0,000	0,075	3,000E-1	1,700E+1
10,835	0,000	0,075	3,000E-1	1,700E+1
11,036	0,000	0,075	3,000E-1	1,700E+1
11,235	0,000	0,075	3,000E-1	1,700E+1
11,435	0,000	0,075	3,000E-1	1,700E+1
11,636	0,000	0,075	3,000E-1	1,700E+1
11,837	0,000	0,075	3,000E-1	1,700E+1
12,039	0,000	0,075	3,000E-1	1,700E+1
12,239	0,000	0,075	3,000E-1	1,700E+1
12,439	0,000	0,075	3,000E-1	1,700E+1
12,640	0,000	0,075	3,000E-1	1,700E+1
12,840	0,000	0,075	3,000E-1	1,700E+1
13,041	0,000	0,075	3,000E-1	1,700E+1
13,240	0,000	0,075	3,000E-1	1,700E+1
13,442	0,000	0,075	3,000E-1	1,700E+1
13,641	0,000	0,075	3,000E-1	1,700E+1
13,843	0,000	0,075	3,000E-1	1,700E+1
14,043	0,000	0,075	3,000E-1	1,700E+1
14,245	0,000	0,075	3,000E-1	1,700E+1
14,447	0,000	0,075	3,000E-1	1,700E+1
14,646	0,000	0,075	3,000E-1	1,700E+1
14,848	0,000	0,075	3,000E-1	1,700E+1
15,048	0,000	0,075	3,000E-1	1,700E+1
15,249	0,000	0,075	3,000E-1	1,700E+1
15,449	0,000	0,075	3,000E-1	1,700E+1
15,649	0,000	0,075	3,000E-1	1,700E+1
15,850	0,000	0,075	3,000E-1	1,700E+1
16,051	0,000	0,075	3,000E-1	1,700E+1
16,251	0,000	0,075	3,000E-1	1,700E+1
16,450	0,000	0,075	3,000E-1	1,700E+1
16,651	0,000	0,075	3,000E-1	1,700E+1
16,852	0,000	0,075	3,000E-1	1,700E+1
17,052	0,000	0,075	3,000E-1	1,700E+1
17,251	0,000	0,075	3,000E-1	1,700E+1
17,452	0,000	0,075	3,000E-1	1,700E+1
17,651	0,000	0,075	3,000E-1	1,700E+1
17,851	0,000	0,075	3,000E-1	1,700E+1
18,052	0,000	0,075	3,000E-1	1,700E+1
18,252	0,000	0,075	3,000E-1	1,700E+1
18,451	0,000	0,075	3,000E-1	1,700E+1
18,652	0,000	0,075	3,000E-1	1,700E+1
18,852	0,000	0,075	3,000E-1	1,700E+1
19,053	0,000	0,075	3,000E-1	1,700E+1
19,254	0,000	0,075	3,000E-1	1,700E+1
19,454	0,000	0,075	3,000E-1	1,700E+1
19,655	0,000	0,075	3,000E-1	1,700E+1
19,857	0,000	0,075	3,000E-1	1,700E+1
20,056	0,000	0,075	3,000E-1	1,700E+1
20,257	0,000	0,075	3,000E-1	1,700E+1
20,458	0,000	0,075	3,000E-1	1,700E+1
20,659	0,000	0,075	3,000E-1	1,700E+1
20,861	0,000	0,075	3,000E-1	1,700E+1
21,061	0,000	0,075	3,000E-1	1,700E+1
21,261	0,000	0,075	3,000E-1	1,700E+1
21,463	0,000	0,075	3,000E-1	1,700E+1
21,663	0,000	0,075	3,000E-1	1,700E+1
21,864	0,000	0,075	3,000E-1	1,700E+1
22,063	0,000	0,075	3,000E-1	1,700E+1
22,264	0,000	0,075	3,000E-1	1,700E+1
22,463	0,000	0,075	3,000E-1	1,700E+1
22,665	0,000	0,075	3,000E-1	1,700E+1
22,864	0,000	0,075	3,000E-1	1,700E+1
23,064	0,000	0,075	3,000E-1	1,700E+1
23,264	0,000	0,075	3,000E-1	1,700E+1
23,466	0,000	0,075	3,000E-1	1,700E+1
23,668	0,000	0,075	3,000E-1	1,700E+1
23,870	0,000	0,075	3,000E-1	1,700E+1
24,070	0,000	0,075	3,000E-1	1,700E+1
24,271	0,000	0,075	3,000E-1	1,700E+1
24,472	0,000	0,075	3,000E-1	1,700E+1
24,672	0,000	0,075	3,000E-1	1,700E+1
24,873	0,000	0,075	3,000E-1	1,700E+1
25,073	0,000	0,075	3,000E-1	1,700E+1
25,274	0,000	0,075	3,000E-1	1,700E+1
25,474	0,000	0,075	3,000E-1	1,700E+1
25,674	0,000	0,075	3,000E-1	1,700E+1
25,874	0,000	0,075	3,000E-1	1,700E+1
26,074	0,000	0,075	3,000E-1	1,700E+1
26,275	0,000	0,075	3,000E-1	1,700E+1
26,476	0,000	0,075	3,000E-1	1,700E+1
26,675	0,000	0,075	3,000E-1	1,700E+1
26,877	0,000	0,075	3,000E-1	1,700E+1
27,077	0,000	0,075	3,000E-1	1,700E+1
27,279	0,000	0,075	3,000E-1	1,700E+1
27,480	0,000	0,075	3,000E-1	1,700E+1
27,679	0,000	0,075	3,000E-1	1,700E+1
27,880	0,000	0,075	3,000E-1	1,700E+1
28,079	0,000	0,075	3,000E-1	1,700E+1
28,279	0,000	0,075	3,000E-1	1,700E+1
28,481	0,000	0,075	3,000E-1	1,700E+1
28,680	0,000	0,075	3,000E-1	1,700E+1
28,880	0,000	0,075	3,000E-1	1,700E+1
29,082	0,000	0,075	3,000E-1	1,700E+1
29,282	0,000	0,075	3,000E-1	1,700E+1
29,482	0,000	0,075	3,000E-1	1,700E+1
29,684	0,000	0,075	3,000E-1	1,700E+1
29,884	0,000	0,075	3,000E-1	1,700E+1
30,084	0,000	0,075	3,000E-1	1,700E+1
30,285	0,000	0,075	3,000E-1	1,700E+1
30,484	0,000	0,075	3,000E-1	1,700E+1
30,684	0,000	0,075	3,000E-1	1,700E+1
30,885	0,000	0,075	3,000E-1	1,700E+1
31,085	0,000	0,075	3,000E-1	1,700E+1
31,286	0,000	0,075	3,000E-1	1,700E+1
31,487	0,000	0,075	3,000E-1	1,700E+1
31,687	0,000	0,075	3,000E-1	1,700E+1
31,887	0,000	0,075	3,000E-1	1,700E+1
32,087	0,000	0,075	3,000E-1	1,700E+1
32,287	0,000	0,075	3,000E-1	1,700E+1
32,488	0,000	0,075	3,000E-1	1,700E+1
32,688	0,000	0,075	3,000E-1	1,700E+1
32,889	0,000	0,075	3,000E-1	1,700E+1
33,090	0,000	0,075	3,000E-1	1,700E+1
33,289	0,000	0,075	3,000E-1	1,700E+1
33,489	0,000	0,075	3,000E-1	1,700E+1
33,689	0,000	0,075	3,000E-1	1,700E+1
33,890	0,000	0,075	3,000E-1	1,700E+1
34,089	0,000	0,075	3,000E-1	1,700E+1
34,289	0,000	0,075	3,000E-1	1,700E+1
34,490	0,000	0,075	3,000E-1	1,700E+1
34,690	0,000	0,075	3,000E-1	1,700E+1
34,891	0,000	0,075	3,000E-1	1,700E+1
35,091	0,000	0,075	3,000E-1	1,700E+1
35,290	0,000	0,075	3,000E-1	1,700E+1
35,492	0,000	0,075	3,000E-1	1,700E+1
35,692	0,000	0,075	3,000E-1	1,700E+1
35,891	0,000	0,075	3,000E-1	1,700E+1
36,091	0,000	0,075	3,000E-1	1,700E+1
36,293	0,000	0,075	3,000E-1	1,700E+1
36,493	0,000	0,075	3,000E-1	1,700E+1
36,693	0,000	0,075	3,000E-1	1,700E+1
36,892	0,000	0,075	3,000E-1	1,700E+1
37,094	0,000	0,075	3,000E-1	1,700E+1
37,295	0,000	0,075	3,000E-1	1,700E+1
37,495	0,000	0,075	3,000E-1	1,700E+1
37,695	0,000	0,075	3,000E-1	1,700E+1
37,895	0,000	0,075	3,000E-1	1,700E+1
38,095	0,000	0,075	3,000E-1	1,700E+1
38,296	0,000	0,075	3,000E-1	1,700E+1
38,499	0,000	0,075	3,000E-1	1,700E+1
38,698	0,000	0,075	3,000E-1	1,700E+1
38,900	0,000	0,075	3,000E-1	1,700E+1
39,100	0,000	0,075	3,000E-1	1,700E+1
39,301	0,000	0,075	3,000E-1	1,700E+1
39,501	0,000	0,075	3,000E-1	1,700E+1
39,701	0,000	0,075	3,000E-1	1,700E+1
39,901	0,000	0,075	3,000E-1	1,700E+1
40,102	0,000	0,075	3,000E-1	1,700E+1
40,304	0,000	0,075	3,000E-1	1,700E+1
40,504	0,000	0,075	3,000E-1	1,700E+1
40,705	0,000	0,075	3,000E-1	1,700E+1
40,907	0,000	0,075	3,000E-1	1,700E+1
41,107	0,000	0,075	3,000E-1	1,700E+1
41,308	0,000	0,075	3,000E-1	1,700E+1
41,510	0,000	0,075	3,000E-1	1,700E+1
41,710	0,000	0,075	3,000E-1	1,700E+1
41,911	0,000	0,075	3,000E-1	1,700E+1
42,111	0,000	0,075	3,000E-1	1,700E+1
42,310	0,000	0,075	3,000E-1	1,700E+1
42,512	0,000	0,075	3,000E-1	1,700E+1
42,714	0,000	0,075	3,000E-1	1,700E+1
42,914	0,000	0,075	3,000E-1	1,700E+1
43,114	0,000	0,075	3,000E-1	1,700E+1
43,315	0,000	0,075	3,000E-1	1,700E+1
43,515	0,000	0,075	3,000E-1	1,700E+1
43,715	0,000	0,075	3,000E-1	1,700E+1
43,915	0,000	0,075	3,000E-1	1,700E+1
44,116	0,000	0,075	3,000E-1	1,700E+1
44,317	0,000	0,075	3,000E-1	1,700E+1
44,518	0,000	0,075	3,000E-1	1,700E+1
44,718	0,000	0,075	3,000E-1	1,700E+1
44,919	0,000	0,075	3,000E-1	1,700E+1
45,118	0,000	0,075	3,000E-1	1,700E+1
45,319	0,000	0,075	3,000E-1	1,700E+1
45,522	0,000	0,075	3,000E-1	1,700E+1
45,724	0,000	0,075	3,000E-1	1,700E+1
45,925	0,000	0,075	3,000E-1	1,700E+1
46,124	0,000	0,075	3,000E-1	1,700E+1
46,324	0,000	0,075	3,000E-1	1,700E+1
46,525	0,000	0,075	3,000E-1	1,700E+1
46,726	0,000	0,075	3,000E-1	1,700E+1
46,926	0,000	0,075	3,000E-1	1,700E+1
47,127	0,000	0,075	3,000E-1	1,700E+1
47,328	0,000	0,075	3,000E-1	1,700E+1
47,529	0,000	0,075	3,000E-1	1,700E+1
47,729	0,000	0,075	3,000E-1	1,700E+1
47,929	0,000	0,075	3,000E-1	1,700E+1
48,130	0,000	0,075	3,000E-1	1,700E+1
48,329	0,000	0,075	3,000E-1	1,700E+1
48,530	0,000	0,075	3,000E-1	1,700E+1
48,729	0,000	0,075	3,000E-1	1,700E+1
48,930	0,000	0,075	3,000E-1	1,700E+1
49,130	0,000	0,075	3,000E-1	1,700E+1
49,330	0,000	0,075	3,000E-1	1,700E+1
49,530	0,000	0,075	3,000E-1	1,700E+1
49,731	0,000	0,075	3,000E-1	1,700E+1
49,931	0,000	0,075	3,000E-1	1,700E+1
50,131	0,000	0,075	3,000E-1	1,700E+1
50,332	0,000	0,075	3,000E-1	1,700E+1
50,532	0,000	0,075	3,000E-1	1,700E+1
50,732	0,000	0,075	3,000E-1	1,700E+1
50,934	0,000	0,075	3,000E-1	1,700E+1
51,133	0,000	0,075	3,000E-1	1,700E+1
51,334	0,000	0,075	3,000E-1	1,700E+1
51,534	0,000	0,075	3,000E-1	1,700E+1
51,733	0,000	0,075	3,000E-1	1,700E+1
51,935	0,000	0,075	3,000E-1	1,700E+1
52,134	0,000	0,075	3,000E-1	1,700E+1
52,334	0,000	0,075	3,000E-1	1,700E+1
52,534	0,000	0,075	3,000E-1	1,700E+1
52,734	0,000	0,075	3,000E-1	1,700E+1
52,935	0,000	0,075	3,000E-1	1,700E+1
53,134	0,000	0,075	3,000E-1	1,700E+1
53,335	0,000	0,075	3,000E-1	1,700E+1
53,537	0,000	0,075	3,000E-1	1,700E+1
53,737	0,000	0,075	3,000E-1	1,700E+1
53,937	0,000	0,075	3,000E-1	1,700E+1
54,138	0,000	0,075	3,000E-1	1,700E+1
54,339	0,000	0,075	3,000E-1	1,700E+1
54,539	0,000	0,075	3,000E-1	1,700E+1
54,739	0,000	0,075	3,000E-1	1,700E+1
54,941	0,000	0,075	3,000E-1	1,700E+1
55,141	0,000	0,075	3,000E-1	1,700E+1
55,343	0,000	0,075	3,000E-1	1,700E+1
55,544	0,000	0,075	3,000E-1	1,700E+1
55,743	0,000	0,075	3,000E-1	1,700E+1
55,946	0,000	0,075	3,000E-1	1,700E+1
56,145	0,000	0,075	3,000E-1	1,700E+1
56,346	0,000	0,075	3,000E-1	1,700E+1
56,546	0,000	0,075	3,000E-1	1,700E+1
56,745	0,000	0,075	3,000E-1	1,700E+1
56,946	0,000	0,075	3,000E-1	1,700E+1
57,146	0,000	0,075	3,000E-1	1,700E+1
57,346	0,000	0,075	3,000E-1	1,700E+1
57,547	0,000	0,075	3,000E-1	1,700E+1
57,748	0,000	0,075	3,000E-1	1,700E+1
57,948	0,000	0,075	3,000E-1	1,700E+1
58,148	0,000	0,075	3,000E-1	1,700E+1
58,348	0,000	0,075	3,000E-1	1,700E+1
58,550	0,000	0,075	3,000E-1	1,700E+1
58,750	0,000	0,075	3,000E-1	1,700E+1
58,949	0,000	0,075	3,000E-1	1,700E+1
59,150	0,000	0,075	3,000E-1	1,700E+1
59,350	0,000	0,075	3,000E-1	1,700E+1
59,550	0,000	0,075	3,000E-1	1,700E+1
59,751	0,000	0,075	3,000E-1	1,700E+1
59,952	0,000	0,075	3,000E-1	1,700E+1
60,153	0,000	0,075	3,000E-1	1,700E+1
60,354	0,000	0,075	3,000E-1	1,700E+1
60,555	0,000	0,075	3,000E-1	1,700E+1
60,755	0,000	0,075	3,000E-1	1,700E+1
60,957	0,000	0,075	3,000E-1	1,700E+1
61,156	0,000	0,075	3,000E-1	1,700E+1
61,358	0,000	0,075	3,000E-1	1,700E+1
61,560	0,000	0,075	3,000E-1	1,700E+1
61,761	0,000	0,075	3,000E-1	1,700E+1
61,961	0,000	0,075	3,000E-1	1,700E+1
62,161	0,000	0,075	3,000E-1	1,700E+1
62,361	0,000	0,075	3,000E-1	1,700E+1
62,560	0,000	0,075	3,000E-1	1,700E+1
62,761	0,000	0,075	3,000E-1	1,700E+1
62,962	0,000	0,075	3,000E-1	1,700E+1
63,162	0,000	0,075	3,000E-1	1,700E+1
63,362	0,000	0,075	3,000E-1	1,700E+1
63,564	0,000	0,075	3,000E-1	1,700E+1
63,764	0,000	0,075	3,000E-1	1,700E+1
63,964	0,000	0,075	3,000E-1	1,700E+1
64,165	0,000	0,075	3,000E-1	1,700E+1
64,367	0,000	0,075	3,000E-1	1,700E+1
64,567	0,000	0,075	3,000E-1	1,700E+1
64,768	0,000	0,075	3,000E-1	1,700E+1
64,968	0,000	0,075	3,000E-1	1,700E+1
65,168	0,000	0,075	3,000E-1	1,700E+1
65,369	0,000	0,075	3,000E-1	1,700E+1
65,569	0,000	0,075	3,000E-1	1,700E+1
65,770	0,000	0,075	3,000E-1	1,700E+1
65,969	0,000	0,075	3,000E-1	1,700E+1
66,169	0,000	0,075	3,000E-1	1,700E+1
66,371	0,000	0,075	3,000E-1	1,700E+1
66,573	0,000	0,075	3,000E-1	1,700E+1
66,773	0,000	0,075	3,000E-1	1,700E+1
66,974	0,000	0,075	3,000E-1	1,700E+1
67,175	0,000	0,075	3,000E-1	1,700E+1
67,374	0,000	0,075	3,000E-1	1,700E+1
67,574	0,000	0,075	3,000E-1	1,700E+1
67,775	0,000	0,075	3,000E-1	1,700E+1
67,975	0,000	0,075	3,000E-1	1,700E+1
68,175	0,000	0,075	3,000E-1	1,700E+1
68,375	0,000	0,075	3,000E-1	1,700E+1
68,576	0,000	0,075	3,000E-1	1,700E+1
68,777	0,000	0,075	3,000E-1	1,700E+1
68,979	0,000	0,075	3,000E-1	1,700E+1
69,178	0,000	0,075	3,000E-1	1,700E+1
69,379	0,000	0,075	3,000E-1	1,700E+1
69,579	0,000	0,075	3,000E-1	1,700E+1
69,780	0,000	0,075	3,000E-1	1,700E+1
69,982	0,000	0,075	3,000E-1	1,700E+1
70,181	0,000	0,075	3,000E-1	1,700E+1
70,382	0,000	0,075	3,000E-1	1,700E+1
70,583	0,000	0,075	3,000E-1	1,700E+1
70,784	0,000	0,075	3,000E-1	1,700E+1
70,986	0,000	0,075	3,000E-1	1,700E+1
71,185	0,000	0,075	3,000E-1	1,700E+1
71,386	0,000	0,075	3,000E-1	1,700E+1
71,587	0,000	0,075	3,000E-1	1,700E+1
71,788	0,000	0,075	3,000E-1	1,700E+1
71,989	0,000	0,075	3,000E-1	1,700E+1
72,189	0,000	0,075	3,000E-1	1,700E+1
72,389	0,000	0,075	3,000E-1	1,700E+1
72,590	0,000	0,150	3,000E-1	1,700E+1
72,791	0,000	0,150	3,000E-1	1,700E+1
72,991	0,000	0,150	3,000E-1	1,700E+1
73,191	0,000	0,150	3,000E-1	1,700E+1
73,392	0,000	0,150	3,000E-1	1,700E+1
73,593	0,000	0,150	3,000E-1	1,700E+1
73,794	0,000	0,150	3,000E-1	1,700E+1
73,994	0,000	0,150	3,000E-1	1,700E+1
74,194	0,000	0,150	3,000E-1	1,700E+1
74,394	0,000	0,150	3,000E-1	1,700E+1
74,595	0,000	0,150	3,000E-1	1,700E+1
74,796	0,000	0,150	3,000E-1	1,700E+1
74,996	0,044	0,150	3,000E-1	1,700E+1
75,197	0,150	0,150	1,522E+1	1,700E+1
75,397	0,150	0,150	1,522E+1	1,700E+1
75,599	0,150	0,150	9,140E+0	1,700E+1
75,800	0,150	0,150	9,130E+0	1,700E+1
76,002	0,150	0,150	9,130E+0	1,700E+1
76,202	0,150	0,150	9,130E+0	1,700E+1
76,402	0,150	0,150	9,130E+0	1,700E+1
76,603	0,150	0,150	9,130E+0	1,700E+1
76,804	0,150	0,150	9,140E+0	1,700E+1
77,004	0,150	0,150	9,140E+0	1,700E+1
77,204	0,150	0,150	9,130E+0	1,700E+1
77,404	0,150	0,150	9,140E+0	1,700E+1
77,606	0,150	0,150	9,140E+0	1,700E+1
77,805	0,150	0,150	9,130E+0	1,700E+1
78,008	0,150	0,150	9,140E+0	1,700E+1
78,208	0,150	0,150	9,140E+0	1,700E+1
78,408	0,150	0,150	9,140E+0	1,700E+1
78,610	0,150	0,150	9,140E+0	1,700E+1
78,810	0,150	0,150	9,140E+0	1,700E+1
79,010	0,150	0,150	9,140E+0	1,700E+1
79,210	0,150	0,150	9,140E+0	1,700E+1
79,410	0,150	0,150	9,140E+0	1,700E+1
79,611	0,150	0,150	9,140E+0	1,700E+1
79,812	0,150	0,150	9,140E+0	1,700E+1
80,012	0,150	0,150	9,140E+0	1,700E+1
80,212	0,150	0,150	9,140E+0	1,700E+1
80,412	0,150	0,150	9,140E+0	1,700E+1
80,613	0,150	0,150	9,140E+0	1,700E+1
80,814	0,150	0,150	9,140E+0	1,700E+1
81,016	0,150	0,150	9,140E+0	1,700E+1
81,216	0,150	0,150	9,140E+0	1,700E+1
81,418	0,150	0,150	9,140E+0	1,700E+1
81,620	0,150	0,150	9,140E+0	1,700E+1
81,821	0,150	0,150	9,140E+0	1,700E+1
82,020	0,150	0,150	9,140E+0	1,700E+1
82,222	0,150	0,150	9,140E+0	1,700E+1
82,422	0,150	0,150	9,140E+0	1,700E+1
82,623	0,150	0,150	9,140E+0	1,700E+1
82,822	0,150	0,150	9,140E+0	1,700E+1
83,022	0,150	0,150	9,140E+0	1,700E+1
83,222	0,150	0,150	9,140E+0	1,700E+1
83,422	0,150	0,150	9,140E+0	1,700E+1
83,624	0,150	0,150	9,140E+0	1,700E+1
83,824	0,150	0,150	9,140E+0	1,700E+1
84,026	0,150	0,150	9,140E+0	1,700E+1
84,228	0,150	0,150	9,140E+0	1,700E+1
84,428	0,150	0,150	9,140E+0	1,700E+1
84,629	0,150	0,150	9,140E+0	1,700E+1
84,829	0,150	0,150	9,140E+0	1,700E+1
85,030	0,150	0,150	9,140E+0	1,700E+1
85,230	0,150	0,150	9,140E+0	1,700E+1
85,429	0,150	0,150	9,140E+0	1,700E+1
85,629	0,150	0,150	9,140E+0	1,700E+1
85,829	0,150	0,150	9,140E+0	1,700E+1
86,030	0,150	0,150	9,140E+0	1,700E+1
86,231	0,150	0,150	9,140E+0	1,700E+1
86,430	0,150	0,150	9,140E+0	1,700E+1
86,631	0,150	0,150	9,140E+0	1,700E+1
86,831	0,150	0,150	9,140E+0	1,700E+1
87,031	0,150	0,150	9,140E+0	1,700E+1
87,233	0,150	0,150	9,140E+0	1,700E+1
87,432	0,150	0,150	9,140E+0	1,700E+1
87,632	0,150	0,150	9,140E+0	1,700E+1
87,832	0,150	0,150	9,140E+0	1,700E+1
88,032	0,150	0,150	9,140E+0	1,700E+1
88,232	0,150	0,150	9,140E+0	1,700E+1
88,434	0,150	0,150	9,140E+0	1,700E+1
88,635	0,150	0,150	9,140E+0	1,700E+1
88,836	0,150	0,150	9,140E+0	1,700E+1
89,036	0,150	0,150	9,140E+0	1,700E+1
89,237	0,150	0,150	9,140E+0	1,700E+1
89,438	0,150	0,150	9,140E+0	1,700E+1
89,639	0,150	0,150	9,140E+0	1,700E+1
89,839	0,150	0,150	9,140E+0	1,700E+1
90,039	0,150	0,150	9,140E+0	1,700E+1
90,241	0,150	0,150	9,140E+0	1,700E+1
90,441	0,150	0,150	9,140E+0	1,700E+1
90,641	0,150	0,150	9,140E+0	1,700E+1
90,841	0,150	0,150	9,140E+0	1,700E+1
91,044	0,150	0,150	9,140E+0	1,700E+1
91,244	0,150	0,150	9,140E+0	1,700E+1
91,444	0,150	0,150	9,140E+0	1,700E+1
91,644	0,150	0,150	9,140E+0	1,700E+1
91,844	0,150	0,150	9,140E+0	1,700E+1
92,046	0,150	0,150	9,140E+0	1,700E+1
92,247	0,150	0,150	9,150E+0	1,700E+1
92,447	0,150	0,150	9,150E+0	1,700E+1
92,647	0,150	0,150	9,150E+0	1,700E+1
92,847	0,150	0,150	9,140E+0	1,700E+1
93,047	0,150	0,150	9,140E+0	1,700E+1
93,247	0,150	0,150	9,150E+0	1,700E+1
93,449	0,150	0,150	9,150E+0	1,700E+1
93,651	0,150	0,150	9,140E+0	1,700E+1
93,851	0,150	0,150	9,140E+0	1,700E+1
94,052	0,150	0,150	9,140E+0	1,700E+1
94,251	0,150	0,150	9,140E+0	1,700E+1
94,451	0,150	0,150	9,150E+0	1,700E+1
94,652	0,150	0,150	9,150E+0	1,700E+1
94,853	0,150	0,150	9,140E+0	1,700E+1
95,054	0,150	0,150	9,140E+0	1,700E+1
95,253	0,150	0,150	9,150E+0	1,700E+1
95,454	0,150	0,150	9,150E+0	1,700E+1
95,656	0,150	0,150	9,150E+0	1,700E+1
95,856	0,150	0,150	9,150E+0	1,700E+1
96,057	0,150	0,150	9,150E+0	1,700E+1
96,258	0,150	0,150	9,150E+0	1,700E+1
96,458	0,150	0,150	9,150E+0	1,700E+1
96,658	0,150	0,150	9,150E+0	1,700E+1
96,857	0,150	0,150	9,150E+0	1,700E+1
97,058	0,150	0,150	9,150E+0	1,700E+1
97,258	0,150	0,150	9,150E+0	1,700E+1
97,461	0,150	0,150	9,150E+0	1,700E+1
97,662	0,150	0,150	9,150E+0	1,700E+1
97,861	0,150	0,150	9,150E+0	1,700E+1
98,062	0,150	0,150	9,150E+0	1,700E+1
98,262	0,150	0,150	9,150E+0	1,700E+1
98,463	0,150	0,150	9,150E+0	1,700E+1
98,664	0,150	0,150	9,150E+0	1,700E+1
98,865	0,150	0,150	9,150E+0	1,700E+1
99,064	0,150	0,150	9,150E+0	1,700E+1
99,264	0,150	0,150	9,150E+0	1,700E+1
99,465	0,150	0,150	9,150E+0	1,700E+1
99,665	0,150	0,150	9,150E+0	1,700E+1
99,866	0,150	0,150	9,150E+0	1,700E+1
100,065	0,150	0,150	9,150E+0	1,700E+1
100,267	0,150	0,150	9,150E+0	1,700E+1
100,467	0,150	0,150	9,150E+0	1,700E+1
100,669	0,150	0,150	9,150E+0	1,700E+1
100,869	0,150	0,150	9,150E+0	1,700E+1
101,069	0,150	0,150	9,150E+0	1,700E+1
101,269	0,150	0,150	9,150E+0	1,700E+1
101,471	0,150	0,150	9,150E+0	1,700E+1
101,673	0,150	0,150	9,150E+0	1,700E+1
101,872	0,150	0,150	9,150E+0	1,700E+1
102,073	0,150	0,150	9,150E+0	1,700E+1
102,276	0,150	0,150	9,150E+0	1,700E+1
102,476	0,150	0,150	9,150E+0	1,700E+1
102,677	0,150	0,150	9,150E+0	1,700E+1
102,878	0,150	0,150	9,150E+0	1,700E+1
103,077	0,150	0,150	9,150E+0	1,700E+1
103,289	0,150	0,150	9,150E+0	1,700E+1
103,491	0,150	0,150	9,150E+0	1,700E+1
103,692	0,150	0,150	9,150E+0	1,700E+1
103,893	0,150	0,150	9,150E+0	1,700E+1
104,092	0,150	0,150	9,150E+0	1,700E+1
104,292	0,150	0,150	9,150E+0	1,700E+1
104,492	0,150	0,150	9,150E+0	1,700E+1
104,694	0,150	0,150	9,150E+0	1,700E+1
104,895	0,150	0,150	9,150E+0	1,700E+1
105,094	0,150	0,150	9,150E+0	1,700E+1
105,295	0,150	0,150	9,150E+0	1,700E+1
105,497	0,150	0,150	9,150E+0	1,700E+1
105,697	0,150	0,150	9,150E+0	1,700E+1
105,898	0,150	0,150	9,150E+0	1,700E+1
106,097	0,150	0,150	9,150E+0	1,700E+1
106,298	0,150	0,150	9,150E+0	1,700E+1
106,498	0,150	0,150	9,150E+0	1,700E+1
106,698	0,150	0,150	9,150E+0	1,700E+1
106,899	0,150	0,150	9,150E+0	1,700E+1
107,100	0,150	0,150	9,150E+0	1,700E+1
107,300	0,150	0,150	9,150E+0	1,700E+1
107,500	0,150	0,150	9,150E+0	1,700E+1
107,700	0,150	0,150	9,150E+0	1,700E+1
107,901	0,150	0,150	9,150E+0	1,700E+1
108,100	0,150	0,150	9,150E+0	1,700E+1
108,302	0,150	0,150	9,150E+0	1,700E+1
108,503	0,150	0,150	9,150E+0	1,700E+1
108,702	0,150	0,150	9,150E+0	1,700E+1
108,902	0,150	0,150	9,150E+0	1,700E+1
109,103	0,150	0,150	9,150E+0	1,700E+1
109,303	0,150	0,150	9,150E+0	1,700E+1
109,502	0,150	0,150	9,150E+0	1,700E+1
109,702	0,150	0,150	9,150E+0	1,700E+1
109,904	0,150	0,150	9,150E+0	1,700E+1
110,104	0,150	0,150	9,150E+0	1,700E+1
110,304	0,150	0,150	9,150E+0	1,700E+1
110,505	0,150	0,150	9,160E+0	1,700E+1
110,705	0,150	0,150	9,160E+0	1,700E+1
110,906	0,150	0,150	9,160E+0	1,700E+1
111,108	0,150	0,150	9,150E+0	1,700E+1
111,309	0,150	0,150	9,150E+0	1,700E+1
111,509	0,150	0,150	9,150E+0	1,700E+1
111,709	0,150	0,150	9,150E+0	1,700E+1
111,909	0,150	0,150	9,160E+0	1,700E+1
112,109	0,150	0,150	9,150E+0	1,700E+1
112,310	0,150	0,150	9,150E+0	1,700E+1
112,511	0,150	0,150	9,150E+0	1,700E+1
112,710	0,150	0,150	9,150E+0	1,700E+1
112,912	0,150	0,150	9,150E+0	1,700E+1
113,111	0,150	0,150	9,150E+0	1,700E+1
113,314	0,150	0,150	9,150E+0	1,700E+1
113,515	0,150	0,150	9,160E+0	1,700E+1
113,717	0,150	0,150	9,160E+0	1,700E+1
113,917	0,150	0,150	9,150E+0	1,700E+1
114,119	0,150	0,150	9,150E+0	1,700E+1
114,321	0,150	0,150	9,160E+0	1,700E+1
114,520	0,150	0,150	9,160E+0	1,700E+1
114,720	0,150	0,150	9,160E+0	1,700E+1
114,922	0,150	0,150	9,160E+0	1,700E+1
115,123	0,150	0,150	9,160E+0	1,700E+1
115,325	0,150	0,150	9,160E+0	1,700E+1
115,524	0,150	0,150	9,160E+0	1,700E+1
115,725	0,150	0,150	9,160E+0	1,700E+1
115,925	0,150	0,150	9,160E+0	1,700E+1
116,126	0,150	0,150	9,160E+0	1,700E+1
116,326	0,150	0,150	9,160E+0	1,700E+1
116,526	0,150	0,150	9,160E+0	1,700E+1
116,726	0,150	0,150	9,160E+0	1,700E+1
116,928	0,150	0,150	9,160E+0	1,700E+1
117,129	0,150	0,150	9,160E+0	1,700E+1
117,329	0,150	0,150	9,160E+0	1,700E+1
117,531	0,150	0,150	9,160E+0	1,700E+1
117,732	0,150	0,150	9,160E+0	1,700E+1
117,931	0,150	0,150	9,160E+0	1,700E+1
118,131	0,150	0,150	9,160E+0	1,700E+1
118,333	0,150	0,150	9,160E+0	1,700E+1
118,532	0,150	0,150	9,160E+0	1,700E+1
118,733	0,150	0,150	9,160E+0	1,700E+1
118,933	0,150	0,150	9,160E+0	1,700E+1
119,134	0,150	0,150	9,160E+0	1,700E+1
119,335	0,150	0,150	9,160E+0	1,700E+1
119,536	0,150	0,150	9,160E+0	1,700E+1
119,737	0,150	0,150	9,160E+0	1,700E+1
119,938	0,150	0,150	9,160E+0	1,700E+1
120,138	0,150	0,150	9,160E+0	1,700E+1
120,339	0,150	0,150	9,160E+0	1,700E+1
120,540	0,150	0,150	9,160E+0	1,700E+1
120,741	0,150	0,150	9,160E+0	1,700E+1
120,940	0,150	0,150	9,160E+0	1,700E+1
121,140	0,150	0,150	9,160E+0	1,700E+1
121,340	0,150	0,150	9,160E+0	1,700E+1
121,541	0,150	0,150	9,160E+0	1,700E+1
121,742	0,150	0,150	9,160E+0	1,700E+1
121,941	0,150	0,150	9,160E+0	1,700E+1
122,143	0,150	0,150	9,160E+0	1,700E+1
122,342	0,150	0,150	9,160E+0	1,700E+1
122,543	0,150	0,150	9,160E+0	1,700E+1
122,743	0,150	0,150	9,160E+0	1,700E+1
122,944	0,150	0,150	9,160E+0	1,700E+1
123,144	0,150	0,150	9,160E+0	1,700E+1
123,344	0,150	0,150	9,160E+0	1,700E+1
123,545	0,150	0,150	9,160E+0	1,700E+1
123,744	0,150	0,150	9,160E+0	1,700E+1
123,944	0,150	0,150	9,160E+0	1,700E+1
124,144	0,150	0,150	9,160E+0	1,700E+1
124,346	0,150	0,150	9,160E+0	1,700E+1
124,547	0,150	0,150	9,160E+0	1,700E+1
124,747	0,150	0,150	9,160E+0	1,700E+1
124,948	0,150	0,150	9,160E+0	1,700E+1
125,147	0,150	0,150	9,160E+0	1,700E+1
125,347	0,150	0,150	9,160E+0	1,700E+1
125,548	0,150	0,150	9,160E+0	1,700E+1
125,748	0,150	0,150	9,160E+0	1,700E+1
125,947	0,150	0,150	9,160E+0	1,700E+1
126,148	0,150	0,150	9,160E+0	1,700E+1
126,348	0,150	0,150	9,160E+0	1,700E+1
126,549	0,150	0,150	9,160E+0	1,700E+1
126,748	0,150	0,150	9,160E+0	1,700E+1
126,949	0,150	0,150	9,160E+0	1,700E+1
127,149	0,150	0,150	9,160E+0	1,700E+1
127,351	0,150	0,150	9,160E+0	1,700E+1
127,551	0,150	0,150	9,160E+0	1,700E+1
127,752	0,150	0,150	9,160E+0	1,700E+1
127,954	0,150	0,150	9,160E+0	1,700E+1
128,153	0,150	0,150	9,160E+0	1,700E+1
128,354	0,150	0,150	9,160E+0	1,700E+1
128,555	0,150	0,150	9,160E+0	1,700E+1
128,755	0,150	0,150	9,160E+0	1,700E+1
128,955	0,150	0,150	9,170E+0	1,700E+1
129,156	0,150	0,150	9,170E+0	1,700E+1
129,358	0,150	0,150	9,160E+0	1,700E+1
129,559	0,150	0,150	9,160E+0	1,700E+1
129,761	0,150	0,150	9,160E+0	1,700E+1
129,960	0,150	0,150	9,170E+0	1,700E+1
130,160	0,150	0,150	9,160E+0	1,700E+1
130,360	0,150	0,150	9,160E+0	1,700E+1
130,562	0,150	0,150	9,170E+0	1,700E+1
130,764	0,150	0,150	9,170E+0	1,700E+1
130,965	0,150	0,150	9,170E+0	1,700E+1
131,165	0,150	0,150	9,170E+0	1,700E+1
131,364	0,150	0,150	9,170E+0	1,700E+1
131,565	0,150	0,150	9,170E+0	1,700E+1
131,764	0,150	0,150	9,170E+0	1,700E+1
131,964	0,150	0,150	9,170E+0	1,700E+1
132,165	0,150	0,150	9,170E+0	1,700E+1
132,365	0,150	0,150	9,170E+0	1,700E+1
132,566	0,150	0,150	9,170E+0	1,700E+1
132,765	0,150	0,150	9,170E+0	1,700E+1
132,967	0,150	0,150	9,170E+0	1,700E+1
133,166	0,150	0,150	9,170E+0	1,700E+1
133,367	0,150	0,150	9,170E+0	1,700E+1
133,567	0,150	0,150	9,170E+0	1,700E+1
133,767	0,150	0,150	9,170E+0	1,700E+1
133,969	0,150	0,150	9,170E+0	1,700E+1
134,169	0,150	0,150	9,170E+0	1,700E+1
134,371	0,150	0,150	9,170E+0	1,700E+1
134,571	0,150	0,150	9,170E+0	1,700E+1
134,770	0,150	0,150	9,170E+0	1,700E+1
134,972	0,150	0,150	9,170E+0	1,700E+1
135,173	0,150	0,150	9,170E+0	1,700E+1
135,373	0,150	0,150	9,170E+0	1,700E+1
135,576	0,150	0,150	9,170E+0	1,700E+1
135,775	0,150	0,150	9,170E+0	1,700E+1
135,976	0,150	0,150	9,170E+0	1,700E+1
136,177	0,150	0,150	9,170E+0	1,700E+1
136,378	0,150	0,150	9,170E+0	1,700E+1
136,579	0,150	0,150	9,170E+0	1,700E+1
136,780	0,150	0,150	9,170E+0	1,700E+1
136,981	0,150	0,150	9,170E+0	1,700E+1
137,183	0,150	0,150	9,170E+0	1,700E+1
137,383	0,150	0,150	9,170E+0	1,700E+1
137,583	0,150	0,150	9,170E+0	1,700E+1
137,784	0,150	0,150	9,170E+0	1,700E+1
137,983	0,150	0,150	9,170E+0	1,700E+1
138,185	0,150	0,150	9,170E+0	1,700E+1
138,385	0,150	0,150	9,170E+0	1,700E+1
138,585	0,150	0,150	9,170E+0	1,700E+1
138,786	0,150	0,150	9,170E+0	1,700E+1
138,987	0,150	0,150	9,170E+0	1,700E+1
139,187	0,150	0,150	9,170E+0	1,700E+1
139,386	0,150	0,150	9,170E+0	1,700E+1
139,589	0,150	0,150	9,170E+0	1,700E+1
139,791	0,150	0,150	9,170E+0	1,700E+1
139,991	0,150	0,150	9,170E+0	1,700E+1
140,191	0,150	0,150	9,170E+0	1,700E+1
140,392	0,150	0,150	9,170E+0	1,700E+1
140,592	0,150	0,150	9,170E+0	1,700E+1
140,791	0,150	0,150	9,170E+0	1,700E+1
140,994	0,150	0,150	9,170E+0	1,700E+1
141,193	0,150	0,150	9,170E+0	1,700E+1
141,394	0,150	0,150	9,170E+0	1,700E+1
141,596	0,150	0,150	9,170E+0	1,700E+1
141,797	0,150	0,150	9,170E+0	1,700E+1
141,997	0,150	0,150	9,170E+0	1,700E+1
142,199	0,150	0,150	9,170E+0	1,700E+1
142,400	0,150	0,150	9,170E+0	1,700E+1
142,601	0,150	0,150	9,170E+0	1,700E+1
142,802	0,150	0,150	9,170E+0	1,700E+1
143,002	0,150	0,150	9,170E+0	1,700E+1
143,201	0,150	0,150	9,170E+0	1,700E+1
143,401	0,150	0,150	9,180E+0	1,700E+1
143,603	0,150	0,150	9,170E+0	1,700E+1
143,803	0,150	0,150	9,170E+0	1,700E+1
144,005	0,150	0,150	9,170E+0	1,700E+1
144,206	0,150	0,150	9,180E+0	1,700E+1
144,406	0,150	0,150	9,180E+0	1,700E+1
144,607	0,150	0,150	9,180E+0	1,700E+1
144,808	0,150	0,150	9,170E+0	1,700E+1
145,009	0,150	0,150	9,180E+0	1,700E+1
145,210	0,150	0,150	9,180E+0	1,700E+1
145,410	0,150	0,150	9,180E+0	1,700E+1
145,612	0,150	0,150	9,180E+0	1,700E+1
145,811	0,150	0,150	9,170E+0	1,700E+1
146,011	0,150	0,150	9,170E+0	1,700E+1
146,211	0,150	0,150	9,170E+0	1,700E+1
146,414	0,150	0,150	9,180E+0	1,700E+1
146,615	0,150	0,150	9,180E+0	1,700E+1
146,815	0,150	0,150	9,180E+0	1,700E+1
147,016	0,150	0,150	9,180E+0	1,700E+1
147,218	0,150	0,150	9,180E+0	1,700E+1
147,419	0,150	0,150	9,170E+0	1,700E+1
147,618	0,150	0,150	9,180E+0	1,700E+1
147,819	0,150	0,150	9,180E+0	1,700E+1
148,021	0,150	0,150	9,180E+0	1,700E+1
148,221	0,150	0,150	9,180E+0	1,700E+1
148,422	0,150	0,150	9,180E+0	1,700E+1
148,623	0,150	0,150	9,180E+0	1,700E+1
148,822	0,150	0,150	9,180E+0	1,700E+1
149,024	0,150	0,150	9,180E+0	1,700E+1
149,226	0,150	0,150	9,180E+0	1,700E+1
149,426	0,150	0,150	9,180E+0	1,700E+1
149,627	0,150	0,150	9,180E+0	1,700E+1
149,827	0,150	0,150	9,180E+0	1,700E+1
150,028	0,150	0,150	9,180E+0	1,700E+1
150,230	0,150	0,150	9,180E+0	1,700E+1
150,430	0,150	0,150	9,180E+0	1,700E+1
150,631	0,150	0,150	9,180E+0	1,700E+1
150,831	0,150	0,150	9,180E+0	1,700E+1
151,033	0,150	0,150	9,180E+0	1,700E+1
151,233	0,150	0,150	9,180E+0	1,700E+1
151,434	0,150	0,150	9,180E+0	1,700E+1
151,636	0,150	0,150	9,180E+0	1,700E+1
151,836	0,150	0,150	9,180E+0	1,700E+1
152,036	0,150	0,150	9,180E+0	1,700E+1
152,236	0,150	0,150	9,180E+0	1,700E+1
152,438	0,150	0,150	9,180E+0	1,700E+1
152,638	0,150	0,150	9,180E+0	1,700E+1
152,838	0,150	0,150	9,180E+0	1,700E+1
153,040	0,150	0,150	9,180E+0	1,700E+1
153,241	0,150	0,150	9,180E+0	1,700E+1
153,441	0,150	0,150	9,180E+0	1,700E+1
153,642	0,150	0,150	9,180E+0	1,700E+1
153,843	0,150	0,150	9,180E+0	1,700E+1
154,043	0,150	0,150	9,180E+0	1,700E+1
154,245	0,150	0,150	9,180E+0	1,700E+1
154,446	0,150	0,150	9,180E+0	1,700E+1
154,646	0,150	0,150	9,180E+0	1,700E+1
154,846	0,150	0,150	9,180E+0	1,700E+1
155,048	0,150	0,150	9,180E+0	1,700E+1
155,247	0,150	0,150	9,190E+0	1,700E+1
155,447	0,150	0,150	9,180E+0	1,700E+1
155,648	0,150	0,150	9,180E+0	1,700E+1
155,849	0,150	0,150	9,180E+0	1,700E+1
156,048	0,150	0,150	9,180E+0	1,700E+1
156,248	0,150	0,150	9,180E+0	1,700E+1
156,448	0,150	0,150	9,180E+0	1,700E+1
156,649	0,150	0,150	9,180E+0	1,700E+1
156,850	0,150	0,150	9,180E+0	1,700E+1
157,049	0,150	0,150	9,180E+0	1,700E+1
157,251	0,150	0,150	9,180E+0	1,700E+1
157,451	0,150	0,150	9,180E+0	1,700E+1
157,652	0,150	0,150	9,180E+0	1,700E+1
157,851	0,150	0,150	9,180E+0	1,700E+1
158,052	0,150	0,150	9,180E+0	1,700E+1
158,252	0,150	0,150	9,180E+0	1,700E+1
158,452	0,150	0,150	9,190E+0	1,700E+1
158,653	0,150	0,150	9,180E+0	1,700E+1
158,854	0,150	0,150	9,180E+0	1,700E+1
159,053	0,150	0,150	9,180E+0	1,700E+1
159,254	0,150	0,150	9,190E+0	1,700E+1
159,456	0,150	0,150	9,190E+0	1,700E+1
159,656	0,150	0,150	9,190E+0	1,700E+1
159,858	0,150	0,150	9,190E+0	1,700E+1
160,058	0,150	0,150	9,180E+0	1,700E+1
160,257	0,150	0,150	9,180E+0	1,700E+1
160,457	0,150	0,150	9,190E+0	1,700E+1
160,659	0,150	0,150	9,190E+0	1,700E+1
160,859	0,150	0,150	9,190E+0	1,700E+1
161,061	0,150	0,150	9,190E+0	1,700E+1
161,262	0,150	0,150	9,190E+0	1,700E+1
161,461	0,150	0,150	9,190E+0	1,700E+1
161,661	0,150	0,150	9,190E+0	1,700E+1
161,863	0,150	0,150	9,190E+0	1,700E+1
162,063	0,150	0,150	9,190E+0	1,700E+1
162,262	0,150	0,150	9,190E+0	1,700E+1
162,463	0,150	0,150	9,190E+0	1,700E+1
162,663	0,150	0,150	9,190E+0	1,700E+1
162,864	0,150	0,150	9,190E+0	1,700E+1
163,065	0,150	0,150	9,190E+0	1,700E+1
163,265	0,150	0,150	9,190E+0	1,700E+1
163,465	0,150	0,150	9,190E+0	1,700E+1
163,665	0,150	0,150	9,190E+0	1,700E+1
163,865	0,150	0,150	9,190E+0	1,700E+1
164,065	0,150	0,150	9,190E+0	1,700E+1
164,267	0,150	0,150	9,190E+0	1,700E+1
164,468	0,150	0,150	9,190E+0	1,700E+1
164,667	0,150	0,150	9,190E+0	1,700E+1
164,869	0,150	0,150	9,190E+0	1,700E+1
165,069	0,150	0,150	9,190E+0	1,700E+1
165,271	0,150	0,150	9,190E+0	1,700E+1
165,471	0,150	0,150	9,190E+0	1,700E+1
165,672	0,150	0,150	9,190E+0	1,700E+1
165,871	0,150	0,150	9,190E+0	1,700E+1
166,071	0,150	0,150	9,190E+0	1,700E+1
166,271	0,150	0,150	9,190E+0	1,700E+1
166,472	0,150	0,150	9,190E+0	1,700E+1
166,673	0,150	0,150	9,190E+0	1,700E+1
166,875	0,150	0,150	9,190E+0	1,700E+1
167,075	0,150	0,150	9,190E+0	1,700E+1
167,274	0,150	0,150	9,190E+0	1,700E+1
167,475	0,150	0,150	9,190E+0	1,700E+1
167,675	0,150	0,150	9,190E+0	1,700E+1
167,876	0,150	0,150	9,190E+0	1,700E+1
168,075	0,150	0,150	9,190E+0	1,700E+1
168,275	0,150	0,150	9,190E+0	1,700E+1
168,476	0,150	0,150	9,190E+0	1,700E+1
168,675	0,150	0,150	9,190E+0	1,700E+1
168,876	0,150	0,150	9,190E+0	1,700E+1
169,078	0,150	0,150	9,190E+0	1,700E+1
169,278	0,150	0,150	9,190E+0	1,700E+1
169,478	0,150	0,150	9,190E+0	1,700E+1
169,677	0,150	0,150	9,190E+0	1,700E+1
169,878	0,150	0,150	9,190E+0	1,700E+1
170,078	0,150	0,150	9,190E+0	1,700E+1
170,277	0,150	0,150	9,190E+0	1,700E+1
170,477	0,150	0,150	9,200E+0	1,700E+1
170,678	0,150	0,150	9,200E+0	1,700E+1
170,880	0,150	0,150	9,200E+0	1,700E+1
171,080	0,150	0,150	9,200E+0	1,700E+1
171,280	0,150	0,150	9,200E+0	1,700E+1
171,481	0,150	0,150	9,200E+0	1,700E+1
171,681	0,150	0,150	9,190E+0	1,700E+1
171,882	0,150	0,150	9,190E+0	1,700E+1
172,083	0,150	0,150	9,190E+0	1,700E+1
172,284	0,150	0,150	9,190E+0	1,700E+1
172,484	0,150	0,150	9,200E+0	1,700E+1
172,683	0,150	0,150	9,200E+0	1,700E+1
172,883	0,150	0,150	9,190E+0	1,700E+1
173,084	0,150	0,150	9,200E+0	1,700E+1
173,283	0,150	0,150	9,200E+0	1,700E+1
173,484	0,150	0,150	9,200E+0	1,700E+1
173,684	0,150	0,150	9,190E+0	1,700E+1
173,887	0,150	0,150	9,190E+0	1,700E+1
174,086	0,150	0,150	9,190E+0	1,700E+1
174,286	0,150	0,150	9,200E+0	1,700E+1
174,486	0,150	0,150	9,200E+0	1,700E+1
174,688	0,150	0,150	9,190E+0	1,700E+1
174,888	0,150	0,150	9,190E+0	1,700E+1
175,087	0,150	0,150	9,200E+0	1,700E+1
175,288	0,150	0,150	9,200E+0	1,700E+1
175,490	0,150	0,150	9,200E+0	1,700E+1
175,690	0,150	0,150	9,200E+0	1,700E+1
175,890	0,150	0,150	9,200E+0	1,700E+1
176,092	0,150	0,150	9,200E+0	1,700E+1
176,293	0,150	0,150	9,200E+0	1,700E+1
176,494	0,150	0,150	9,200E+0	1,700E+1
176,694	0,150	0,150	9,200E+0	1,700E+1
176,894	0,150	0,150	9,200E+0	1,700E+1
177,093	0,150	0,150	9,200E+0	1,700E+1
177,293	0,150	0,150	9,200E+0	1,700E+1
177,494	0,150	0,150	9,200E+0	1,700E+1
177,695	0,150	0,150	9,200E+0	1,700E+1
177,895	0,150	0,150	9,200E+0	1,700E+1
178,094	0,150	0,150	9,200E+0	1,700E+1
178,294	0,150	0,150	9,200E+0	1,700E+1
178,494	0,000	0,150	3,000E-1	1,700E+1
178,694	0,000	0,150	3,000E-1	1,700E+1
178,894	0,000	0,150	3,000E-1	1,700E+1
179,094	0,000	0,150	3,000E-1	1,700E+1
179,294	0,000	0,150	3,000E-1	1,700E+1
179,497	0,000	0,150	3,000E-1	1,700E+1
179,696	0,000	0,150	3,000E-1	1,700E+1
179,897	0,000	0,150	3,000E-1	1,700E+1
180,097	0,000	0,150	3,000E-1	1,700E+1
180,297	0,000	0,150	3,000E-1	1,700E+1
180,497	0,000	0,150	3,000E-1	1,700E+1
180,699	0,000	0,150	3,000E-1	1,700E+1
180,899	0,000	0,150	3,000E-1	1,700E+1
181,098	0,000	0,150	3,000E-1	1,700E+1
181,299	0,000	0,150	3,000E-1	1,700E+1
181,498	0,000	0,150	3,000E-1	1,700E+1
181,700	0,000	0,150	3,000E-1	1,700E+1
181,900	0,000	0,150	3,000E-1	1,700E+1
182,101	0,000	0,150	3,000E-1	1,700E+1
182,300	0,000	0,150	3,000E-1	1,700E+1
182,500	0,000	0,150	3,000E-1	1,700E+1
182,702	0,000	0,150	3,000E-1	1,700E+1
182,902	0,000	0,150	3,000E-1	1,700E+1
183,101	0,000	0,150	3,000E-1	1,700E+1
183,302	0,000	0,150	3,000E-1	1,700E+1
183,503	0,000	0,150	3,000E-1	1,700E+1
183,702	0,000	0,150	3,000E-1	1,700E+1
183,904	0,000	0,150	3,000E-1	1,700E+1
184,104	0,000	0,150	3,000E-1	1,700E+1
184,305	0,000	0,150	3,000E-1	1,700E+1
184,504	0,000	0,150	3,000E-1	1,700E+1
184,705	0,000	0,150	3,000E-1	1,700E+1
184,908	0,000	0,150	3,000E-1	1,700E+1
185,108	0,000	0,150	3,000E-1	1,700E+1
185,309	0,000	0,150	3,000E-1	1,700E+1
185,508	0,000	0,150	3,000E-1	1,700E+1
185,709	0,000	0,150	3,000E-1	1,700E+1
185,910	0,000	0,150	3,000E-1	1,700E+1
186,111	0,000	0,150	3,000E-1	1,700E+1
186,313	0,000	0,150	3,000E-1	1,700E+1
186,513	0,000	0,150	3,000E-1	1,700E+1
186,713	0,000	0,150	3,000E-1	1,700E+1
186,913	0,000	0,150	3,000E-1	1,700E+1
187,115	0,000	0,150	3,000E-1	1,700E+1
187,315	0,000	0,150	3,000E-1	1,700E+1
187,517	0,000	0,150	3,000E-1	1,700E+1
187,717	0,000	0,150	3,000E-1	1,700E+1
187,916	0,000	0,150	3,000E-1	1,700E+1
188,117	0,000	0,150	3,000E-1	1,700E+1
188,318	0,000	0,150	3,000E-1	1,700E+1
188,519	0,000	0,150	3,000E-1	1,700E+1
188,720	0,000	0,150	3,000E-1	1,700E+1
188,920	0,000	0,150	3,000E-1	1,700E+1
189,121	0,000	0,150	3,000E-1	1,700E+1
189,322	0,000	0,150	3,000E-1	1,700E+1
189,523	0,000	0,150	3,000E-1	1,700E+1
189,724	0,000	0,150	3,000E-1	1,700E+1
189,923	0,000	0,150	3,000E-1	1,700E+1
190,123	0,000	0,150	3,000E-1	1,700E+1
190,323	0,000	0,150	3,000E-1	1,700E+1
190,524	0,000	0,150	3,000E-1	1,700E+1
190,723	0,000	0,150	3,000E-1	1,700E+1
190,924	0,000	0,150	3,000E-1	1,700E+1
191,124	0,000	0,150	3,000E-1	1,700E+1
191,324	0,000	0,150	3,000E-1	1,700E+1
191,524	0,000	0,150	3,000E-1	1,700E+1
191,726	0,000	0,150	3,000E-1	1,700E+1
191,926	0,000	0,150	3,000E-1	1,700E+1
192,126	0,000	0,150	3,000E-1	1,700E+1
192,327	0,000	0,150	3,000E-1	1,700E+1
192,527	0,000	0,150	3,000E-1	1,700E+1
192,728	0,000	0,150	3,000E-1	1,700E+1
192,928	0,000	0,150	3,000E-1	1,700E+1
193,129	0,000	0,150	3,000E-1	1,700E+1
193,328	0,000	0,150	3,000E-1	1,700E+1
193,528	0,000	0,150	3,000E-1	1,700E+1
193,729	0,000	0,150	3,000E-1	1,700E+1
193,930	0,000	0,150	3,000E-1	1,700E+1
194,130	0,000	0,150	3,000E-1	1,700E+1
194,330	0,000	0,150	3,000E-1	1,700E+1
194,531	0,000	0,150	3,000E-1	1,700E+1
194,731	0,000	0,150	3,000E-1	1,700E+1
194,931	0,000	0,150	3,000E-1	1,700E+1
195,132	0,000	0,150	3,000E-1	1,700E+1
195,331	0,000	0,150	3,000E-1	1,700E+1
195,532	0,000	0,150	3,000E-1	1,700E+1
195,733	0,000	0,150	3,000E-1	1,700E+1
195,933	0,000	0,150	3,000E-1	1,700E+1
196,132	0,000	0,150	3,000E-1	1,700E+1
196,332	0,000	0,150	3,000E-1	1,700E+1
196,534	0,000	0,150	3,000E-1	1,700E+1
196,735	0,000	0,150	3,000E-1	1,700E+1
196,935	0,000	0,150	3,000E-1	1,700E+1
197,135	0,000	0,150	3,000E-1	1,700E+1
197,336	0,000	0,150	3,000E-1	1,700E+1
197,536	0,000	0,150	3,000E-1	1,700E+1
197,735	0,000	0,150	3,000E-1	1,700E+1
197,936	0,000	0,150	3,000E-1	1,700E+1
198,137	0,000	0,150	3,000E-1	1,700E+1
198,336	0,000	0,150	3,000E-1	1,700E+1
198,537	0,000	0,150	3,000E-1	1,700E+1
198,736	0,000	0,150	3,000E-1	1,700E+1
198,937	0,000	0,150	3,000E-1	1,700E+1
199,138	0,000	0,150	3,000E-1	1,700E+1
199,338	0,000	0,150	3,000E-1	1,700E+1
199,538	0,000	0,150	3,000E-1	1,700E+1
199,738	0,000	0,150	3,000E-1	1,700E+1
199,940	0,000	0,150	3,000E-1	1,700E+1
200,139	0,000	0,150	3,000E-1	1,700E+1
200,339	0,000	0,150	3,000E-1	1,700E+1
200,540	0,000	0,150	3,000E-1	1,700E+1
200,742	0,000	0,150	3,000E-1	1,700E+1
200,941	0,000	0,150	3,000E-1	1,700E+1
201,141	0,000	0,150	3,000E-1	1,700E+1
201,342	0,000	0,150	3,000E-1	1,700E+1
201,542	0,000	0,150	3,000E-1	1,700E+1
201,743	0,000	0,150	3,000E-1	1,700E+1
201,943	0,000	0,150	3,000E-1	1,700E+1
202,143	0,000	0,150	3,000E-1	1,700E+1
202,345	0,000	0,150	3,000E-1	1,700E+1
202,545	0,000	0,150	3,000E-1	1,700E+1
202,746	0,000	0,150	3,000E-1	1,700E+1
202,947	0,000	0,150	3,000E-1	1,700E+1
203,147	0,000	0,150	3,000E-1	1,700E+1
203,347	0,000	0,150	3,000E-1	1,700E+1
203,549	0,000	0,150	3,000E-1	1,700E+1
203,751	0,000	0,150	3,000E-1	1,700E+1
203,951	0,000	0,150	3,000E-1	1,700E+1
204,150	0,000	0,150	3,000E-1	1,700E+1
204,351	0,000	0,150	3,000E-1	1,700E+1
204,551	0,000	0,150	3,000E-1	1,700E+1
204,751	0,000	0,150	3,000E-1	1,700E+1
204,950	0,000	0,150	3,000E-1	1,700E+1
205,151	0,000	0,150	3,000E-1	1,700E+1
205,351	0,000	0,150	3,000E-1	1,700E+1
205,552	0,000	0,150	3,000E-1	1,700E+1
205,752	0,000	0,150	3,000E-1	1,700E+1
205,952	0,000	0,150	3,000E-1	1,700E+1
206,153	0,000	0,150	3,000E-1	1,700E+1
206,352	0,000	0,150	3,000E-1	1,700E+1
206,554	0,000	0,150	3,000E-1	1,700E+1
206,755	0,000	0,150	3,000E-1	1,700E+1
206,955	0,000	0,150	3,000E-1	1,700E+1
207,155	0,000	0,150	3,000E-1	1,700E+1
207,356	0,000	0,150	3,000E-1	1,700E+1
207,556	0,000	0,150	3,000E-1	1,700E+1
207,757	0,000	0,150	3,000E-1	1,700E+1
207,957	0,000	0,150	3,000E-1	1,700E+1
208,157	0,000	0,150	3,000E-1	1,700E+1
208,357	0,000	0,150	3,000E-1	1,700E+1
208,558	0,000	0,150	3,000E-1	1,700E+1
208,758	0,000	0,150	3,000E-1	1,700E+1
208,960	0,000	0,150	3,000E-1	1,700E+1
209,160	0,000	0,150	3,000E-1	1,700E+1
209,359	0,000	0,150	3,000E-1	1,700E+1
209,560	0,000	0,150	3,000E-1	1,700E+1
209,760	0,000	0,150	3,000E-1	1,700E+1
209,961	0,000	0,150	3,000E-1	1,700E+1
210,161	0,000	0,150	3,000E-1	1,700E+1
210,362	0,000	0,150	3,000E-1	1,700E+1
210,561	0,000	0,150	3,000E-1	1,700E+1
210,762	0,000	0,150	3,000E-1	1,700E+1
210,964	0,000	0,150	3,000E-1	1,700E+1
211,163	0,000	0,150	3,000E-1	1,700E+1
211,363	0,000	0,150	3,000E-1	1,700E+1
211,565	0,000	0,150	3,000E-1	1,700E+1
211,767	0,000	0,150	3,000E-1	1,700E+1
211,967	0,000	0,150	3,000E-1	1,700E+1
212,166	0,000	0,150	3,000E-1	1,700E+1
212,368	0,000	0,150	3,000E-1	1,700E+1
212,568	0,000	0,150	3,000E-1	1,700E+1
212,769	0,000	0,150	3,000E-1	1,700E+1
212,970	0,000	0,150	3,000E-1	1,700E+1
213,169	0,000	0,150	3,000E-1	1,700E+1
213,371	0,000	0,150	3,000E-1	1,700E+1
213,571	0,000	0,150	3,000E-1	1,700E+1
213,771	0,000	0,150	3,000E-1	1,700E+1
213,973	0,000	0,150	3,000E-1	1,700E+1
214,174	0,000	0,150	3,000E-1	1,700E+1
214,374	0,000	0,150	3,000E-1	1,700E+1
214,573	0,000	0,150	3,000E-1	1,700E+1
214,775	0,000	0,150	3,000E-1	1,700E+1
214,974	0,000	0,150	3,000E-1	1,700E+1
215,176	0,000	0,150	3,000E-1	1,700E+1
215,377	0,000	0,150	3,000E-1	1,700E+1
215,576	0,000	0,150	3,000E-1	1,700E+1
215,777	0,000	0,150	3,000E-1	1,700E+1
215,977	0,000	0,150	3,000E-1	1,700E+1
216,179	0,000	0,150	3,000E-1	1,700E+1
216,379	0,000	0,150	3,000E-1	1,700E+1
216,581	0,000	0,150	3,000E-1	1,700E+1
216,781	0,000	0,150	3,000E-1	1,700E+1
216,981	0,000	0,150	3,000E-1	1,700E+1
217,183	0,000	0,150	3,000E-1	1,700E+1
217,385	0,000	0,150	3,000E-1	1,700E+1
217,585	0,000	0,150	3,000E-1	1,700E+1
217,785	0,000	0,150	3,000E-1	1,700E+1
217,988	0,000	0,150	3,000E-1	1,700E+1
218,188	0,000	0,150	3,000E-1	1,700E+1
218,388	0,000	0,150	3,000E-1	1,700E+1
218,588	0,000	0,150	3,000E-1	1,700E+1
218,788	0,000	0,150	3,000E-1	1,700E+1
218,989	0,000	0,150	3,000E-1	1,700E+1
219,189	0,000	0,150	3,000E-1	1,700E+1
219,389	0,000	0,150	3,000E-1	1,700E+1
219,589	0,000	0,150	3,000E-1	1,700E+1
219,791	0,000	0,150	3,000E-1	1,700E+1
219,992	0,000	0,150	3,000E-1	1,700E+1
220,193	0,000	0,150	3,000E-1	1,700E+1
220,393	0,000	0,150	3,000E-1	1,700E+1
220,593	0,000	0,150	3,000E-1	1,700E+1
220,795	0,000	0,150	3,000E-1	1,700E+1
220,994	0,000	0,150	3,000E-1	1,700E+1
221,195	0,000	0,150	3,000E-1	1,700E+1
221,397	0,000	0,150	3,000E-1	1,700E+1
221,597	0,000	0,150	3,000E-1	1,700E+1
221,796	0,000	0,150	3,000E-1	1,700E+1
221,996	0,000	0,150	3,000E-1	1,700E+1
222,197	0,000	0,150	3,000E-1	1,700E+1
222,399	0,000	0,150	3,000E-1	1,700E+1
222,599	0,000	0,150	3,000E-1	1,700E+1
222,799	0,000	0,150	3,000E-1	1,700E+1
223,000	0,000	0,150	3,000E-1	1,700E+1
223,199	0,000	0,150	3,000E-1	1,700E+1
223,399	0,000	0,150	3,000E-1	1,700E+1
223,600	0,000	0,150	3,000E-1	1,700E+1
223,800	0,000	0,150	3,000E-1	1,700E+1
224,000	0,000	0,150	3,000E-1	1,700E+1
224,201	0,000	0,150	3,000E-1	1,700E+1
224,400	0,000	0,150	3,000E-1	1,700E+1
224,600	0,000	0,150	3,000E-1	1,700E+1
224,801	0,000	0,150	3,000E-1	1,700E+1
225,000	0,000	0,150	3,000E-1	1,700E+1
225,201	0,000	0,150	3,000E-1	1,700E+1
225,400	0,000	0,150	3,000E-1	1,700E+1
225,601	0,000	0,150	3,000E-1	1,700E+1
225,802	0,000	0,150	3,000E-1	1,700E+1
226,002	0,000	0,150	3,000E-1	1,700E+1
226,203	0,000	0,150	3,000E-1	1,700E+1
226,402	0,000	0,150	3,000E-1	1,700E+1
226,602	0,000	0,150	3,000E-1	1,700E+1
226,803	0,000	0,150	3,000E-1	1,700E+1
227,003	0,000	0,150	3,000E-1	1,700E+1
227,204	0,000	0,150	3,000E-1	1,700E+1
227,405	0,000	0,150	3,000E-1	1,700E+1
227,605	0,000	0,150	3,000E-1	1,700E+1
227,806	0,000	0,150	3,000E-1	1,700E+1
228,006	0,000	0,150	3,000E-1	1,700E+1
228,207	0,000	0,150	3,000E-1	1,700E+1
228,408	0,000	0,150	3,000E-1	1,700E+1
228,607	0,000	0,150	3,000E-1	1,700E+1
228,808	0,000	0,150	3,000E-1	1,700E+1
229,009	0,000	0,150	3,000E-1	1,700E+1
229,209	0,000	0,150	3,000E-1	1,700E+1
229,409	0,000	0,150	3,000E-1	1,700E+1
229,609	0,000	0,150	3,000E-1	1,700E+1
229,810	0,000	0,150	3,000E-1	1,700E+1
230,011	0,000	0,150	3,000E-1	1,700E+1
230,211	0,000	0,150	3,000E-1	1,700E+1
230,412	0,000	0,150	3,000E-1	1,700E+1
230,613	0,000	0,150	3,000E-1	1,700E+1
230,812	0,000	0,150	3,000E-1	1,700E+1
231,012	0,000	0,150	3,000E-1	1,700E+1
231,214	0,000	0,150	3,000E-1	1,700E+1
231,414	0,000	0,150	3,000E-1	1,700E+1
231,615	0,000	0,150	3,000E-1	1,700E+1
231,815	0,000	0,150	3,000E-1	1,700E+1
232,016	0,000	0,150	3,000E-1	1,700E+1
232,215	0,000	0,150	3,000E-1	1,700E+1
232,415	0,000	0,150	3,000E-1	1,700E+1
232,616	0,000	0,150	3,000E-1	1,700E+1
232,815	0,000	0,150	3,000E-1	1,700E+1
233,017	0,000	0,150	3,000E-1	1,700E+1
233,217	0,000	0,150	3,000E-1	1,700E+1
233,419	0,000	0,150	3,000E-1	1,700E+1
233,618	0,000	0,150	3,000E-1	1,700E+1
233,819	0,000	0,150	3,000E-1	1,700E+1
234,019	0,000	0,150	3,000E-1	1,700E+1
234,219	0,000	0,150	3,000E-1	1,700E+1
234,421	0,000	0,150	3,000E-1	1,700E+1
234,621	0,000	0,150	3,000E-1	1,700E+1
234,821	0,000	0,150	3,000E-1	1,700E+1
235,023	0,000	0,150	3,000E-1	1,700E+1
235,223	0,000	0,150	3,000E-1	1,700E+1
235,422	0,000	0,150	3,000E-1	1,700E+1
235,624	0,000	0,150	3,000E-1	1,700E+1
235,824	0,000	0,150	3,000E-1	1,700E+1
236,024	0,000	0,150	3,000E-1	1,700E+1
236,227	0,000	0,150	3,000E-1	1,700E+1
236,427	0,000	0,150	3,000E-1	1,700E+1
236,627	0,000	0,150	3,000E-1	1,700E+1
236,827	0,000	0,150	3,000E-1	1,700E+1
237,028	0,000	0,150	3,000E-1	1,700E+1
237,229	0,000	0,150	3,000E-1	1,700E+1
237,428	0,000	0,150	3,000E-1	1,700E+1
237,629	0,000	0,150	3,000E-1	1,700E+1
237,828	0,000	0,150	3,000E-1	1,700E+1
238,029	0,000	0,150	3,000E-1	1,700E+1
238,230	0,000	0,150	3,000E-1	1,700E+1
238,430	0,000	0,150	3,000E-1	1,700E+1
238,629	0,000	0,150	3,000E-1	1,700E+1
238,831	0,000	0,150	3,000E-1	1,700E+1
239,030	0,000	0,150	3,000E-1	1,700E+1
239,230	0,000	0,150	3,000E-1	1,700E+1
239,431	0,000	0,150	3,000E-1	1,700E+1
239,631	0,000	0,150	3,000E-1	1,700E+1
239,830	0,000	0,150	3,000E-1	1,700E+1
240,030	0,000	0,150	3,000E-1	1,700E+1
240,230	0,000	0,150	3,000E-1	1,700E+1
240,431	0,000	0,150	3,000E-1	1,700E+1
240,631	0,000	0,150	3,000E-1	1,700E+1
240,831	0,000	0,150	3,000E-1	1,700E+1
241,032	0,000	0,150	3,000E-1	1,700E+1
241,232	0,000	0,150	3,000E-1	1,700E+1
241,431	0,000	0,150	3,000E-1	1,700E+1
241,632	0,000	0,150	3,000E-1	1,700E+1
241,833	0,000	0,150	3,000E-1	1,700E+1
242,034	0,000	0,150	3,000E-1	1,700E+1
242,233	0,000	0,150	3,000E-1	1,700E+1
242,435	0,000	0,150	3,000E-1	1,700E+1
242,636	0,000	0,150	3,000E-1	1,700E+1
242,835	0,000	0,150	3,000E-1	1,700E+1
243,037	0,000	0,150	3,000E-1	1,700E+1
243,237	0,000	0,150	3,000E-1	1,700E+1
243,439	0,000	0,150	3,000E-1	1,700E+1
243,640	0,000	0,150	3,000E-1	1,700E+1
243,839	0,000	0,150	3,000E-1	1,700E+1
244,040	0,000	0,150	3,000E-1	1,700E+1
244,242	0,000	0,150	3,000E-1	1,700E+1
244,445	0,000	0,150	3,000E-1	1,700E+1
244,645	0,000	0,150	3,000E-1	1,700E+1
244,846	0,000	0,150	3,000E-1	1,700E+1
245,048	0,000	0,150	3,000E-1	1,700E+1
245,247	0,000	0,150	3,000E-1	1,700E+1
245,449	0,000	0,150	3,000E-1	1,700E+1
245,649	0,000	0,150	3,000E-1	1,700E+1
245,851	0,000	0,150	3,000E-1	1,700E+1
246,052	0,000	0,150	3,000E-1	1,700E+1
246,253	0,000	0,150	3,000E-1	1,700E+1
246,454	0,000	0,150	3,000E-1	1,700E+1
246,655	0,000	0,150	3,000E-1	1,700E+1
246,856	0,000	0,150	3,000E-1	1,700E+1
247,056	0,000	0,150	3,000E-1	1,700E+1
247,257	0,000	0,150	3,000E-1	1,700E+1
247,456	0,000	0,150	3,000E-1	1,700E+1
247,658	0,000	0,150	3,000E-1	1,700E+1
247,858	0,000	0,150	3,000E-1	1,700E+1
248,060	0,000	0,150	3,000E-1	1,700E+1
248,261	0,000	0,150	3,000E-1	1,700E+1
248,461	0,000	0,150	3,000E-1	1,700E+1
248,662	0,000	0,150	3,000E-1	1,700E+1
248,861	0,000	0,150	3,000E-1	1,700E+1
249,061	0,000	0,150	3,000E-1	1,700E+1
249,261	0,000	0,150	3,000E-1	1,700E+1
249,462	0,000	0,150	3,000E-1	1,700E+1
249,663	0,000	0,150	3,000E-1	1,700E+1
249,863	0,000	0,150	3,000E-1	1,700E+1
250,062	0,000	0,150	3,000E-1	1,700E+1
250,264	0,000	0,150	3,000E-1	1,700E+1
250,465	0,000	0,150	3,000E-1	1,700E+1
250,666	0,000	0,150	3,000E-1	1,700E+1
250,866	0,000	0,150	3,000E-1	1,700E+1
251,066	0,000	0,150	3,000E-1	1,700E+1
251,267	0,000	0,150	3,000E-1	1,700E+1
251,468	0,000	0,150	3,000E-1	1,700E+1
251,668	0,000	0,150	3,000E-1	1,700E+1
251,869	0,000	0,150	3,000E-1	1,700E+1
252,068	0,000	0,150	3,000E-1	1,700E+1
252,268	0,000	0,150	3,000E-1	1,700E+1
252,469	0,000	0,150	3,000E-1	1,700E+1
252,671	0,000	0,150	3,000E-1	1,700E+1
252,871	0,000	0,150	3,000E-1	1,700E+1
253,072	0,000	0,150	3,000E-1	1,700E+1
253,272	0,000	0,150	3,000E-1	1,700E+1
253,473	0,000	0,150	3,000E-1	1,700E+1
253,674	0,000	0,150	3,000E-1	1,700E+1
253,874	0,000	0,150	3,000E-1	1,700E+1
254,074	0,000	0,150	3,000E-1	1,700E+1
254,274	0,000	0,150	3,000E-1	1,700E+1
254,474	0,000	0,150	3,000E-1	1,700E+1
254,675	0,000	0,150	3,000E-1	1,700E+1
254,874	0,000	0,150	3,000E-1	1,700E+1
255,074	0,000	0,150	3,000E-1	1,700E+1
255,276	0,000	0,150	3,000E-1	1,700E+1
255,478	0,000	0,150	3,000E-1	1,700E+1
255,678	0,000	0,150	3,000E-1	1,700E+1
255,878	0,000	0,150	3,000E-1	1,700E+1
256,078	0,000	0,150	3,000E-1	1,700E+1
256,280	0,000	0,150	3,000E-1	1,700E+1
256,479	0,000	0,150	3,000E-1	1,700E+1
256,679	0,000	0,150	3,000E-1	1,700E+1
256,879	0,000	0,150	3,000E-1	1,700E+1
257,080	0,000	0,150	3,000E-1	1,700E+1
257,280	0,000	0,150	3,000E-1	1,700E+1
257,481	0,000	0,150	3,000E-1	1,700E+1
257,681	0,000	0,150	3,000E-1	1,700E+1
257,882	0,000	0,150	3,000E-1	1,700E+1
258,082	0,000	0,150	3,000E-1	1,700E+1
258,281	0,000	0,150	3,000E-1	1,700E+1
258,482	0,000	0,150	3,000E-1	1,700E+1
258,683	0,000	0,150	3,000E-1	1,700E+1
258,883	0,000	0,150	3,000E-1	1,700E+1
259,082	0,000	0,150	3,000E-1	1,700E+1
259,283	0,000	0,150	3,000E-1	1,700E+1
259,483	0,000	0,150	3,000E-1	1,700E+1
259,685	0,000	0,150	3,000E-1	1,700E+1
259,884	0,000	0,150	3,000E-1	1,700E+1
260,084	0,000	0,150	3,000E-1	1,700E+1
260,285	0,000	0,150	3,000E-1	1,700E+1
260,486	0,000	0,150	3,000E-1	1,700E+1
260,688	0,000	0,150	3,000E-1	1,700E+1
260,888	0,000	0,150	3,000E-1	1,700E+1
261,088	0,000	0,150	3,000E-1	1,700E+1
261,287	0,000	0,150	3,000E-1	1,700E+1
261,487	0,000	0,150	3,000E-1	1,700E+1
261,688	0,000	0,150	3,000E-1	1,700E+1
261,887	0,000	0,150	3,000E-1	1,700E+1
262,087	0,000	0,150	3,000E-1	1,700E+1
262,289	0,000	0,150	3,000E-1	1,700E+1
262,489	0,000	0,150	3,000E-1	1,700E+1
262,689	0,000	0,150	3,000E-1	1,700E+1
262,892	0,000	0,150	3,000E-1	1,700E+1
263,092	0,000	0,150	3,000E-1	1,700E+1
263,292	0,000	0,150	3,000E-1	1,700E+1
263,493	0,000	0,150	3,000E-1	1,700E+1
263,694	0,000	0,150	3,000E-1	1,700E+1
263,895	0,000	0,150	3,000E-1	1,700E+1
264,095	0,000	0,150	3,000E-1	1,700E+1
264,294	0,000	0,150	3,000E-1	1,700E+1
264,495	0,000	0,150	3,000E-1	1,700E+1
264,694	0,000	0,150	3,000E-1	1,700E+1
264,895	0,000	0,150	3,000E-1	1,700E+1
265,096	0,000	0,150	3,000E-1	1,700E+1
265,295	0,000	0,150	3,000E-1	1,700E+1
265,497	0,000	0,150	3,000E-1	1,700E+1
265,697	0,000	0,150	3,000E-1	1,700E+1
265,898	0,000	0,150	3,000E-1	1,700E+1
266,097	0,000	0,150	3,000E-1	1,700E+1
266,302	0,000	0,150	3,000E-1	1,700E+1
266,502	0,000	0,150	3,000E-1	1,700E+1
266,702	0,000	0,150	3,000E-1	1,700E+1
266,901	0,000	0,150	3,000E-1	1,700E+1
267,102	0,000	0,150	3,000E-1	1,700E+1
267,303	0,000	0,150	3,000E-1	1,700E+1
267,504	0,000	0,150	3,000E-1	1,700E+1
267,703	0,000	0,150	3,000E-1	1,700E+1
267,903	0,000	0,150	3,000E-1	1,700E+1
268,103	0,000	0,150	3,000E-1	1,700E+1
268,304	0,000	0,150	3,000E-1	1,700E+1
268,504	0,000	0,150	3,000E-1	1,700E+1
268,704	0,000	0,150	3,000E-1	1,700E+1
268,905	0,000	0,150	3,000E-1	1,700E+1
269,106	0,000	0,150	3,000E-1	1,700E+1
269,307	0,000	0,150	3,000E-1	1,700E+1
269,508	0,000	0,150	3,000E-1	1,700E+1
269,708	0,000	0,150	3,000E-1	1,700E+1
269,909	0,000	0,150	3,000E-1	1,700E+1
270,111	0,000	0,150	3,000E-1	1,700E+1
270,311	0,000	0,150	3,000E-1	1,700E+1
270,511	0,000	0,150	3,000E-1	1,700E+1
270,711	0,000	0,150	3,000E-1	1,700E+1
270,911	0,000	0,150	3,000E-1	1,700E+1
271,113	0,000	0,150	3,000E-1	1,700E+1
271,314	0,000	0,150	3,000E-1	1,700E+1
271,515	0,000	0,150	3,000E-1	1,700E+1
271,715	0,000	0,150	3,000E-1	1,700E+1
271,914	0,000	0,150	3,000E-1	1,700E+1
272,115	0,000	0,150	3,000E-1	1,700E+1
272,315	0,000	0,150	3,000E-1	1,700E+1
272,514	0,000	0,150	3,000E-1	1,700E+1
272,716	0,000	0,150	3,000E-1	1,700E+1
272,917	0,000	0,150	3,000E-1	1,700E+1
273,117	0,000	0,150	3,000E-1	1,700E+1
273,318	0,000	0,150	3,000E-1	1,700E+1
273,519	0,000	0,150	3,000E-1	1,700E+1
273,720	0,000	0,150	3,000E-1	1,700E+1
273,921	0,000	0,150	3,000E-1	1,700E+1
274,121	0,000	0,150	3,000E-1	1,700E+1
274,320	0,000	0,150	3,000E-1	1,700E+1
274,521	0,000	0,150	3,000E-1	1,700E+1
274,721	0,000	0,150	3,000E-1	1,700E+1
274,922	0,000	0,150	3,000E-1	1,700E+1
275,124	0,000	0,150	3,000E-1	1,700E+1
275,324	0,000	0,150	3,000E-1	1,700E+1
275,524	0,000	0,150	3,000E-1	1,700E+1
275,725	0,000	0,150	3,000E-1	1,700E+1
275,926	0,000	0,150	3,000E-1	1,700E+1
276,126	0,000	0,150	3,000E-1	1,700E+1
276,326	0,000	0,150	3,000E-1	1,700E+1
276,526	0,000	0,150	3,000E-1	1,700E+1
276,727	0,000	0,150	3,000E-1	1,700E+1
276,928	0,000	0,150	3,000E-1	1,700E+1
277,127	0,000	0,150	3,000E-1	1,700E+1
277,328	0,000	0,150	3,000E-1	1,700E+1
277,529	0,000	0,150	3,000E-1	1,700E+1
277,729	0,000	0,150	3,000E-1	1,700E+1
277,929	0,000	0,150	3,000E-1	1,700E+1
278,129	0,000	0,150	3,000E-1	1,700E+1
278,330	0,000	0,150	3,000E-1	1,700E+1
278,530	0,000	0,150	3,000E-1	1,700E+1
278,731	0,000	0,150	3,000E-1	1,700E+1
278,931	0,000	0,150	3,000E-1	1,700E+1
279,130	0,000	0,150	3,000E-1	1,700E+1
279,330	0,000	0,150	3,000E-1	1,700E+1
279,531	0,000	0,150	3,000E-1	1,700E+1
279,731	0,000	0,150	3,000E-1	1,700E+1
279,933	0,000	0,150	3,000E-1	1,700E+1
280,134	0,000	0,150	3,000E-1	1,700E+1
280,335	0,000	0,150	3,000E-1	1,700E+1
280,535	0,000	0,150	3,000E-1	1,700E+1
280,735	0,000	0,150	3,000E-1	1,700E+1
280,934	0,000	0,150	3,000E-1	1,700E+1
281,135	0,000	0,150	3,000E-1	1,700E+1
281,334	0,000	0,150	3,000E-1	1,700E+1
281,536	0,000	0,150	3,000E-1	1,700E+1
281,735	0,000	0,150	3,000E-1	1,700E+1
281,936	0,000	0,150	3,000E-1	1,700E+1
282,135	0,000	0,150	3,000E-1	1,700E+1
282,335	0,000	0,150	3,000E-1	1,700E+1
282,536	0,000	0,150	3,000E-1	1,700E+1
282,737	0,000	0,150	3,000E-1	1,700E+1
282,936	0,000	0,150	3,000E-1	1,700E+1
283,136	0,000	0,150	3,000E-1	1,700E+1
283,337	0,000	0,150	3,000E-1	1,700E+1
283,538	0,000	0,150	3,000E-1	1,700E+1
283,739	0,000	0,150	3,000E-1	1,700E+1
283,938	0,000	0,150	3,000E-1	1,700E+1
284,138	0,000	0,150	3,000E-1	1,700E+1
284,338	0,000	0,150	3,000E-1	1,700E+1
284,538	0,000	0,150	3,000E-1	1,700E+1
284,740	0,000	0,150	3,000E-1	1,700E+1
284,941	0,000	0,150	3,000E-1	1,700E+1
285,140	0,000	0,150	3,000E-1	1,700E+1
285,340	0,000	0,150	3,000E-1	1,700E+1
285,541	0,000	0,150	3,000E-1	1,700E+1
285,743	0,000	0,150	3,000E-1	1,700E+1
285,943	0,000	0,150	3,000E-1	1,700E+1
286,144	0,000	0,150	3,000E-1	1,700E+1
286,344	0,000	0,150	3,000E-1	1,700E+1
286,545	0,000	0,150	3,000E-1	1,700E+1
286,746	0,000	0,150	3,000E-1	1,700E+1
286,947	0,000	0,150	3,000E-1	1,700E+1
287,147	0,000	0,150	3,000E-1	1,700E+1
287,348	0,000	0,150	3,000E-1	1,700E+1
287,547	0,000	0,150	3,000E-1	1,700E+1
287,748	0,000	0,150	3,000E-1	1,700E+1
287,949	0,000	0,150	3,000E-1	1,700E+1
288,149	0,000	0,150	3,000E-1	1,700E+1
288,349	0,000	0,150	3,000E-1	1,700E+1
288,549	0,000	0,150	3,000E-1	1,700E+1
288,750	0,000	0,150	3,000E-1	1,700E+1
288,950	0,000	0,150	3,000E-1	1,700E+1
289,150	0,000	0,150	3,000E-1	1,700E+1
289,350	0,000	0,150	3,000E-1	1,700E+1
289,551	0,000	0,150	3,000E-1	1,700E+1
289,751	0,000	0,150	3,000E-1	1,700E+1
289,952	0,000	0,150	3,000E-1	1,700E+1
290,151	0,000	0,150	3,000E-1	1,700E+1
290,351	0,000	0,150	3,000E-1	1,700E+1
290,551	0,000	0,150	3,000E-1	1,700E+1
290,753	0,000	0,150	3,000E-1	1,700E+1
290,954	0,000	0,150	3,000E-1	1,700E+1
291,155	0,000	0,150	3,000E-1	1,700E+1
291,356	0,000	0,150	3,000E-1	1,700E+1
291,557	0,000	0,150	3,000E-1	1,700E+1
291,757	0,000	0,150	3,000E-1	1,700E+1
291,958	0,000	0,150	3,000E-1	1,700E+1
292,159	0,000	0,150	3,000E-1	1,700E+1
292,360	0,000	0,150	3,000E-1	1,700E+1
292,562	0,000	0,150	3,000E-1	1,700E+1
292,762	0,000	0,150	3,000E-1	1,700E+1
292,963	0,000	0,150	3,000E-1	1,700E+1
293,164	0,000	0,150	3,000E-1	1,700E+1
293,365	0,000	0,150	3,000E-1	1,700E+1
293,565	0,000	0,150	3,000E-1	1,700E+1
293,765	0,000	0,150	3,000E-1	1,700E+1
293,965	0,000	0,150	3,000E-1	1,700E+1
294,165	0,000	0,150	3,000E-1	1,700E+1
294,366	0,000	0,150	3,000E-1	1,700E+1
294,566	0,000	0,150	3,000E-1	1,700E+1
294,768	0,000	0,150	3,000E-1	1,700E+1
294,969	0,000	0,150	3,000E-1	1,700E+1
295,170	0,000	0,150	3,000E-1	1,700E+1
295,369	0,000	0,150	3,000E-1	1,700E+1
295,569	0,000	0,150	3,000E-1	1,700E+1
295,771	0,000	0,150	3,000E-1	1,700E+1
295,971	0,000	0,150	3,000E-1	1,700E+1
296,172	0,000	0,150	3,000E-1	1,700E+1
296,373	0,000	0,150	3,000E-1	1,700E+1
296,573	0,000	0,150	3,000E-1	1,700E+1
296,775	0,000	0,150	3,000E-1	1,700E+1
296,974	0,000	0,150	3,000E-1	1,700E+1
297,176	0,000	0,150	3,000E-1	1,700E+1
297,376	0,000	0,150	3,000E-1	1,700E+1
297,576	0,000	0,150	3,000E-1	1,700E+1
297,778	0,000	0,150	3,000E-1	1,700E+1
297,979	0,000	0,150	3,000E-1	1,700E+1
298,179	0,000	0,150	3,000E-1	1,700E+1
298,379	0,000	0,150	3,000E-1	1,700E+1
298,581	0,000	0,150	3,000E-1	1,700E+1
298,780	0,000	0,150	3,000E-1	1,700E+1
298,981	0,000	0,150	3,000E-1	1,700E+1
299,181	0,000	0,150	3,000E-1	1,700E+1
299,382	0,000	0,150	3,000E-1	1,700E+1
299,581	0,000	0,150	3,000E-1	1,700E+1
299,783	0,000	0,150	3,000E-1	1,700E+1
299,984	0,000	0,150	3,000E-1	1,700E+1
300,183	0,000	0,150	3,000E-1	1,700E+1
300,384	0,000	0,150	3,000E-1	1,700E+1
300,585	0,000	0,150	3,000E-1	1,700E+1
300,786	0,000	0,150	3,000E-1	1,700E+1
300,987	0,000	0,150	3,000E-1	1,700E+1
301,187	0,000	0,150	3,000E-1	1,700E+1
301,389	0,000	0,150	3,000E-1	1,700E+1
301,590	0,000	0,150	3,000E-1	1,700E+1
301,791	0,000	0,150	3,000E-1	1,700E+1
301,990	0,000	0,150	3,000E-1	1,700E+1
302,192	0,000	0,150	3,000E-1	1,700E+1
302,394	0,000	0,150	3,000E-1	1,700E+1
302,596	0,000	0,150	3,000E-1	1,700E+1
302,797	0,000	0,150	3,000E-1	1,700E+1
302,997	0,000	0,150	3,000E-1	1,700E+1
303,199	0,000	0,150	3,000E-1	1,700E+1
303,398	0,000	0,150	3,000E-1	1,700E+1
303,598	0,000	0,150	3,000E-1	1,700E+1
303,798	0,000	0,150	3,000E-1	1,700E+1
303,999	0,000	0,150	3,000E-1	1,700E+1
304,199	0,000	0,150	3,000E-1	1,700E+1
304,399	0,000	0,150	3,000E-1	1,700E+1
304,600	0,000	0,150	3,000E-1	1,700E+1
304,801	0,000	0,150	3,000E-1	1,700E+1
305,003	0,000	0,150	3,000E-1	1,700E+1
305,204	0,000	0,150	3,000E-1	1,700E+1
305,405	0,000	0,150	3,000E-1	1,700E+1
305,605	0,000	0,150	3,000E-1	1,700E+1
305,805	0,000	0,150	3,000E-1	1,700E+1
306,005	0,000	0,150	3,000E-1	1,700E+1
306,205	0,000	0,150	3,000E-1	1,700E+1
306,406	0,000	0,150	3,000E-1	1,700E+1
306,608	0,000	0,150	3,000E-1	1,700E+1
306,807	0,000	0,150	3,000E-1	1,700E+1
307,008	0,000	0,150	3,000E-1	1,700E+1
307,208	0,000	0,150	3,000E-1	1,700E+1
307,408	0,000	0,150	3,000E-1	1,700E+1
307,608	0,000	0,150	3,000E-1	1,700E+1
307,809	0,000	0,150	3,000E-1	1,700E+1
308,008	0,000	0,150	3,000E-1	1,700E+1
308,208	0,000	0,150	3,000E-1	1,700E+1
308,408	0,000	0,150	3,000E-1	1,700E+1
308,610	0,000	0,150	3,000E-1	1,700E+1
308,809	0,000	0,150	3,000E-1	1,700E+1
309,009	0,000	0,150	3,000E-1	1,700E+1
309,211	0,000	0,150	3,000E-1	1,700E+1
309,411	0,000	0,150	3,000E-1	1,700E+1
309,610	0,000	0,150	3,000E-1	1,700E+1
309,810	0,000	0,150	3,000E-1	1,700E+1
310,011	0,000	0,150	3,000E-1	1,700E+1
310,212	0,000	0,150	3,000E-1	1,700E+1
310,412	0,000	0,150	3,000E-1	1,700E+1
310,615	0,000	0,150	3,000E-1	1,700E+1
310,815	0,000	0,150	3,000E-1	1,700E+1
311,014	0,000	0,150	3,000E-1	1,700E+1
311,216	0,000	0,150	3,000E-1	1,700E+1
311,417	0,000	0,150	3,000E-1	1,700E+1
311,617	0,000	0,150	3,000E-1	1,700E+1
311,817	0,000	0,150	3,000E-1	1,700E+1
312,018	0,000	0,150	3,000E-1	1,700E+1
312,219	0,000	0,150	3,000E-1	1,700E+1
312,419	0,000	0,150	3,000E-1	1,700E+1
312,621	0,000	0,150	3,000E-1	1,700E+1
312,821	0,000	0,150	3,000E-1	1,700E+1
313,020	0,000	0,150	3,000E-1	1,700E+1
313,221	0,000	0,150	3,000E-1	1,700E+1
313,420	0,000	0,150	3,000E-1	1,700E+1
313,621	0,000	0,150	3,000E-1	1,700E+1
313,823	0,000	0,150	3,000E-1	1,700E+1
314,023	0,000	0,150	3,000E-1	1,700E+1
314,222	0,000	0,150	3,000E-1	1,700E+1
314,424	0,000	0,150	3,000E-1	1,700E+1
314,624	0,000	0,150	3,000E-1	1,700E+1
314,823	0,000	0,150	3,000E-1	1,700E+1
315,025	0,000	0,150	3,000E-1	1,700E+1
315,225	0,000	0,150	3,000E-1	1,700E+1
315,426	0,000	0,150	3,000E-1	1,700E+1
315,626	0,000	0,150	3,000E-1	1,700E+1
315,827	0,000	0,150	3,000E-1	1,700E+1
316,026	0,000	0,150	3,000E-1	1,700E+1
316,226	0,000	0,150	3,000E-1	1,700E+1
316,427	0,000	0,150	3,000E-1	1,700E+1
316,629	0,000	0,150	3,000E-1	1,700E+1
316,830	0,000	0,150	3,000E-1	1,700E+1
317,031	0,000	0,150	3,000E-1	1,700E+1
317,231	0,000	0,150	3,000E-1	1,700E+1
317,431	0,000	0,150	3,000E-1	1,700E+1
317,632	0,000	0,150	3,000E-1	1,700E+1
317,833	0,000	0,150	3,000E-1	1,700E+1
318,032	0,000	0,150	3,000E-1	1,700E+1
318,233	0,000	0,150	3,000E-1	1,700E+1
318,436	0,000	0,150	3,000E-1	1,700E+1
318,636	0,000	0,150	3,000E-1	1,700E+1
318,838	0,000	0,150	3,000E-1	1,700E+1
319,038	0,000	0,150	3,000E-1	1,700E+1
319,239	0,000	0,150	3,000E-1	1,700E+1
319,440	0,000	0,150	3,000E-1	1,700E+1
319,641	0,000	0,150	3,000E-1	1,700E+1
319,841	0,000	0,150	3,000E-1	1,700E+1
320,041	0,000	0,150	3,000E-1	1,700E+1
320,240	0,000	0,150	3,000E-1	1,700E+1
320,441	0,000	0,150	3,000E-1	1,700E+1
320,640	0,000	0,150	3,000E-1	1,700E+1
320,842	0,000	0,150	3,000E-1	1,700E+1
321,044	0,000	0,150	3,000E-1	1,700E+1
321,245	0,000	0,150	3,000E-1	1,700E+1
321,445	0,000	0,150	3,000E-1	1,700E+1
321,646	0,000	0,150	3,000E-1	1,700E+1
321,846	0,000	0,150	3,000E-1	1,700E+1
322,047	0,000	0,150	3,000E-1	1,700E+1
322,247	0,000	0,150	3,000E-1	1,700E+1
322,447	0,000	0,150	3,000E-1	1,700E+1
322,647	0,000	0,150	3,000E-1	1,700E+1
322,847	0,000	0,150	3,000E-1	1,700E+1
323,049	0,000	0,150	3,000E-1	1,700E+1
323,250	0,000	0,150	3,000E-1	1,700E+1
323,452	0,000	0,150	3,000E-1	1,700E+1
323,652	0,000	0,150	3,000E-1	1,700E+1
323,853	0,000	0,150	3,000E-1	1,700E+1
324,052	0,000	0,150	3,000E-1	1,700E+1
324,252	0,000	0,150	3,000E-1	1,700E+1
324,454	0,000	0,150	3,000E-1	1,700E+1
324,656	0,000	0,150	3,000E-1	1,700E+1
324,856	0,000	0,150	3,000E-1	1,700E+1
325,058	0,000	0,150	3,000E-1	1,700E+1
325,258	0,000	0,150	3,000E-1	1,700E+1
325,458	0,000	0,150	3,000E-1	1,700E+1
325,658	0,000	0,150	3,000E-1	1,700E+1
325,858	0,000	0,150	3,000E-1	1,700E+1
326,060	0,000	0,150	3,000E-1	1,700E+1
326,260	0,000	0,150	3,000E-1	1,700E+1
326,462	0,000	0,150	3,000E-1	1,700E+1
326,662	0,000	0,150	3,000E-1	1,700E+1
326,864	0,000	0,150	3,000E-1	1,700E+1
327,063	0,000	0,150	3,000E-1	1,700E+1
327,263	0,000	0,150	3,000E-1	1,700E+1
327,463	0,000	0,150	3,000E-1	1,700E+1
327,663	0,000	0,150	3,000E-1	1,700E+1
327,864	0,000	0,150	3,000E-1	1,700E+1
328,065	0,000	0,150	3,000E-1	1,700E+1
328,264	0,000	0,150	3,000E-1	1,700E+1
328,466	0,000	0,150	3,000E-1	1,700E+1
328,665	0,000	0,150	3,000E-1	1,700E+1
328,865	0,000	0,150	3,000E-1	1,700E+1
329,065	0,000	0,150	3,000E-1	1,700E+1
329,265	0,000	0,150	3,000E-1	1,700E+1
329,465	0,000	0,150	3,000E-1	1,700E+1
329,667	0,000	0,150	3,000E-1	1,700E+1
329,868	0,000	0,150	3,000E-1	1,700E+1
330,069	0,000	0,150	3,000E-1	1,700E+1
330,269	0,000	0,150	3,000E-1	1,700E+1
330,470	0,000	0,150	3,000E-1	1,700E+1
330,670	0,000	0,150	3,000E-1	1,700E+1
330,872	0,000	0,150	3,000E-1	1,700E+1
331,072	0,000	0,150	3,000E-1	1,700E+1
331,274	0,000	0,150	3,000E-1	1,700E+1
331,477	0,000	0,150	3,000E-1	1,700E+1
331,677	0,000	0,150	3,000E-1	1,700E+1
331,879	0,000	0,150	3,000E-1	1,700E+1
332,080	0,000	0,150	3,000E-1	1,700E+1
332,281	0,000	0,150	3,000E-1	1,700E+1
332,481	0,000	0,150	3,000E-1	1,700E+1
332,683	0,000	0,150	3,000E-1	1,700E+1
332,884	0,000	0,150	3,000E-1	1,700E+1
333,084	0,000	0,150	3,000E-1	1,700E+1
333,285	0,000	0,150	3,000E-1	1,700E+1
333,486	0,000	0,150	3,000E-1	1,700E+1
333,688	0,000	0,150	3,000E-1	1,700E+1
333,889	0,000	0,150	3,000E-1	1,700E+1
334,089	0,000	0,150	3,000E-1	1,700E+1
334,288	0,000	0,150	3,000E-1	1,700E+1
334,490	0,000	0,150	3,000E-1	1,700E+1
334,690	0,000	0,150	3,000E-1	1,700E+1
334,890	0,000	0,150	3,000E-1	1,700E+1
335,089	0,000	0,150	3,000E-1	1,700E+1
335,291	0,000	0,150	3,000E-1	1,700E+1
335,490	0,000	0,150	3,000E-1	1,700E+1
335,690	0,000	0,150	3,000E-1	1,700E+1
335,890	0,000	0,150	3,000E-1	1,700E+1
336,090	0,000	0,150	3,000E-1	1,700E+1
336,292	0,000	0,150	3,000E-1	1,700E+1
336,493	0,000	0,150	3,000E-1	1,700E+1
336,694	0,000	0,150	3,000E-1	1,700E+1
336,896	0,000	0,150	3,000E-1	1,700E+1
337,097	0,000	0,150	3,000E-1	1,700E+1
337,300	0,000	0,150	3,000E-1	1,700E+1
337,500	0,000	0,150	3,000E-1	1,700E+1
337,701	0,000	0,150	3,000E-1	1,700E+1
337,900	0,000	0,150	3,000E-1	1,700E+1
338,101	0,000	0,150	3,000E-1	1,700E+1
338,301	0,000	0,150	3,000E-1	1,700E+1
338,501	0,000	0,150	3,000E-1	1,700E+1
338,704	0,000	0,150	3,000E-1	1,700E+1
338,904	0,000	0,150	3,000E-1	1,700E+1
339,104	0,000	0,150	3,000E-1	1,700E+1
339,305	0,000	0,150	3,000E-1	1,700E+1
339,505	0,000	0,150	3,000E-1	1,700E+1
339,704	0,000	0,150	3,000E-1	1,700E+1
339,904	0,000	0,150	3,000E-1	1,700E+1
340,105	0,000	0,150	3,000E-1	1,700E+1
340,306	0,000	0,150	3,000E-1	1,700E+1
340,506	0,000	0,150	3,000E-1	1,700E+1
340,708	0,000	0,150	3,000E-1	1,700E+1
340,909	0,000	0,150	3,000E-1	1,700E+1
341,108	0,000	0,150	3,000E-1	1,700E+1
341,309	0,000	0,150	3,000E-1	1,700E+1
341,509	0,000	0,150	3,000E-1	1,700E+1
341,710	0,000	0,150	3,000E-1	1,700E+1
341,909	0,000	0,150	3,000E-1	1,700E+1
342,110	0,000	0,150	3,000E-1	1,700E+1
342,312	0,000	0,150	3,000E-1	1,700E+1
342,514	0,000	0,150	3,000E-1	1,700E+1
342,713	0,000	0,150	3,000E-1	1,700E+1
342,913	0,000	0,150	3,000E-1	1,700E+1
343,113	0,000	0,150	3,000E-1	1,700E+1
343,316	0,000	0,150	3,000E-1	1,700E+1
343,516	0,000	0,150	3,000E-1	1,700E+1
343,716	0,000	0,150	3,000E-1	1,700E+1
343,917	0,000	0,150	3,000E-1	1,700E+1
344,118	0,000	0,150	3,000E-1	1,700E+1
344,319	0,000	0,150	3,000E-1	1,700E+1
344,519	0,000	0,150	3,000E-1	1,700E+1
344,719	0,000	0,150	3,000E-1	1,700E+1
344,918	0,000	0,150	3,000E-1	1,700E+1
345,119	0,000	0,150	3,000E-1	1,700E+1
345,319	0,000	0,150	3,000E-1	1,700E+1
345,520	0,000	0,150	3,000E-1	1,700E+1
345,720	0,000	0,150	3,000E-1	1,700E+1
345,921	0,000	0,150	3,000E-1	1,700E+1
346,121	0,000	0,150	3,000E-1	1,700E+1
346,322	0,000	0,150	3,000E-1	1,700E+1
346,522	0,000	0,150	3,000E-1	1,700E+1
346,722	0,000	0,150	3,000E-1	1,700E+1
346,923	0,000	0,150	3,000E-1	1,700E+1
347,123	0,000	0,150	3,000E-1	1,700E+1
347,324	0,000	0,150	3,000E-1	1,700E+1
347,523	0,000	0,150	3,000E-1	1,700E+1
347,724	0,000	0,150	3,000E-1	1,700E+1
347,924	0,000	0,150	3,000E-1	1,700E+1
348,125	0,000	0,150	3,000E-1	1,700E+1
348,325	0,000	0,150	3,000E-1	1,700E+1
348,525	0,000	0,150	3,000E-1	1,700E+1
348,727	0,000	0,150	3,000E-1	1,700E+1
348,926	0,000	0,150	3,000E-1	1,700E+1
349,127	0,000	0,150	3,000E-1	1,700E+1
349,328	0,000	0,150	3,000E-1	1,700E+1
349,530	0,000	0,150	3,000E-1	1,700E+1
349,730	0,000	0,150	3,000E-1	1,700E+1
349,929	0,000	0,150	3,000E-1	1,700E+1
350,130	0,000	0,150	3,000E-1	1,700E+1
350,329	0,000	0,150	3,000E-1	1,700E+1
350,531	0,000	0,150	3,000E-1	1,700E+1
350,731	0,000	0,150	3,000E-1	1,700E+1
350,933	0,000	0,150	3,000E-1	1,700E+1
351,133	0,000	0,150	3,000E-1	1,700E+1
351,335	0,000	0,150	3,000E-1	1,700E+1
351,536	0,000	0,150	3,000E-1	1,700E+1
351,736	0,000	0,150	3,000E-1	1,700E+1
351,936	0,000	0,150	3,000E-1	1,700E+1
352,135	0,000	0,150	3,000E-1	1,700E+1
352,337	0,000	0,150	3,000E-1	1,700E+1
352,537	0,000	0,150	3,000E-1	1,700E+1
352,738	0,000	0,150	3,000E-1	1,700E+1
352,939	0,000	0,150	3,000E-1	1,700E+1
353,139	0,000	0,150	3,000E-1	1,700E+1
353,340	0,000	0,150	3,000E-1	1,700E+1
353,541	0,000	0,150	3,000E-1	1,700E+1
353,741	0,000	0,150	3,000E-1	1,700E+1
353,941	0,000	0,150	3,000E-1	1,700E+1
354,143	0,000	0,150	3,000E-1	1,700E+1
354,343	0,000	0,150	3,000E-1	1,700E+1
354,544	0,000	0,150	3,000E-1	1,700E+1
354,744	0,000	0,150	3,000E-1	1,700E+1
354,945	0,000	0,150	3,000E-1	1,700E+1
355,145	0,000	0,150	3,000E-1	1,700E+1
355,345	0,000	0,150	3,000E-1	1,700E+1
355,545	0,000	0,150	3,000E-1	1,700E+1
355,746	0,000	0,150	3,000E-1	1,700E+1
355,946	0,000	0,150	3,000E-1	1,700E+1
356,146	0,000	0,150	3,000E-1	1,700E+1
356,347	0,000	0,150	3,000E-1	1,700E+1
356,547	0,000	0,150	3,000E-1	1,700E+1
356,749	0,000	0,150	3,000E-1	1,700E+1
356,948	0,000	0,150	3,000E-1	1,700E+1
357,148	0,000	0,150	3,000E-1	1,700E+1
357,349	0,000	0,150	3,000E-1	1,700E+1
357,549	0,000	0,150	3,000E-1	1,700E+1
357,749	0,000	0,150	3,000E-1	1,700E+1
357,949	0,000	0,150	3,000E-1	1,700E+1
358,151	0,000	0,150	3,000E-1	1,700E+1
358,352	0,000	0,150	3,000E-1	1,700E+1
358,552	0,000	0,150	3,000E-1	1,700E+1
358,754	0,000	0,150	3,000E-1	1,700E+1
358,956	0,000	0,150	3,000E-1	1,700E+1
359,155	0,000	0,150	3,000E-1	1,700E+1
359,356	0,000	0,150	3,000E-1	1,700E+1
359,558	0,000	0,150	3,000E-1	1,700E+1
359,758	0,000	0,150	3,000E-1	1,700E+1
359,960	0,000	0,150	3,000E-1	1,700E+1
360,159	0,000	0,150	3,000E-1	1,700E+1
360,360	0,000	0,150	3,000E-1	1,700E+1
360,560	0,000	0,150	3,000E-1	1,700E+1
360,762	0,000	0,150	3,000E-1	1,700E+1
360,962	0,000	0,150	3,000E-1	1,700E+1
361,163	0,000	0,150	3,000E-1	1,700E+1
361,364	0,000	0,150	3,000E-1	1,700E+1
361,564	0,000	0,150	3,000E-1	1,700E+1
361,765	0,000	0,150	3,000E-1	1,700E+1
361,966	0,000	0,150	3,000E-1	1,700E+1
362,167	0,000	0,150	3,000E-1	1,700E+1
362,367	0,000	0,150	3,000E-1	1,700E+1
362,567	0,000	0,150	3,000E-1	1,700E+1
362,767	0,000	0,150	3,000E-1	1,700E+1
362,966	0,000	0,150	3,000E-1	1,700E+1
363,168	0,000	0,150	3,000E-1	1,700E+1
363,368	0,000	0,150	3,000E-1	1,700E+1
363,569	0,000	0,150	3,000E-1	1,700E+1
363,769	0,000	0,150	3,000E-1	1,700E+1
363,970	0,000	0,150	3,000E-1	1,700E+1
364,172	0,000	0,150	3,000E-1	1,700E+1
364,371	0,000	0,150	3,000E-1	1,700E+1
364,571	0,000	0,150	3,000E-1	1,700E+1
364,771	0,000	0,150	3,000E-1	1,700E+1
364,973	0,000	0,150	3,000E-1	1,700E+1
365,174	0,000	0,150	3,000E-1	1,700E+1
365,373	0,000	0,150	3,000E-1	1,700E+1
365,575	0,000	0,150	3,000E-1	1,700E+1
365,775	0,000	0,150	3,000E-1	1,700E+1
365,977	0,000	0,150	3,000E-1	1,700E+1
366,176	0,000	0,150	3,000E-1	1,700E+1
366,376	0,000	0,150	3,000E-1	1,700E+1
366,579	0,000	0,150	3,000E-1	1,700E+1
366,779	0,000	0,150	3,000E-1	1,700E+1
366,979	0,000	0,150	3,000E-1	1,700E+1
367,179	0,000	0,150	3,000E-1	1,700E+1
367,380	0,000	0,150	3,000E-1	1,700E+1
367,582	0,000	0,150	3,000E-1	1,700E+1
367,782	0,000	0,150	3,000E-1	1,700E+1
367,986	0,000	0,150	3,000E-1	1,700E+1
368,185	0,000	0,150	3,000E-1	1,700E+1
368,386	0,000	0,150	3,000E-1	1,700E+1
368,586	0,000	0,150	3,000E-1	1,700E+1
368,787	0,000	0,150	3,000E-1	1,700E+1
368,987	0,000	0,150	3,000E-1	1,700E+1
369,187	0,000	0,150	3,000E-1	1,700E+1
369,387	0,000	0,150	3,000E-1	1,700E+1
369,588	0,000	0,150	3,000E-1	1,700E+1
369,788	0,000	0,150	3,000E-1	1,700E+1
369,988	0,000	0,150	3,000E-1	1,700E+1
370,189	0,000	0,150	3,000E-1	1,700E+1
370,390	0,000	0,150	3,000E-1	1,700E+1
370,591	0,000	0,150	3,000E-1	1,700E+1
370,791	0,000	0,150	3,000E-1	1,700E+1
370,990	0,000	0,150	3,000E-1	1,700E+1
371,190	0,000	0,150	3,000E-1	1,700E+1
371,393	0,000	0,150	3,000E-1	1,700E+1
371,593	0,000	0,150	3,000E-1	1,700E+1
371,794	0,000	0,150	3,000E-1	1,700E+1
371,996	0,000	0,150	3,000E-1	1,700E+1
372,195	0,000	0,150	3,000E-1	1,700E+1
372,395	0,000	0,150	3,000E-1	1,700E+1
372,596	0,000	0,150	3,000E-1	1,700E+1
372,797	0,000	0,150	3,000E-1	1,700E+1
372,997	0,000	0,150	3,000E-1	1,700E+1
373,197	0,000	0,150	3,000E-1	1,700E+1
373,396	0,000	0,150	3,000E-1	1,700E+1
373,598	0,000	0,150	3,000E-1	1,700E+1
373,798	0,000	0,150	3,000E-1	1,700E+1
373,997	0,000	0,150	3,000E-1	1,700E+1
374,197	0,000	0,150	3,000E-1	1,700E+1
374,397	0,000	0,150	3,000E-1	1,700E+1
374,600	0,000	0,150	3,000E-1	1,700E+1
374,799	0,000	0,150	3,000E-1	1,700E+1
374,999	0,000	0,150	3,000E-1	1,700E+1
375,201	0,000	0,150	3,000E-1	1,700E+1
375,401	0,000	0,150	3,000E-1	1,700E+1
375,601	0,000	0,150	3,000E-1	1,700E+1
375,801	0,000	0,150	3,000E-1	1,700E+1
376,003	0,000	0,150	3,000E-1	1,700E+1
376,202	0,000	0,150	3,000E-1	1,700E+1
376,404	0,000	0,150	3,000E-1	1,700E+1
376,604	0,000	0,150	3,000E-1	1,700E+1
376,805	0,000	0,150	3,000E-1	1,700E+1
377,006	0,000	0,150	3,000E-1	1,700E+1
377,206	0,000	0,150	3,000E-1	1,700E+1
377,407	0,000	0,150	3,000E-1	1,700E+1
377,609	0,000	0,150	3,000E-1	1,700E+1
377,810	0,000	0,150	3,000E-1	1,700E+1
378,012	0,000	0,150	3,000E-1	1,700E+1
378,211	0,000	0,150	3,000E-1	1,700E+1
378,412	0,000	0,150	3,000E-1	1,700E+1
378,612	0,000	0,150	3,000E-1	1,700E+1
378,812	0,000	0,150	3,000E-1	1,700E+1
379,013	0,000	0,150	3,000E-1	1,700E+1
379,213	0,000	0,150	3,000E-1	1,700E+1
379,414	0,000	0,150	3,000E-1	1,700E+1
379,616	0,000	0,150	3,000E-1	1,700E+1
379,815	0,000	0,150	3,000E-1	1,700E+1
380,018	0,000	0,150	3,000E-1	1,700E+1
380,217	0,000	0,150	3,000E-1	1,700E+1
380,417	0,000	0,150	3,000E-1	1,700E+1
380,617	0,000	0,150	3,000E-1	1,700E+1
380,818	0,000	0,150	3,000E-1	1,700E+1
381,019	0,000	0,150	3,000E-1	1,700E+1
381,219	0,000	0,150	3,000E-1	1,700E+1
381,418	0,000	0,150	3,000E-1	1,700E+1
381,618	0,000	0,150	3,000E-1	1,700E+1
381,819	0,000	0,150	3,000E-1	1,700E+1
382,018	0,000	0,150	3,000E-1	1,700E+1
382,220	0,000	0,150	3,000E-1	1,700E+1
382,421	0,000	0,150	3,000E-1	1,700E+1
382,621	0,000	0,150	3,000E-1	1,700E+1
382,821	0,000	0,150	3,000E-1	1,700E+1
383,022	0,000	0,150	3,000E-1	1,700E+1
383,223	0,000	0,150	3,000E-1	1,700E+1
383,423	0,000	0,150	3,000E-1	1,700E+1
383,624	0,000	0,150	3,000E-1	1,700E+1
383,824	0,000	0,150	3,000E-1	1,700E+1
384,025	0,000	0,150	3,000E-1	1,700E+1
384,227	0,000	0,150	3,000E-1	1,700E+1
384,426	0,000	0,150	3,000E-1	1,700E+1
384,627	0,000	0,150	3,000E-1	1,700E+1
384,829	0,000	0,150	3,000E-1	1,700E+1
385,029	0,000	0,150	3,000E-1	1,700E+1
385,229	0,000	0,150	3,000E-1	1,700E+1
385,430	0,000	0,150	3,000E-1	1,700E+1
385,630	0,000	0,150	3,000E-1	1,700E+1
385,830	0,000	0,150	3,000E-1	1,700E+1
386,031	0,000	0,150	3,000E-1	1,700E+1
386,231	0,000	0,150	3,000E-1	1,700E+1
386,431	0,000	0,150	3,000E-1	1,700E+1
386,632	0,000	0,150	3,000E-1	1,700E+1
386,833	0,000	0,150	3,000E-1	1,700E+1
387,034	0,000	0,150	3,000E-1	1,700E+1
387,234	0,000	0,150	3,000E-1	1,700E+1
387,434	0,000	0,150	3,000E-1	1,700E+1
387,637	0,000	0,150	3,000E-1	1,700E+1
387,837	0,000	0,150	3,000E-1	1,700E+1
388,038	0,000	0,150	3,000E-1	1,700E+1
388,238	0,000	0,150	3,000E-1	1,700E+1
388,438	0,000	0,150	3,000E-1	1,700E+1
388,638	0,000	0,150	3,000E-1	1,700E+1
388,838	0,000	0,150	3,000E-1	1,700E+1
389,040	0,000	0,150	3,000E-1	1,700E+1
389,240	0,000	0,150	3,000E-1	1,700E+1
389,440	0,000	0,150	3,000E-1	1,700E+1
389,642	0,000	0,150	3,000E-1	1,700E+1
389,843	0,000	0,150	3,000E-1	1,700E+1
390,042	0,000	0,150	3,000E-1	1,700E+1
390,243	0,000	0,150	3,000E-1	1,700E+1
390,444	0,000	0,150	3,000E-1	1,700E+1
390,643	0,000	0,150	3,000E-1	1,700E+1
390,844	0,000	0,150	3,000E-1	1,700E+1
391,044	0,000	0,150	3,000E-1	1,700E+1
391,245	0,000	0,150	3,000E-1	1,700E+1
391,446	0,000	0,150	3,000E-1	1,700E+1
391,647	0,000	0,150	3,000E-1	1,700E+1
391,847	0,000	0,150	3,000E-1	1,700E+1
392,047	0,000	0,150	3,000E-1	1,700E+1
392,247	0,000	0,150	3,000E-1	1,700E+1
392,447	0,000	0,150	3,000E-1	1,700E+1
392,649	0,000	0,150	3,000E-1	1,700E+1
392,849	0,000	0,150	3,000E-1	1,700E+1
393,052	0,000	0,150	3,000E-1	1,700E+1
393,252	0,000	0,150	3,000E-1	1,700E+1
393,453	0,000	0,150	3,000E-1	1,700E+1
393,654	0,000	0,150	3,000E-1	1,700E+1
393,854	0,000	0,150	3,000E-1	1,700E+1
394,055	0,000	0,150	3,000E-1	1,700E+1
394,256	0,000	0,150	3,000E-1	1,700E+1
394,456	0,000	0,150	3,000E-1	1,700E+1
394,657	0,000	0,150	3,000E-1	1,700E+1
394,857	0,000	0,150	3,000E-1	1,700E+1
395,056	0,000	0,150	3,000E-1	1,700E+1
395,256	0,000	0,150	3,000E-1	1,700E+1
395,457	0,000	0,150	3,000E-1	1,700E+1
395,658	0,000	0,150	3,000E-1	1,700E+1
395,858	0,000	0,150	3,000E-1	1,700E+1
396,058	0,000	0,150	3,000E-1	1,700E+1
396,259	0,000	0,150	3,000E-1	1,700E+1
396,459	0,000	0,150	3,000E-1	1,700E+1
396,660	0,000	0,150	3,000E-1	1,700E+1
396,860	0,000	0,150	3,000E-1	1,700E+1
397,060	0,000	0,150	3,000E-1	1,700E+1
397,262	0,000	0,150	3,000E-1	1,700E+1
397,463	0,000	0,150	3,000E-1	1,700E+1
397,664	0,000	0,150	3,000E-1	1,700E+1
397,864	0,000	0,150	3,000E-1	1,700E+1
398,064	0,000	0,150	3,000E-1	1,700E+1
398,265	0,000	0,150	3,000E-1	1,700E+1
398,465	0,000	0,150	3,000E-1	1,700E+1
398,666	0,000	0,150	3,000E-1	1,700E+1
398,867	0,000	0,150	3,000E-1	1,700E+1
399,067	0,000	0,150	3,000E-1	1,700E+1
399,268	0,000	0,150	3,000E-1	1,700E+1
399,469	0,000	0,150	3,000E-1	1,700E+1
399,670	0,000	0,150	3,000E-1	1,700E+1
399,871	0,000	0,150	3,000E-1	1,700E+1
400,072	0,000	0,150	3,000E-1	1,700E+1
400,272	0,000	0,150	3,000E-1	1,700E+1
400,473	0,000	0,150	3,000E-1	1,700E+1
400,675	0,000	0,150	3,000E-1	1,700E+1
400,875	0,000	0,150	3,000E-1	1,700E+1
401,074	0,000	0,150	3,000E-1	1,700E+1
401,274	0,000	0,150	3,000E-1	1,700E+1
401,476	0,000	0,150	3,000E-1	1,700E+1
401,676	0,000	0,150	3,000E-1	1,700E+1
401,876	0,000	0,150	3,000E-1	1,700E+1
402,076	0,000	0,150	3,000E-1	1,700E+1
402,275	0,000	0,150	3,000E-1	1,700E+1
402,475	0,000	0,150	3,000E-1	1,700E+1
402,676	0,000	0,150	3,000E-1	1,700E+1
402,876	0,000	0,150	3,000E-1	1,700E+1
403,076	0,000	0,150	3,000E-1	1,700E+1
403,276	0,000	0,150	3,000E-1	1,700E+1
403,477	0,000	0,150	3,000E-1	1,700E+1
403,678	0,000	0,150	3,000E-1	1,700E+1
403,879	0,000	0,150	3,000E-1	1,700E+1
404,079	0,000	0,150	3,000E-1	1,700E+1
404,279	0,000	0,150	3,000E-1	1,700E+1
404,479	0,000	0,150	3,000E-1	1,700E+1
404,680	0,000	0,150	3,000E-1	1,700E+1
404,880	0,000	0,150	3,000E-1	1,700E+1
405,080	0,000	0,150	3,000E-1	1,700E+1
405,280	0,000	0,150	3,000E-1	1,700E+1
405,482	0,000	0,150	3,000E-1	1,700E+1
405,682	0,000	0,150	3,000E-1	1,700E+1
405,883	0,000	0,150	3,000E-1	1,700E+1
406,084	0,000	0,150	3,000E-1	1,700E+1
406,283	0,000	0,150	3,000E-1	1,700E+1
406,483	0,000	0,150	3,000E-1	1,700E+1
406,685	0,000	0,150	3,000E-1	1,700E+1
406,886	0,000	0,150	3,000E-1	1,700E+1
407,085	0,000	0,150	3,000E-1	1,700E+1
407,286	0,000	0,150	3,000E-1	1,700E+1
407,485	0,000	0,150	3,000E-1	1,700E+1
407,686	0,000	0,150	3,000E-1	1,700E+1
407,887	0,000	0,150	3,000E-1	1,700E+1
408,088	0,000	0,150	3,000E-1	1,700E+1
408,289	0,000	0,150	3,000E-1	1,700E+1
408,489	0,000	0,150	3,000E-1	1,700E+1
408,690	0,000	0,150	3,000E-1	1,700E+1
408,889	0,000	0,150	3,000E-1	1,700E+1
409,089	0,000	0,150	3,000E-1	1,700E+1
409,289	0,000	0,150	3,000E-1	1,700E+1
409,491	0,000	0,150	3,000E-1	1,700E+1
409,694	0,000	0,150	3,000E-1	1,700E+1
409,894	0,000	0,150	3,000E-1	1,700E+1
410,095	0,000	0,150	3,000E-1	1,700E+1
410,296	0,000	0,150	3,000E-1	1,700E+1
410,496	0,000	0,150	3,000E-1	1,700E+1
410,696	0,000	0,150	3,000E-1	1,700E+1
410,896	0,000	0,150	3,000E-1	1,700E+1
411,098	0,000	0,150	3,000E-1	1,700E+1
411,298	0,000	0,150	3,000E-1	1,700E+1
411,498	0,000	0,150	3,000E-1	1,700E+1
411,699	0,000	0,150	3,000E-1	1,700E+1
411,898	0,000	0,150	3,000E-1	1,700E+1
412,099	0,000	0,150	3,000E-1	1,700E+1
412,299	0,000	0,150	3,000E-1	1,700E+1
412,500	0,000	0,150	3,000E-1	1,700E+1
412,701	0,000	0,150	3,000E-1	1,700E+1
412,901	0,000	0,150	3,000E-1	1,700E+1
413,101	0,000	0,150	3,000E-1	1,700E+1
413,302	0,000	0,150	3,000E-1	1,700E+1
413,501	0,000	0,150	3,000E-1	1,700E+1
413,703	0,000	0,150	3,000E-1	1,700E+1
413,906	0,000	0,150	3,000E-1	1,700E+1
414,106	0,000	0,150	3,000E-1	1,700E+1
414,305	0,000	0,150	3,000E-1	1,700E+1
414,506	0,000	0,150	3,000E-1	1,700E+1
414,706	0,000	0,150	3,000E-1	1,700E+1
414,908	0,000	0,150	3,000E-1	1,700E+1
415,107	0,000	0,150	3,000E-1	1,700E+1
415,308	0,000	0,150	3,000E-1	1,700E+1
415,508	0,000	0,150	3,000E-1	1,700E+1
415,708	0,000	0,150	3,000E-1	1,700E+1
415,909	0,000	0,150	3,000E-1	1,700E+1
416,108	0,000	0,150	3,000E-1	1,700E+1
416,310	0,000	0,150	3,000E-1	1,700E+1
416,511	0,000	0,150	3,000E-1	1,700E+1
416,710	0,000	0,150	3,000E-1	1,700E+1
416,912	0,000	0,150	3,000E-1	1,700E+1
417,113	0,000	0,150	3,000E-1	1,700E+1
417,313	0,000	0,150	3,000E-1	1,700E+1
417,514	0,000	0,150	3,000E-1	1,700E+1
417,716	0,000	0,150	3,000E-1	1,700E+1
417,915	0,000	0,150	3,000E-1	1,700E+1
418,116	0,000	0,150	3,000E-1	1,700E+1
418,316	0,000	0,150	3,000E-1	1,700E+1
418,516	0,000	0,150	3,000E-1	1,700E+1
418,717	0,000	0,150	3,000E-1	1,700E+1
418,918	0,000	0,150	3,000E-1	1,700E+1
419,119	0,000	0,150	3,000E-1	1,700E+1
419,319	0,000	0,150	3,000E-1	1,700E+1
419,520	0,000	0,150	3,000E-1	1,700E+1
419,721	0,000	0,150	3,000E-1	1,700E+1
419,920	0,000	0,150	3,000E-1	1,700E+1
420,121	0,000	0,150	3,000E-1	1,700E+1
420,320	0,000	0,150	3,000E-1	1,700E+1
420,523	0,000	0,150	3,000E-1	1,700E+1
420,725	0,000	0,150	3,000E-1	1,700E+1
420,926	0,000	0,150	3,000E-1	1,700E+1
421,126	0,000	0,150	3,000E-1	1,700E+1
421,330	0,000	0,150	3,000E-1	1,700E+1
421,529	0,000	0,150	3,000E-1	1,700E+1
421,731	0,000	0,150	3,000E-1	1,700E+1
421,931	0,000	0,150	3,000E-1	1,700E+1
422,132	0,000	0,150	3,000E-1	1,700E+1
422,332	0,000	0,150	3,000E-1	1,700E+1
422,531	0,000	0,150	3,000E-1	1,700E+1
422,731	0,000	0,150	3,000E-1	1,700E+1
422,931	0,000	0,150	3,000E-1	1,700E+1
423,132	0,000	0,150	3,000E-1	1,700E+1
423,331	0,000	0,150	3,000E-1	1,700E+1
423,533	0,000	0,150	3,000E-1	1,700E+1
423,733	0,000	0,150	3,000E-1	1,700E+1
423,934	0,000	0,150	3,000E-1	1,700E+1
424,134	0,000	0,150	3,000E-1	1,700E+1
424,335	0,000	0,150	3,000E-1	1,700E+1
424,536	0,000	0,150	3,000E-1	1,700E+1
424,735	0,000	0,150	3,000E-1	1,700E+1
424,935	0,000	0,150	3,000E-1	1,700E+1
425,135	0,000	0,150	3,000E-1	1,700E+1
425,336	0,000	0,150	3,000E-1	1,700E+1
425,537	0,000	0,150	3,000E-1	1,700E+1
425,739	0,000	0,150	3,000E-1	1,700E+1
425,939	0,000	0,150	3,000E-1	1,700E+1
426,138	0,000	0,150	3,000E-1	1,700E+1
426,340	0,000	0,150	3,000E-1	1,700E+1
426,541	0,000	0,150	3,000E-1	1,700E+1
426,741	0,000	0,150	3,000E-1	1,700E+1
426,942	0,000	0,150	3,000E-1	1,700E+1
427,142	0,000	0,150	3,000E-1	1,700E+1
427,341	0,000	0,150	3,000E-1	1,700E+1
427,543	0,000	0,150	3,000E-1	1,700E+1
427,743	0,000	0,150	3,000E-1	1,700E+1
427,944	0,000	0,150	3,000E-1	1,700E+1
428,145	0,000	0,150	3,000E-1	1,700E+1
428,346	0,000	0,150	3,000E-1	1,700E+1
428,545	0,000	0,150	3,000E-1	1,700E+1
428,746	0,000	0,150	3,000E-1	1,700E+1
428,947	0,000	0,150	3,000E-1	1,700E+1
429,146	0,000	0,150	3,000E-1	1,700E+1
429,347	0,000	0,150	3,000E-1	1,700E+1
429,547	0,000	0,150	3,000E-1	1,700E+1
429,747	0,000	0,150	3,000E-1	1,700E+1
429,948	0,000	0,150	3,000E-1	1,700E+1
430,147	0,000	0,150	3,000E-1	1,700E+1
430,347	0,000	0,150	3,000E-1	1,700E+1
430,548	0,000	0,150	3,000E-1	1,700E+1
430,748	0,000	0,150	3,000E-1	1,700E+1
430,949	0,000	0,150	3,000E-1	1,700E+1
431,150	0,000	0,150	3,000E-1	1,700E+1
431,351	0,000	0,150	3,000E-1	1,700E+1
431,551	0,000	0,150	3,000E-1	1,700E+1
431,752	0,000	0,150	3,000E-1	1,700E+1
431,951	0,000	0,150	3,000E-1	1,700E+1
432,153	0,000	0,150	3,000E-1	1,700E+1
432,352	0,000	0,150	3,000E-1	1,700E+1
432,553	0,000	0,150	3,000E-1	1,700E+1
432,753	0,000	0,150	3,000E-1	1,700E+1
432,953	0,000	0,150	3,000E-1	1,700E+1
433,152	0,000	0,150	3,000E-1	1,700E+1
433,353	0,000	0,150	3,000E-1	1,700E+1
433,555	0,000	0,150	3,000E-1	1,700E+1
433,755	0,000	0,150	3,000E-1	1,700E+1
433,957	0,000	0,150	3,000E-1	1,700E+1
434,156	0,000	0,150	3,000E-1	1,700E+1
434,356	0,000	0,150	3,000E-1	1,700E+1
434,559	0,000	0,150	3,000E-1	1,700E+1
434,758	0,000	0,150	3,000E-1	1,700E+1
434,958	0,000	0,150	3,000E-1	1,700E+1
435,158	0,000	0,150	3,000E-1	1,700E+1
435,359	0,000	0,150	3,000E-1	1,700E+1
435,558	0,000	0,150	3,000E-1	1,700E+1
435,760	0,000	0,150	3,000E-1	1,700E+1
435,960	0,000	0,150	3,000E-1	1,700E+1
436,161	0,000	0,150	3,000E-1	1,700E+1
436,362	0,000	0,150	3,000E-1	1,700E+1
436,561	0,000	0,150	3,000E-1	1,700E+1
436,762	0,000	0,150	3,000E-1	1,700E+1
436,963	0,000	0,150	3,000E-1	1,700E+1
437,164	0,000	0,150	3,000E-1	1,700E+1
437,365	0,000	0,150	3,000E-1	1,700E+1
437,565	0,000	0,150	3,000E-1	1,700E+1
437,765	0,000	0,150	3,000E-1	1,700E+1
437,966	0,000	0,150	3,000E-1	1,700E+1
438,166	0,000	0,150	3,000E-1	1,700E+1
438,365	0,000	0,150	3,000E-1	1,700E+1
438,566	0,000	0,150	3,000E-1	1,700E+1
438,768	0,000	0,150	3,000E-1	1,700E+1
438,968	0,000	0,150	3,000E-1	1,700E+1
439,168	0,000	0,150	3,000E-1	1,700E+1
439,370	0,000	0,150	3,000E-1	1,700E+1
439,570	0,000	0,150	3,000E-1	1,700E+1
439,769	0,000	0,150	3,000E-1	1,700E+1
439,970	0,000	0,150	3,000E-1	1,700E+1
440,172	0,000	0,150	3,000E-1	1,700E+1
440,372	0,000	0,150	3,000E-1	1,700E+1
440,574	0,000	0,150	3,000E-1	1,700E+1
440,774	0,000	0,150	3,000E-1	1,700E+1
440,976	0,000	0,150	3,000E-1	1,700E+1
441,176	0,000	0,150	3,000E-1	1,700E+1
441,377	0,000	0,150	3,000E-1	1,700E+1
441,577	0,000	0,150	3,000E-1	1,700E+1
441,777	0,000	0,150	3,000E-1	1,700E+1
441,979	0,000	0,150	3,000E-1	1,700E+1
442,178	0,000	0,150	3,000E-1	1,700E+1
442,380	0,000	0,150	3,000E-1	1,700E+1
442,579	0,000	0,150	3,000E-1	1,700E+1
442,779	0,000	0,150	3,000E-1	1,700E+1
442,979	0,000	0,150	3,000E-1	1,700E+1
443,179	0,000	0,150	3,000E-1	1,700E+1
443,379	0,000	0,150	3,000E-1	1,700E+1
443,579	0,000	0,150	3,000E-1	1,700E+1
443,779	0,000	0,150	3,000E-1	1,700E+1
443,981	0,000	0,150	3,000E-1	1,700E+1
444,180	0,000	0,150	3,000E-1	1,700E+1
444,383	0,000	0,150	3,000E-1	1,700E+1
444,585	0,000	0,150	3,000E-1	1,700E+1
444,786	0,000	0,150	3,000E-1	1,700E+1
444,988	0,000	0,150	3,000E-1	1,700E+1
445,189	0,000	0,150	3,000E-1	1,700E+1
445,390	0,000	0,150	3,000E-1	1,700E+1
445,590	0,000	0,150	3,000E-1	1,700E+1
445,790	0,000	0,150	3,000E-1	1,700E+1
445,990	0,000	0,150	3,000E-1	1,700E+1
446,191	0,000	0,150	3,000E-1	1,700E+1
446,391	0,000	0,150	3,000E-1	1,700E+1
446,592	0,000	0,150	3,000E-1	1,700E+1
446,794	0,000	0,150	3,000E-1	1,700E+1
446,995	0,000	0,150	3,000E-1	1,700E+1
447,194	0,000	0,150	3,000E-1	1,700E+1
447,396	0,000	0,150	3,000E-1	1,700E+1
447,596	0,000	0,150	3,000E-1	1,700E+1
447,796	0,000	0,150	3,000E-1	1,700E+1
447,996	0,000	0,150	3,000E-1	1,700E+1
448,196	0,000	0,150	3,000E-1	1,700E+1
448,396	0,000	0,150	3,000E-1	1,700E+1
448,598	0,000	0,150	3,000E-1	1,700E+1
448,798	0,000	0,150	3,000E-1	1,700E+1
448,998	0,000	0,150	3,000E-1	1,700E+1
449,199	0,000	0,150	3,000E-1	1,700E+1
449,399	0,000	0,150	3,000E-1	1,700E+1
449,601	0,000	0,150	3,000E-1	1,700E+1
449,801	0,000	0,150	3,000E-1	1,700E+1
450,000	0,000	0,150	3,000E-1	1,700E+1
450,200	0,000	0,150	3,000E-1	1,700E+1
450,403	0,000	0,150	3,000E-1	1,700E+1
450,603	0,000	0,150	3,000E-1	1,700E+1
450,804	0,000	0,150	3,000E-1	1,700E+1
451,005	0,000	0,150	3,000E-1	1,700E+1
451,206	0,000	0,150	3,000E-1	1,700E+1
451,406	0,000	0,150	3,000E-1	1,700E+1
451,607	0,000	0,150	3,000E-1	1,700E+1
451,809	0,000	0,150	3,000E-1	1,700E+1
452,011	0,000	0,150	3,000E-1	1,700E+1
452,211	0,000	0,150	3,000E-1	1,700E+1
452,410	0,000	0,150	3,000E-1	1,700E+1
452,613	0,000	0,150	3,000E-1	1,700E+1
452,813	0,000	0,150	3,000E-1	1,700E+1
453,013	0,000	0,150	3,000E-1	1,700E+1
453,215	0,000	0,150	3,000E-1	1,700E+1
453,415	0,000	0,150	3,000E-1	1,700E+1
453,615	0,000	0,150	3,000E-1	1,700E+1
