t	TP1 [ºC]	TP2 [ºC]	TP3 [ºC]	TP5 [ºC]	TP6 [ºC]	TP7 [ºC]	TP8 [ºC]	TP10 [ºC]	TP11 [ºC]	TP12 [ºC]	TP13 [ºC]	TP15 [ºC]
0,000	0,000	0,000	0,000E+0	0,000E+0	0,000E+0	0,000E+0	0,000E+0	0,000E+0	0,000E+0	0,000E+0	0,000E+0	0,000E+0
1,000	24,430	0,000	2,393E+1	2,420E+1	2,411E+1	2,357E+1	2,883E+1	2,945E+1	2,392E+1	2,515E+1	2,639E+1	2,298E+1
2,000	24,376	0,000	2,392E+1	2,418E+1	2,410E+1	2,359E+1	2,880E+1	2,942E+1	2,393E+1	2,517E+1	2,637E+1	2,297E+1
3,000	24,394	0,000	2,393E+1	2,417E+1	2,409E+1	2,358E+1	2,879E+1	2,944E+1	2,392E+1	2,520E+1	2,639E+1	2,298E+1
4,000	24,399	0,000	2,393E+1	2,419E+1	2,410E+1	2,357E+1	2,881E+1	2,945E+1	2,393E+1	2,518E+1	2,638E+1	2,296E+1
5,000	24,341	0,000	2,391E+1	2,418E+1	2,408E+1	2,358E+1	2,882E+1	2,945E+1	2,391E+1	2,520E+1	2,637E+1	2,297E+1
6,000	24,392	0,000	2,392E+1	2,419E+1	2,409E+1	2,355E+1	2,880E+1	2,943E+1	2,391E+1	2,520E+1	2,639E+1	2,296E+1
7,000	24,379	0,000	2,392E+1	2,418E+1	2,411E+1	2,356E+1	2,878E+1	2,945E+1	2,390E+1	2,521E+1	2,640E+1	2,297E+1
8,000	24,376	0,000	2,391E+1	2,418E+1	2,412E+1	2,357E+1	2,878E+1	2,945E+1	2,392E+1	2,518E+1	2,639E+1	2,297E+1
9,000	24,402	0,000	2,391E+1	2,419E+1	2,412E+1	2,357E+1	2,876E+1	2,946E+1	2,391E+1	2,518E+1	2,639E+1	2,296E+1
10,000	24,409	0,000	2,392E+1	2,417E+1	2,411E+1	2,357E+1	2,877E+1	2,945E+1	2,390E+1	2,515E+1	2,639E+1	2,297E+1
11,000	24,412	0,000	2,391E+1	2,418E+1	2,410E+1	2,357E+1	2,876E+1	2,946E+1	2,392E+1	2,515E+1	2,639E+1	2,297E+1
12,000	24,432	0,000	2,393E+1	2,418E+1	2,412E+1	2,356E+1	2,878E+1	2,943E+1	2,391E+1	2,516E+1	2,638E+1	2,296E+1
13,000	24,419	0,000	2,394E+1	2,418E+1	2,412E+1	2,358E+1	2,881E+1	2,942E+1	2,390E+1	2,514E+1	2,638E+1	2,298E+1
14,000	24,417	0,000	2,393E+1	2,418E+1	2,413E+1	2,357E+1	2,887E+1	2,946E+1	2,391E+1	2,512E+1	2,641E+1	2,299E+1
15,000	24,427	0,000	2,393E+1	2,419E+1	2,412E+1	2,357E+1	2,893E+1	2,949E+1	2,392E+1	2,513E+1	2,640E+1	2,299E+1
16,000	24,465	0,000	2,393E+1	2,419E+1	2,412E+1	2,358E+1	2,897E+1	2,950E+1	2,393E+1	2,513E+1	2,639E+1	2,298E+1
17,000	24,419	0,000	2,393E+1	2,417E+1	2,412E+1	2,356E+1	2,902E+1	2,951E+1	2,392E+1	2,513E+1	2,639E+1	2,300E+1
18,000	24,457	0,000	2,394E+1	2,419E+1	2,414E+1	2,355E+1	2,907E+1	2,952E+1	2,391E+1	2,514E+1	2,641E+1	2,300E+1
19,001	24,445	0,000	2,395E+1	2,418E+1	2,414E+1	2,359E+1	2,909E+1	2,954E+1	2,392E+1	2,511E+1	2,640E+1	2,300E+1
20,001	24,424	0,000	2,393E+1	2,419E+1	2,414E+1	2,359E+1	2,911E+1	2,955E+1	2,392E+1	2,511E+1	2,640E+1	2,300E+1
21,001	24,442	0,000	2,395E+1	2,418E+1	2,416E+1	2,357E+1	2,914E+1	2,960E+1	2,392E+1	2,512E+1	2,639E+1	2,301E+1
22,001	24,457	0,000	2,396E+1	2,419E+1	2,420E+1	2,358E+1	2,917E+1	2,962E+1	2,395E+1	2,513E+1	2,640E+1	2,300E+1
23,001	24,447	0,000	2,396E+1	2,419E+1	2,421E+1	2,355E+1	2,922E+1	2,960E+1	2,394E+1	2,513E+1	2,640E+1	2,297E+1
24,001	24,412	0,000	2,394E+1	2,417E+1	2,418E+1	2,358E+1	2,924E+1	2,960E+1	2,395E+1	2,513E+1	2,642E+1	2,298E+1
25,001	24,468	0,000	2,395E+1	2,420E+1	2,419E+1	2,358E+1	2,928E+1	2,966E+1	2,393E+1	2,514E+1	2,641E+1	2,299E+1
26,001	24,475	0,000	2,396E+1	2,419E+1	2,419E+1	2,356E+1	2,930E+1	2,973E+1	2,391E+1	2,515E+1	2,642E+1	2,299E+1
27,001	24,435	0,000	2,395E+1	2,419E+1	2,418E+1	2,358E+1	2,934E+1	2,976E+1	2,394E+1	2,514E+1	2,644E+1	2,298E+1
28,001	24,470	0,000	2,397E+1	2,421E+1	2,419E+1	2,358E+1	2,938E+1	2,981E+1	2,391E+1	2,519E+1	2,646E+1	2,299E+1
29,001	24,478	0,000	2,397E+1	2,419E+1	2,418E+1	2,356E+1	2,941E+1	2,984E+1	2,392E+1	2,517E+1	2,645E+1	2,298E+1
30,001	24,518	0,000	2,395E+1	2,418E+1	2,417E+1	2,356E+1	2,942E+1	2,988E+1	2,393E+1	2,518E+1	2,648E+1	2,300E+1
31,001	24,475	0,000	2,395E+1	2,419E+1	2,418E+1	2,355E+1	2,947E+1	2,991E+1	2,391E+1	2,517E+1	2,649E+1	2,301E+1
32,001	24,475	0,000	2,395E+1	2,417E+1	2,421E+1	2,355E+1	2,954E+1	2,997E+1	2,391E+1	2,518E+1	2,649E+1	2,301E+1
33,001	24,462	0,000	2,395E+1	2,418E+1	2,417E+1	2,357E+1	2,958E+1	3,000E+1	2,391E+1	2,516E+1	2,650E+1	2,300E+1
34,001	24,467	0,000	2,395E+1	2,419E+1	2,417E+1	2,355E+1	2,961E+1	3,003E+1	2,391E+1	2,519E+1	2,649E+1	2,299E+1
35,001	24,477	0,000	2,395E+1	2,420E+1	2,418E+1	2,355E+1	2,962E+1	3,004E+1	2,392E+1	2,518E+1	2,652E+1	2,301E+1
36,001	24,459	0,000	2,396E+1	2,418E+1	2,418E+1	2,357E+1	2,967E+1	3,008E+1	2,391E+1	2,518E+1	2,651E+1	2,301E+1
37,001	24,442	0,000	2,394E+1	2,418E+1	2,418E+1	2,356E+1	2,971E+1	3,010E+1	2,392E+1	2,516E+1	2,652E+1	2,300E+1
38,001	24,437	0,000	2,395E+1	2,418E+1	2,418E+1	2,354E+1	2,973E+1	3,011E+1	2,391E+1	2,516E+1	2,652E+1	2,301E+1
39,001	24,463	0,000	2,396E+1	2,420E+1	2,419E+1	2,356E+1	2,975E+1	3,015E+1	2,393E+1	2,515E+1	2,652E+1	2,300E+1
40,001	24,442	0,000	2,396E+1	2,420E+1	2,418E+1	2,357E+1	2,979E+1	3,015E+1	2,391E+1	2,516E+1	2,654E+1	2,302E+1
41,001	24,475	0,000	2,396E+1	2,421E+1	2,420E+1	2,357E+1	2,979E+1	3,018E+1	2,393E+1	2,515E+1	2,654E+1	2,301E+1
42,001	24,483	0,000	2,396E+1	2,422E+1	2,419E+1	2,356E+1	2,979E+1	3,020E+1	2,393E+1	2,516E+1	2,654E+1	2,301E+1
43,001	24,465	0,000	2,396E+1	2,422E+1	2,417E+1	2,357E+1	2,985E+1	3,021E+1	2,391E+1	2,517E+1	2,654E+1	2,302E+1
44,001	24,445	0,000	2,395E+1	2,422E+1	2,419E+1	2,355E+1	2,990E+1	3,025E+1	2,392E+1	2,519E+1	2,656E+1	2,302E+1
45,001	24,460	0,000	2,394E+1	2,422E+1	2,420E+1	2,355E+1	2,991E+1	3,028E+1	2,392E+1	2,519E+1	2,657E+1	2,299E+1
46,001	24,437	0,000	2,394E+1	2,423E+1	2,419E+1	2,355E+1	2,994E+1	3,030E+1	2,391E+1	2,520E+1	2,657E+1	2,299E+1
47,001	24,417	0,000	2,395E+1	2,422E+1	2,420E+1	2,356E+1	2,996E+1	3,036E+1	2,390E+1	2,520E+1	2,659E+1	2,299E+1
48,001	24,417	0,000	2,394E+1	2,421E+1	2,420E+1	2,355E+1	3,000E+1	3,040E+1	2,390E+1	2,521E+1	2,663E+1	2,302E+1
49,001	24,424	0,000	2,395E+1	2,423E+1	2,418E+1	2,354E+1	3,002E+1	3,039E+1	2,390E+1	2,523E+1	2,660E+1	2,300E+1
50,001	24,412	0,000	2,394E+1	2,422E+1	2,418E+1	2,354E+1	3,006E+1	3,039E+1	2,391E+1	2,522E+1	2,660E+1	2,300E+1
51,001	24,424	0,000	2,396E+1	2,423E+1	2,420E+1	2,353E+1	3,009E+1	3,041E+1	2,390E+1	2,521E+1	2,662E+1	2,301E+1
52,001	24,412	0,000	2,394E+1	2,423E+1	2,419E+1	2,354E+1	3,013E+1	3,047E+1	2,391E+1	2,521E+1	2,662E+1	2,300E+1
53,001	24,409	0,000	2,397E+1	2,424E+1	2,419E+1	2,354E+1	3,013E+1	3,050E+1	2,391E+1	2,523E+1	2,662E+1	2,301E+1
54,001	24,389	0,000	2,394E+1	2,424E+1	2,418E+1	2,353E+1	3,017E+1	3,054E+1	2,390E+1	2,523E+1	2,664E+1	2,300E+1
55,001	24,427	0,000	2,395E+1	2,424E+1	2,421E+1	2,354E+1	3,020E+1	3,058E+1	2,391E+1	2,523E+1	2,664E+1	2,301E+1
56,002	24,389	0,000	2,393E+1	2,424E+1	2,420E+1	2,357E+1	3,023E+1	3,060E+1	2,391E+1	2,521E+1	2,666E+1	2,301E+1
57,002	24,374	0,000	2,395E+1	2,426E+1	2,417E+1	2,357E+1	3,027E+1	3,063E+1	2,392E+1	2,523E+1	2,666E+1	2,299E+1
58,002	24,399	0,000	2,394E+1	2,424E+1	2,419E+1	2,355E+1	3,031E+1	3,062E+1	2,393E+1	2,522E+1	2,668E+1	2,300E+1
59,002	24,364	0,000	2,395E+1	2,423E+1	2,417E+1	2,354E+1	3,031E+1	3,062E+1	2,393E+1	2,521E+1	2,669E+1	2,299E+1
60,002	24,404	0,000	2,395E+1	2,422E+1	2,417E+1	2,355E+1	3,034E+1	3,067E+1	2,392E+1	2,523E+1	2,671E+1	2,300E+1
61,002	24,376	0,000	2,394E+1	2,425E+1	2,417E+1	2,355E+1	3,036E+1	3,072E+1	2,392E+1	2,525E+1	2,671E+1	2,303E+1
62,002	24,397	0,000	2,396E+1	2,423E+1	2,416E+1	2,356E+1	3,038E+1	3,074E+1	2,390E+1	2,527E+1	2,671E+1	2,301E+1
63,002	24,366	0,000	2,395E+1	2,424E+1	2,415E+1	2,356E+1	3,040E+1	3,076E+1	2,392E+1	2,524E+1	2,671E+1	2,301E+1
64,002	24,366	0,000	2,395E+1	2,425E+1	2,415E+1	2,357E+1	3,043E+1	3,080E+1	2,393E+1	2,526E+1	2,673E+1	2,302E+1
65,002	24,392	0,000	2,395E+1	2,424E+1	2,416E+1	2,356E+1	3,046E+1	3,081E+1	2,393E+1	2,526E+1	2,674E+1	2,300E+1
66,002	24,384	0,000	2,395E+1	2,424E+1	2,416E+1	2,357E+1	3,049E+1	3,086E+1	2,395E+1	2,525E+1	2,674E+1	2,301E+1
67,002	24,381	0,000	2,395E+1	2,423E+1	2,414E+1	2,356E+1	3,052E+1	3,089E+1	2,395E+1	2,525E+1	2,675E+1	2,302E+1
68,002	24,399	0,000	2,395E+1	2,424E+1	2,415E+1	2,356E+1	3,051E+1	3,095E+1	2,394E+1	2,524E+1	2,675E+1	2,301E+1
69,002	24,359	0,000	2,398E+1	2,424E+1	2,414E+1	2,358E+1	3,057E+1	3,097E+1	2,397E+1	2,525E+1	2,678E+1	2,300E+1
70,002	24,376	0,000	2,395E+1	2,425E+1	2,414E+1	2,358E+1	3,057E+1	3,099E+1	2,395E+1	2,528E+1	2,679E+1	2,300E+1
71,002	24,381	0,000	2,395E+1	2,424E+1	2,414E+1	2,357E+1	3,060E+1	3,101E+1	2,394E+1	2,528E+1	2,680E+1	2,300E+1
72,002	24,384	0,000	2,395E+1	2,424E+1	2,414E+1	2,359E+1	3,064E+1	3,103E+1	2,396E+1	2,529E+1	2,680E+1	2,300E+1
73,002	24,366	0,000	2,396E+1	2,423E+1	2,413E+1	2,358E+1	3,066E+1	3,107E+1	2,395E+1	2,531E+1	2,681E+1	2,298E+1
74,002	24,412	0,000	2,395E+1	2,423E+1	2,414E+1	2,359E+1	3,073E+1	3,109E+1	2,397E+1	2,530E+1	2,682E+1	2,299E+1
75,002	24,397	0,000	2,396E+1	2,425E+1	2,413E+1	2,358E+1	3,074E+1	3,111E+1	2,396E+1	2,533E+1	2,681E+1	2,299E+1
76,002	24,419	0,000	2,398E+1	2,425E+1	2,413E+1	2,358E+1	3,074E+1	3,112E+1	2,395E+1	2,531E+1	2,685E+1	2,300E+1
77,002	24,432	0,000	2,397E+1	2,423E+1	2,413E+1	2,359E+1	3,077E+1	3,113E+1	2,396E+1	2,533E+1	2,685E+1	2,299E+1
78,002	24,468	0,000	2,397E+1	2,424E+1	2,414E+1	2,359E+1	3,076E+1	3,112E+1	2,398E+1	2,532E+1	2,685E+1	2,299E+1
79,002	24,417	0,000	2,399E+1	2,425E+1	2,414E+1	2,360E+1	3,077E+1	3,114E+1	2,398E+1	2,532E+1	2,684E+1	2,300E+1
80,002	24,470	0,000	2,399E+1	2,424E+1	2,416E+1	2,359E+1	3,081E+1	3,120E+1	2,397E+1	2,529E+1	2,686E+1	2,300E+1
81,002	24,435	0,000	2,398E+1	2,423E+1	2,414E+1	2,360E+1	3,083E+1	3,124E+1	2,399E+1	2,532E+1	2,687E+1	2,300E+1
82,002	24,478	0,000	2,398E+1	2,423E+1	2,416E+1	2,359E+1	3,086E+1	3,127E+1	2,398E+1	2,532E+1	2,687E+1	2,300E+1
83,002	24,503	0,000	2,399E+1	2,423E+1	2,416E+1	2,360E+1	3,086E+1	3,127E+1	2,399E+1	2,532E+1	2,687E+1	2,298E+1
84,002	24,493	0,000	2,399E+1	2,423E+1	2,416E+1	2,361E+1	3,087E+1	3,127E+1	2,397E+1	2,531E+1	2,689E+1	2,300E+1
85,003	24,516	0,000	2,401E+1	2,423E+1	2,418E+1	2,358E+1	3,088E+1	3,134E+1	2,398E+1	2,533E+1	2,689E+1	2,300E+1
86,003	24,541	0,000	2,400E+1	2,421E+1	2,419E+1	2,359E+1	3,086E+1	3,133E+1	2,398E+1	2,532E+1	2,693E+1	2,300E+1
87,003	24,556	0,000	2,401E+1	2,421E+1	2,420E+1	2,359E+1	3,089E+1	3,138E+1	2,397E+1	2,530E+1	2,691E+1	2,300E+1
88,003	24,551	0,000	2,402E+1	2,422E+1	2,422E+1	2,358E+1	3,091E+1	3,142E+1	2,396E+1	2,532E+1	2,691E+1	2,299E+1
89,003	24,561	0,000	2,398E+1	2,420E+1	2,419E+1	2,359E+1	3,094E+1	3,147E+1	2,398E+1	2,529E+1	2,693E+1	2,299E+1
90,003	24,566	0,000	2,400E+1	2,422E+1	2,420E+1	2,360E+1	3,095E+1	3,148E+1	2,397E+1	2,531E+1	2,694E+1	2,298E+1
91,003	24,546	0,000	2,400E+1	2,422E+1	2,420E+1	2,361E+1	3,096E+1	3,147E+1	2,396E+1	2,532E+1	2,695E+1	2,299E+1
92,003	24,582	0,000	2,400E+1	2,420E+1	2,422E+1	2,357E+1	3,095E+1	3,148E+1	2,397E+1	2,531E+1	2,695E+1	2,299E+1
93,003	24,556	0,000	2,400E+1	2,422E+1	2,420E+1	2,358E+1	3,096E+1	3,150E+1	2,397E+1	2,531E+1	2,696E+1	2,299E+1
94,003	24,544	0,000	2,399E+1	2,420E+1	2,419E+1	2,358E+1	3,092E+1	3,152E+1	2,395E+1	2,534E+1	2,695E+1	2,298E+1
95,003	24,511	0,000	2,398E+1	2,424E+1	2,419E+1	2,358E+1	3,094E+1	3,152E+1	2,395E+1	2,533E+1	2,695E+1	2,298E+1
96,003	24,526	0,000	2,398E+1	2,423E+1	2,421E+1	2,358E+1	3,099E+1	3,155E+1	2,394E+1	2,535E+1	2,697E+1	2,300E+1
97,003	24,497	0,000	2,397E+1	2,422E+1	2,419E+1	2,356E+1	3,102E+1	3,160E+1	2,393E+1	2,536E+1	2,696E+1	2,297E+1
98,003	24,470	0,000	2,398E+1	2,423E+1	2,419E+1	2,356E+1	3,107E+1	3,163E+1	2,395E+1	2,538E+1	2,695E+1	2,299E+1
99,003	24,490	0,000	2,395E+1	2,422E+1	2,418E+1	2,357E+1	3,110E+1	3,166E+1	2,395E+1	2,538E+1	2,697E+1	2,299E+1
100,003	24,477	0,000	2,398E+1	2,423E+1	2,421E+1	2,356E+1	3,109E+1	3,168E+1	2,395E+1	2,540E+1	2,700E+1	2,300E+1
101,003	24,543	0,000	2,396E+1	2,420E+1	2,421E+1	2,356E+1	3,112E+1	3,172E+1	2,395E+1	2,537E+1	2,702E+1	2,301E+1
102,003	24,485	0,000	2,397E+1	2,423E+1	2,421E+1	2,357E+1	3,113E+1	3,173E+1	2,395E+1	2,538E+1	2,701E+1	2,298E+1
103,003	24,472	0,000	2,397E+1	2,424E+1	2,421E+1	2,355E+1	3,114E+1	3,177E+1	2,394E+1	2,539E+1	2,702E+1	2,298E+1
104,003	24,477	0,000	2,396E+1	2,423E+1	2,422E+1	2,356E+1	3,115E+1	3,176E+1	2,397E+1	2,539E+1	2,703E+1	2,299E+1
105,003	24,508	0,000	2,397E+1	2,423E+1	2,423E+1	2,355E+1	3,118E+1	3,181E+1	2,396E+1	2,543E+1	2,701E+1	2,298E+1
106,003	24,511	0,000	2,399E+1	2,426E+1	2,422E+1	2,358E+1	3,120E+1	3,183E+1	2,395E+1	2,541E+1	2,702E+1	2,298E+1
107,003	24,498	0,000	2,401E+1	2,425E+1	2,426E+1	2,358E+1	3,122E+1	3,184E+1	2,395E+1	2,542E+1	2,703E+1	2,299E+1
108,003	24,503	0,000	2,399E+1	2,425E+1	2,422E+1	2,357E+1	3,123E+1	3,188E+1	2,396E+1	2,541E+1	2,703E+1	2,299E+1
109,003	24,523	0,000	2,400E+1	2,426E+1	2,425E+1	2,358E+1	3,122E+1	3,186E+1	2,396E+1	2,541E+1	2,705E+1	2,299E+1
110,003	24,513	0,000	2,402E+1	2,425E+1	2,425E+1	2,358E+1	3,124E+1	3,191E+1	2,396E+1	2,543E+1	2,704E+1	2,300E+1
111,003	24,523	0,000	2,400E+1	2,424E+1	2,428E+1	2,357E+1	3,124E+1	3,190E+1	2,396E+1	2,542E+1	2,705E+1	2,300E+1
112,003	24,538	0,000	2,401E+1	2,425E+1	2,425E+1	2,358E+1	3,122E+1	3,193E+1	2,395E+1	2,543E+1	2,706E+1	2,299E+1
113,003	24,533	0,000	2,401E+1	2,426E+1	2,426E+1	2,357E+1	3,122E+1	3,198E+1	2,397E+1	2,543E+1	2,707E+1	2,298E+1
114,004	24,521	0,000	2,401E+1	2,427E+1	2,427E+1	2,359E+1	3,122E+1	3,197E+1	2,396E+1	2,545E+1	2,708E+1	2,298E+1
115,004	24,531	0,000	2,401E+1	2,426E+1	2,427E+1	2,358E+1	3,123E+1	3,194E+1	2,396E+1	2,547E+1	2,709E+1	2,299E+1
116,004	24,518	0,000	2,402E+1	2,425E+1	2,425E+1	2,357E+1	3,123E+1	3,197E+1	2,395E+1	2,545E+1	2,709E+1	2,297E+1
117,004	24,551	0,000	2,401E+1	2,425E+1	2,426E+1	2,357E+1	3,125E+1	3,198E+1	2,396E+1	2,546E+1	2,711E+1	2,298E+1
118,004	24,541	0,000	2,403E+1	2,425E+1	2,424E+1	2,358E+1	3,126E+1	3,201E+1	2,397E+1	2,543E+1	2,710E+1	2,298E+1
119,005	24,559	0,000	2,401E+1	2,427E+1	2,427E+1	2,357E+1	3,128E+1	3,201E+1	2,397E+1	2,545E+1	2,711E+1	2,299E+1
120,005	24,556	0,000	2,404E+1	2,425E+1	2,426E+1	2,359E+1	3,125E+1	3,204E+1	2,395E+1	2,544E+1	2,711E+1	2,297E+1
121,005	24,579	0,000	2,403E+1	2,424E+1	2,425E+1	2,359E+1	3,126E+1	3,201E+1	2,398E+1	2,547E+1	2,712E+1	2,297E+1
122,005	24,579	0,000	2,403E+1	2,424E+1	2,425E+1	2,358E+1	3,128E+1	3,204E+1	2,398E+1	2,545E+1	2,711E+1	2,298E+1
123,005	24,559	0,000	2,402E+1	2,425E+1	2,424E+1	2,358E+1	3,128E+1	3,209E+1	2,398E+1	2,545E+1	2,712E+1	2,296E+1
124,005	24,592	0,000	2,403E+1	2,423E+1	2,425E+1	2,358E+1	3,132E+1	3,209E+1	2,398E+1	2,547E+1	2,713E+1	2,296E+1
125,005	24,599	0,000	2,404E+1	2,424E+1	2,424E+1	2,359E+1	3,136E+1	3,212E+1	2,400E+1	2,546E+1	2,713E+1	2,297E+1
126,005	24,579	0,000	2,401E+1	2,424E+1	2,424E+1	2,361E+1	3,141E+1	3,213E+1	2,398E+1	2,547E+1	2,713E+1	2,298E+1
127,005	24,597	0,000	2,403E+1	2,423E+1	2,424E+1	2,360E+1	3,143E+1	3,217E+1	2,398E+1	2,546E+1	2,715E+1	2,299E+1
128,005	24,582	0,000	2,403E+1	2,425E+1	2,422E+1	2,361E+1	3,145E+1	3,220E+1	2,400E+1	2,547E+1	2,716E+1	2,299E+1
129,006	24,599	0,000	2,403E+1	2,424E+1	2,424E+1	2,360E+1	3,146E+1	3,222E+1	2,399E+1	2,546E+1	2,718E+1	2,297E+1
130,006	24,632	0,000	2,405E+1	2,425E+1	2,423E+1	2,362E+1	3,143E+1	3,223E+1	2,399E+1	2,544E+1	2,718E+1	2,299E+1
131,006	24,609	0,000	2,404E+1	2,424E+1	2,424E+1	2,363E+1	3,147E+1	3,225E+1	2,400E+1	2,549E+1	2,719E+1	2,296E+1
132,006	24,607	0,000	2,404E+1	2,424E+1	2,424E+1	2,360E+1	3,150E+1	3,226E+1	2,398E+1	2,547E+1	2,717E+1	2,296E+1
133,006	24,627	0,000	2,406E+1	2,423E+1	2,424E+1	2,360E+1	3,151E+1	3,231E+1	2,398E+1	2,548E+1	2,721E+1	2,297E+1
134,006	24,632	0,000	2,405E+1	2,422E+1	2,424E+1	2,361E+1	3,154E+1	3,233E+1	2,401E+1	2,549E+1	2,722E+1	2,296E+1
135,006	24,622	0,000	2,403E+1	2,422E+1	2,425E+1	2,360E+1	3,155E+1	3,233E+1	2,400E+1	2,550E+1	2,720E+1	2,297E+1
136,006	24,663	0,000	2,405E+1	2,424E+1	2,424E+1	2,361E+1	3,156E+1	3,234E+1	2,401E+1	2,548E+1	2,722E+1	2,297E+1
137,006	24,640	0,000	2,405E+1	2,425E+1	2,423E+1	2,359E+1	3,152E+1	3,238E+1	2,400E+1	2,548E+1	2,722E+1	2,296E+1
138,006	24,658	0,000	2,405E+1	2,427E+1	2,425E+1	2,361E+1	3,152E+1	3,235E+1	2,400E+1	2,550E+1	2,726E+1	2,296E+1
139,006	24,668	0,000	2,406E+1	2,426E+1	2,426E+1	2,363E+1	3,152E+1	3,241E+1	2,404E+1	2,550E+1	2,723E+1	2,296E+1
140,006	24,647	0,000	2,405E+1	2,423E+1	2,424E+1	2,361E+1	3,152E+1	3,244E+1	2,404E+1	2,553E+1	2,724E+1	2,296E+1
141,006	24,660	0,000	2,406E+1	2,429E+1	2,424E+1	2,359E+1	3,153E+1	3,248E+1	2,403E+1	2,554E+1	2,723E+1	2,296E+1
142,006	24,658	0,000	2,405E+1	2,426E+1	2,425E+1	2,360E+1	3,151E+1	3,248E+1	2,402E+1	2,553E+1	2,725E+1	2,297E+1
143,006	24,665	0,000	2,406E+1	2,425E+1	2,425E+1	2,362E+1	3,154E+1	3,248E+1	2,400E+1	2,555E+1	2,725E+1	2,298E+1
144,006	24,668	0,000	2,406E+1	2,425E+1	2,426E+1	2,360E+1	3,156E+1	3,251E+1	2,401E+1	2,555E+1	2,727E+1	2,295E+1
145,007	24,673	0,000	2,409E+1	2,427E+1	2,426E+1	2,361E+1	3,155E+1	3,251E+1	2,402E+1	2,554E+1	2,726E+1	2,297E+1
146,007	24,683	0,000	2,409E+1	2,426E+1	2,425E+1	2,361E+1	3,158E+1	3,253E+1	2,401E+1	2,558E+1	2,726E+1	2,295E+1
147,007	24,635	0,000	2,407E+1	2,425E+1	2,426E+1	2,360E+1	3,160E+1	3,253E+1	2,402E+1	2,560E+1	2,726E+1	2,294E+1
148,007	24,627	0,000	2,406E+1	2,426E+1	2,426E+1	2,360E+1	3,166E+1	3,256E+1	2,401E+1	2,559E+1	2,728E+1	2,295E+1
149,007	24,625	0,000	2,409E+1	2,428E+1	2,426E+1	2,361E+1	3,168E+1	3,259E+1	2,402E+1	2,561E+1	2,731E+1	2,295E+1
150,007	24,604	0,000	2,406E+1	2,425E+1	2,429E+1	2,361E+1	3,171E+1	3,259E+1	2,403E+1	2,561E+1	2,729E+1	2,295E+1
151,007	24,617	0,000	2,405E+1	2,425E+1	2,428E+1	2,359E+1	3,171E+1	3,257E+1	2,402E+1	2,562E+1	2,729E+1	2,297E+1
152,007	24,599	0,000	2,408E+1	2,427E+1	2,428E+1	2,359E+1	3,174E+1	3,258E+1	2,403E+1	2,563E+1	2,730E+1	2,296E+1
153,008	24,554	0,000	2,409E+1	2,429E+1	2,425E+1	2,360E+1	3,175E+1	3,257E+1	2,400E+1	2,563E+1	2,729E+1	2,295E+1
154,008	24,582	0,000	2,409E+1	2,430E+1	2,428E+1	2,361E+1	3,181E+1	3,259E+1	2,402E+1	2,564E+1	2,730E+1	2,296E+1
155,008	24,533	0,000	2,407E+1	2,432E+1	2,427E+1	2,358E+1	3,182E+1	3,260E+1	2,401E+1	2,565E+1	2,731E+1	2,296E+1
156,008	24,581	0,000	2,405E+1	2,428E+1	2,425E+1	2,362E+1	3,183E+1	3,262E+1	2,403E+1	2,564E+1	2,732E+1	2,297E+1
157,008	24,533	0,000	2,407E+1	2,431E+1	2,426E+1	2,361E+1	3,182E+1	3,266E+1	2,403E+1	2,566E+1	2,733E+1	2,298E+1
158,008	24,518	0,000	2,408E+1	2,429E+1	2,426E+1	2,360E+1	3,184E+1	3,265E+1	2,402E+1	2,566E+1	2,732E+1	2,295E+1
159,008	24,505	0,000	2,409E+1	2,430E+1	2,426E+1	2,360E+1	3,187E+1	3,263E+1	2,403E+1	2,567E+1	2,732E+1	2,295E+1
160,008	24,541	0,000	2,410E+1	2,431E+1	2,425E+1	2,361E+1	3,186E+1	3,259E+1	2,403E+1	2,566E+1	2,732E+1	2,296E+1
161,008	24,528	0,000	2,412E+1	2,432E+1	2,426E+1	2,360E+1	3,186E+1	3,260E+1	2,404E+1	2,567E+1	2,731E+1	2,297E+1
162,008	24,541	0,000	2,410E+1	2,432E+1	2,427E+1	2,362E+1	3,185E+1	3,259E+1	2,405E+1	2,566E+1	2,729E+1	2,297E+1
163,008	24,576	0,000	2,411E+1	2,430E+1	2,426E+1	2,362E+1	3,185E+1	3,263E+1	2,405E+1	2,565E+1	2,731E+1	2,297E+1
164,008	24,576	0,000	2,411E+1	2,432E+1	2,428E+1	2,363E+1	3,185E+1	3,266E+1	2,408E+1	2,568E+1	2,733E+1	2,296E+1
165,008	24,620	0,000	2,414E+1	2,431E+1	2,429E+1	2,364E+1	3,185E+1	3,269E+1	2,406E+1	2,569E+1	2,735E+1	2,296E+1
166,008	24,584	0,000	2,413E+1	2,430E+1	2,426E+1	2,364E+1	3,185E+1	3,269E+1	2,406E+1	2,569E+1	2,735E+1	2,295E+1
167,008	24,647	0,000	2,414E+1	2,431E+1	2,426E+1	2,363E+1	3,188E+1	3,273E+1	2,407E+1	2,566E+1	2,736E+1	2,294E+1
168,008	24,607	0,000	2,414E+1	2,429E+1	2,426E+1	2,366E+1	3,189E+1	3,274E+1	2,408E+1	2,564E+1	2,735E+1	2,295E+1
169,008	24,642	0,000	2,414E+1	2,429E+1	2,428E+1	2,365E+1	3,190E+1	3,278E+1	2,409E+1	2,568E+1	2,736E+1	2,296E+1
170,008	24,645	0,000	2,415E+1	2,429E+1	2,430E+1	2,367E+1	3,191E+1	3,282E+1	2,409E+1	2,566E+1	2,737E+1	2,297E+1
171,008	24,652	0,000	2,415E+1	2,430E+1	2,427E+1	2,366E+1	3,195E+1	3,285E+1	2,408E+1	2,569E+1	2,738E+1	2,296E+1
172,008	24,723	0,000	2,414E+1	2,430E+1	2,430E+1	2,366E+1	3,199E+1	3,287E+1	2,408E+1	2,570E+1	2,742E+1	2,294E+1
173,008	24,678	0,000	2,415E+1	2,428E+1	2,430E+1	2,367E+1	3,202E+1	3,292E+1	2,408E+1	2,570E+1	2,742E+1	2,296E+1
174,008	24,706	0,000	2,415E+1	2,434E+1	2,430E+1	2,365E+1	3,204E+1	3,296E+1	2,405E+1	2,572E+1	2,744E+1	2,294E+1
175,008	24,668	0,000	2,413E+1	2,431E+1	2,430E+1	2,365E+1	3,206E+1	3,296E+1	2,409E+1	2,572E+1	2,745E+1	2,295E+1
176,008	24,655	0,000	2,414E+1	2,429E+1	2,434E+1	2,365E+1	3,205E+1	3,294E+1	2,408E+1	2,575E+1	2,746E+1	2,296E+1
177,008	24,693	0,000	2,414E+1	2,429E+1	2,431E+1	2,365E+1	3,209E+1	3,297E+1	2,406E+1	2,576E+1	2,744E+1	2,297E+1
178,008	24,693	0,000	2,415E+1	2,431E+1	2,434E+1	2,364E+1	3,208E+1	3,297E+1	2,407E+1	2,576E+1	2,747E+1	2,298E+1
179,008	24,678	0,000	2,412E+1	2,430E+1	2,432E+1	2,364E+1	3,212E+1	3,297E+1	2,408E+1	2,575E+1	2,746E+1	2,296E+1
180,008	24,655	0,000	2,414E+1	2,431E+1	2,433E+1	2,364E+1	3,212E+1	3,293E+1	2,407E+1	2,575E+1	2,748E+1	2,298E+1
181,008	24,637	0,000	2,412E+1	2,433E+1	2,434E+1	2,365E+1	3,214E+1	3,298E+1	2,406E+1	2,577E+1	2,748E+1	2,297E+1
182,009	24,602	0,000	2,411E+1	2,433E+1	2,433E+1	2,363E+1	3,211E+1	3,301E+1	2,408E+1	2,579E+1	2,749E+1	2,298E+1
183,009	24,604	0,000	2,414E+1	2,435E+1	2,431E+1	2,364E+1	3,212E+1	3,301E+1	2,407E+1	2,582E+1	2,748E+1	2,297E+1
184,009	24,589	0,000	2,414E+1	2,434E+1	2,433E+1	2,365E+1	3,213E+1	3,302E+1	2,409E+1	2,581E+1	2,747E+1	2,297E+1
185,009	24,592	0,000	2,413E+1	2,435E+1	2,432E+1	2,364E+1	3,214E+1	3,302E+1	2,409E+1	2,583E+1	2,750E+1	2,297E+1
186,009	24,574	0,000	2,414E+1	2,434E+1	2,430E+1	2,365E+1	3,212E+1	3,304E+1	2,409E+1	2,585E+1	2,752E+1	2,297E+1
187,009	24,602	0,000	2,414E+1	2,433E+1	2,430E+1	2,365E+1	3,215E+1	3,310E+1	2,409E+1	2,582E+1	2,753E+1	2,296E+1
188,009	24,617	0,000	2,414E+1	2,432E+1	2,432E+1	2,366E+1	3,217E+1	3,313E+1	2,411E+1	2,582E+1	2,754E+1	2,295E+1
189,009	24,584	0,000	2,416E+1	2,433E+1	2,429E+1	2,367E+1	3,221E+1	3,312E+1	2,411E+1	2,585E+1	2,754E+1	2,296E+1
190,009	24,612	0,000	2,414E+1	2,432E+1	2,430E+1	2,368E+1	3,223E+1	3,313E+1	2,412E+1	2,584E+1	2,755E+1	2,296E+1
191,009	24,660	0,000	2,416E+1	2,433E+1	2,427E+1	2,368E+1	3,224E+1	3,315E+1	2,412E+1	2,582E+1	2,756E+1	2,297E+1
192,009	24,685	0,000	2,416E+1	2,432E+1	2,431E+1	2,368E+1	3,223E+1	3,313E+1	2,412E+1	2,583E+1	2,756E+1	2,296E+1
193,009	24,680	0,000	2,414E+1	2,431E+1	2,430E+1	2,370E+1	3,222E+1	3,316E+1	2,413E+1	2,582E+1	2,755E+1	2,295E+1
194,009	24,701	0,000	2,418E+1	2,433E+1	2,432E+1	2,370E+1	3,220E+1	3,316E+1	2,412E+1	2,582E+1	2,755E+1	2,295E+1
195,009	24,713	0,000	2,419E+1	2,432E+1	2,431E+1	2,369E+1	3,227E+1	3,321E+1	2,413E+1	2,582E+1	2,755E+1	2,296E+1
196,009	24,711	0,000	2,416E+1	2,431E+1	2,432E+1	2,368E+1	3,226E+1	3,323E+1	2,413E+1	2,584E+1	2,756E+1	2,296E+1
197,009	24,766	0,000	2,417E+1	2,433E+1	2,431E+1	2,368E+1	3,226E+1	3,323E+1	2,413E+1	2,587E+1	2,757E+1	2,296E+1
198,009	24,716	0,000	2,419E+1	2,431E+1	2,432E+1	2,368E+1	3,228E+1	3,327E+1	2,415E+1	2,587E+1	2,758E+1	2,295E+1
199,009	24,772	0,000	2,417E+1	2,431E+1	2,434E+1	2,368E+1	3,229E+1	3,329E+1	2,414E+1	2,589E+1	2,759E+1	2,295E+1
200,009	24,731	0,000	2,418E+1	2,432E+1	2,432E+1	2,368E+1	3,229E+1	3,331E+1	2,414E+1	2,588E+1	2,761E+1	2,293E+1
201,009	24,754	0,000	2,418E+1	2,431E+1	2,433E+1	2,369E+1	3,232E+1	3,332E+1	2,414E+1	2,594E+1	2,762E+1	2,294E+1
202,009	24,749	0,000	2,419E+1	2,432E+1	2,434E+1	2,369E+1	3,231E+1	3,332E+1	2,413E+1	2,591E+1	2,761E+1	2,295E+1
203,009	24,766	0,000	2,417E+1	2,433E+1	2,436E+1	2,366E+1	3,230E+1	3,331E+1	2,413E+1	2,591E+1	2,761E+1	2,298E+1
204,009	24,751	0,000	2,416E+1	2,431E+1	2,436E+1	2,368E+1	3,235E+1	3,331E+1	2,412E+1	2,592E+1	2,759E+1	2,296E+1
205,009	24,759	0,000	2,418E+1	2,432E+1	2,438E+1	2,367E+1	3,235E+1	3,331E+1	2,414E+1	2,590E+1	2,761E+1	2,297E+1
206,009	24,711	0,000	2,418E+1	2,434E+1	2,441E+1	2,366E+1	3,232E+1	3,330E+1	2,414E+1	2,592E+1	2,761E+1	2,295E+1
207,009	24,744	0,000	2,418E+1	2,433E+1	2,443E+1	2,365E+1	3,231E+1	3,333E+1	2,412E+1	2,593E+1	2,761E+1	2,295E+1
208,009	24,708	0,000	2,420E+1	2,435E+1	2,442E+1	2,366E+1	3,232E+1	3,333E+1	2,414E+1	2,594E+1	2,761E+1	2,295E+1
209,009	24,721	0,000	2,419E+1	2,436E+1	2,441E+1	2,364E+1	3,233E+1	3,329E+1	2,414E+1	2,593E+1	2,760E+1	2,295E+1
210,009	24,693	0,000	2,420E+1	2,436E+1	2,441E+1	2,365E+1	3,235E+1	3,329E+1	2,415E+1	2,593E+1	2,761E+1	2,296E+1
211,009	24,690	0,000	2,420E+1	2,435E+1	2,442E+1	2,364E+1	3,235E+1	3,328E+1	2,414E+1	2,594E+1	2,762E+1	2,295E+1
212,009	24,680	0,000	2,420E+1	2,435E+1	2,439E+1	2,365E+1	3,234E+1	3,323E+1	2,412E+1	2,596E+1	2,761E+1	2,296E+1
213,009	24,701	0,000	2,420E+1	2,436E+1	2,439E+1	2,366E+1	3,233E+1	3,319E+1	2,412E+1	2,596E+1	2,763E+1	2,296E+1
214,009	24,685	0,000	2,419E+1	2,437E+1	2,439E+1	2,365E+1	3,235E+1	3,321E+1	2,416E+1	2,592E+1	2,761E+1	2,295E+1
215,009	24,678	0,000	2,417E+1	2,436E+1	2,439E+1	2,367E+1	3,235E+1	3,325E+1	2,414E+1	2,593E+1	2,761E+1	2,294E+1
216,009	24,688	0,000	2,419E+1	2,439E+1	2,439E+1	2,367E+1	3,234E+1	3,329E+1	2,412E+1	2,595E+1	2,763E+1	2,296E+1
217,009	24,647	0,000	2,419E+1	2,437E+1	2,439E+1	2,367E+1	3,234E+1	3,333E+1	2,412E+1	2,595E+1	2,763E+1	2,296E+1
218,009	24,665	0,000	2,418E+1	2,439E+1	2,438E+1	2,368E+1	3,233E+1	3,335E+1	2,414E+1	2,598E+1	2,764E+1	2,296E+1
219,009	24,711	0,000	2,420E+1	2,438E+1	2,437E+1	2,367E+1	3,234E+1	3,337E+1	2,415E+1	2,601E+1	2,764E+1	2,296E+1
220,010	24,652	0,000	2,419E+1	2,438E+1	2,438E+1	2,368E+1	3,234E+1	3,341E+1	2,414E+1	2,600E+1	2,768E+1	2,296E+1
221,010	24,675	0,000	2,421E+1	2,439E+1	2,437E+1	2,367E+1	3,237E+1	3,336E+1	2,415E+1	2,600E+1	2,767E+1	2,296E+1
222,010	24,696	0,000	2,421E+1	2,439E+1	2,438E+1	2,368E+1	3,239E+1	3,340E+1	2,415E+1	2,600E+1	2,767E+1	2,295E+1
223,010	24,698	0,000	2,421E+1	2,439E+1	2,438E+1	2,364E+1	3,243E+1	3,343E+1	2,414E+1	2,598E+1	2,769E+1	2,295E+1
224,010	24,734	0,000	2,421E+1	2,439E+1	2,439E+1	2,366E+1	3,246E+1	3,352E+1	2,415E+1	2,598E+1	2,769E+1	2,294E+1
225,010	24,690	0,000	2,422E+1	2,438E+1	2,439E+1	2,366E+1	3,245E+1	3,351E+1	2,416E+1	2,598E+1	2,771E+1	2,294E+1
226,010	24,711	0,000	2,420E+1	2,438E+1	2,439E+1	2,368E+1	3,247E+1	3,355E+1	2,417E+1	2,604E+1	2,773E+1	2,295E+1
227,010	24,706	0,000	2,421E+1	2,439E+1	2,438E+1	2,367E+1	3,245E+1	3,356E+1	2,416E+1	2,604E+1	2,774E+1	2,294E+1
228,010	24,708	0,000	2,422E+1	2,440E+1	2,439E+1	2,368E+1	3,241E+1	3,356E+1	2,418E+1	2,603E+1	2,775E+1	2,294E+1
229,010	24,751	0,000	2,422E+1	2,438E+1	2,441E+1	2,367E+1	3,244E+1	3,356E+1	2,416E+1	2,604E+1	2,774E+1	2,296E+1
230,010	24,754	0,000	2,422E+1	2,439E+1	2,440E+1	2,365E+1	3,247E+1	3,358E+1	2,418E+1	2,605E+1	2,776E+1	2,296E+1
231,010	24,774	0,000	2,423E+1	2,438E+1	2,440E+1	2,366E+1	3,246E+1	3,357E+1	2,416E+1	2,604E+1	2,776E+1	2,296E+1
232,010	24,736	0,000	2,422E+1	2,437E+1	2,440E+1	2,366E+1	3,239E+1	3,359E+1	2,416E+1	2,603E+1	2,776E+1	2,295E+1
233,010	24,792	0,000	2,422E+1	2,439E+1	2,442E+1	2,369E+1	3,241E+1	3,363E+1	2,417E+1	2,604E+1	2,777E+1	2,296E+1
234,010	24,766	0,000	2,421E+1	2,437E+1	2,441E+1	2,368E+1	3,242E+1	3,365E+1	2,418E+1	2,607E+1	2,778E+1	2,297E+1
235,010	24,749	0,000	2,423E+1	2,436E+1	2,442E+1	2,370E+1	3,237E+1	3,366E+1	2,418E+1	2,608E+1	2,778E+1	2,298E+1
236,010	24,746	0,000	2,424E+1	2,438E+1	2,443E+1	2,367E+1	3,237E+1	3,368E+1	2,419E+1	2,608E+1	2,779E+1	2,297E+1
237,010	24,797	0,000	2,424E+1	2,435E+1	2,443E+1	2,368E+1	3,237E+1	3,372E+1	2,420E+1	2,608E+1	2,782E+1	2,298E+1
238,010	24,777	0,000	2,424E+1	2,439E+1	2,443E+1	2,369E+1	3,240E+1	3,375E+1	2,421E+1	2,606E+1	2,780E+1	2,299E+1
239,010	24,779	0,000	2,426E+1	2,439E+1	2,446E+1	2,369E+1	3,242E+1	3,374E+1	2,422E+1	2,606E+1	2,782E+1	2,299E+1
240,010	24,815	0,000	2,427E+1	2,438E+1	2,447E+1	2,370E+1	3,242E+1	3,375E+1	2,421E+1	2,607E+1	2,783E+1	2,298E+1
241,010	24,807	0,000	2,426E+1	2,439E+1	2,445E+1	2,370E+1	3,245E+1	3,378E+1	2,423E+1	2,608E+1	2,782E+1	2,300E+1
242,010	24,804	0,000	2,427E+1	2,439E+1	2,446E+1	2,370E+1	3,246E+1	3,376E+1	2,421E+1	2,605E+1	2,785E+1	2,300E+1
243,010	24,766	0,000	2,427E+1	2,437E+1	2,446E+1	2,370E+1	3,248E+1	3,378E+1	2,423E+1	2,607E+1	2,783E+1	2,301E+1
244,010	24,832	0,000	2,430E+1	2,437E+1	2,445E+1	2,373E+1	3,250E+1	3,378E+1	2,422E+1	2,607E+1	2,784E+1	2,299E+1
245,010	24,865	0,000	2,429E+1	2,437E+1	2,445E+1	2,372E+1	3,253E+1	3,376E+1	2,424E+1	2,608E+1	2,785E+1	2,302E+1
246,010	24,820	0,000	2,429E+1	2,436E+1	2,445E+1	2,374E+1	3,254E+1	3,377E+1	2,426E+1	2,606E+1	2,783E+1	2,302E+1
247,010	24,827	0,000	2,431E+1	2,438E+1	2,444E+1	2,371E+1	3,257E+1	3,376E+1	2,423E+1	2,605E+1	2,783E+1	2,302E+1
248,010	24,835	0,000	2,430E+1	2,438E+1	2,444E+1	2,375E+1	3,256E+1	3,376E+1	2,426E+1	2,607E+1	2,782E+1	2,302E+1
249,010	24,822	0,000	2,431E+1	2,437E+1	2,443E+1	2,375E+1	3,258E+1	3,375E+1	2,426E+1	2,607E+1	2,782E+1	2,305E+1
250,010	24,845	0,000	2,431E+1	2,439E+1	2,445E+1	2,375E+1	3,256E+1	3,372E+1	2,426E+1	2,607E+1	2,782E+1	2,304E+1
251,010	24,835	0,000	2,430E+1	2,439E+1	2,448E+1	2,375E+1	3,252E+1	3,369E+1	2,428E+1	2,607E+1	2,780E+1	2,305E+1
252,010	24,827	0,000	2,432E+1	2,440E+1	2,448E+1	2,376E+1	3,250E+1	3,371E+1	2,428E+1	2,608E+1	2,782E+1	2,304E+1
253,010	24,812	0,000	2,434E+1	2,440E+1	2,448E+1	2,375E+1	3,249E+1	3,371E+1	2,427E+1	2,609E+1	2,783E+1	2,303E+1
254,010	24,807	0,000	2,435E+1	2,441E+1	2,447E+1	2,374E+1	3,251E+1	3,374E+1	2,427E+1	2,609E+1	2,784E+1	2,304E+1
255,010	24,820	0,000	2,432E+1	2,440E+1	2,450E+1	2,375E+1	3,254E+1	3,375E+1	2,429E+1	2,610E+1	2,784E+1	2,304E+1
256,010	24,825	0,000	2,434E+1	2,440E+1	2,450E+1	2,375E+1	3,255E+1	3,377E+1	2,428E+1	2,607E+1	2,784E+1	2,304E+1
257,011	24,832	0,000	2,433E+1	2,441E+1	2,449E+1	2,376E+1	3,258E+1	3,380E+1	2,427E+1	2,610E+1	2,786E+1	2,305E+1
258,011	24,815	0,000	2,432E+1	2,440E+1	2,450E+1	2,376E+1	3,258E+1	3,385E+1	2,429E+1	2,609E+1	2,784E+1	2,305E+1
259,011	24,812	0,000	2,433E+1	2,439E+1	2,447E+1	2,377E+1	3,260E+1	3,384E+1	2,429E+1	2,610E+1	2,784E+1	2,305E+1
260,011	24,825	0,000	2,434E+1	2,441E+1	2,446E+1	2,377E+1	3,261E+1	3,389E+1	2,430E+1	2,607E+1	2,785E+1	2,306E+1
261,011	24,842	0,000	2,433E+1	2,441E+1	2,446E+1	2,379E+1	3,263E+1	3,391E+1	2,430E+1	2,609E+1	2,786E+1	2,305E+1
262,011	24,820	0,000	2,433E+1	2,440E+1	2,445E+1	2,378E+1	3,259E+1	3,389E+1	2,429E+1	2,610E+1	2,787E+1	2,310E+1
263,011	24,825	0,000	2,431E+1	2,440E+1	2,446E+1	2,378E+1	3,261E+1	3,391E+1	2,430E+1	2,607E+1	2,786E+1	2,310E+1
264,011	24,820	0,000	2,432E+1	2,441E+1	2,446E+1	2,379E+1	3,259E+1	3,391E+1	2,430E+1	2,607E+1	2,787E+1	2,309E+1
265,011	24,804	0,000	2,434E+1	2,441E+1	2,446E+1	2,379E+1	3,257E+1	3,395E+1	2,429E+1	2,607E+1	2,787E+1	2,309E+1
266,011	24,840	0,000	2,433E+1	2,441E+1	2,447E+1	2,377E+1	3,260E+1	3,395E+1	2,429E+1	2,609E+1	2,789E+1	2,307E+1
267,011	24,837	0,000	2,434E+1	2,441E+1	2,448E+1	2,378E+1	3,262E+1	3,397E+1	2,430E+1	2,609E+1	2,789E+1	2,308E+1
268,011	24,848	0,000	2,434E+1	2,441E+1	2,447E+1	2,380E+1	3,266E+1	3,400E+1	2,431E+1	2,611E+1	2,790E+1	2,310E+1
269,011	24,880	0,000	2,433E+1	2,441E+1	2,446E+1	2,379E+1	3,269E+1	3,404E+1	2,432E+1	2,611E+1	2,791E+1	2,311E+1
270,011	24,878	0,000	2,431E+1	2,442E+1	2,449E+1	2,378E+1	3,270E+1	3,405E+1	2,429E+1	2,612E+1	2,793E+1	2,312E+1
271,011	24,853	0,000	2,433E+1	2,442E+1	2,446E+1	2,378E+1	3,272E+1	3,406E+1	2,430E+1	2,616E+1	2,793E+1	2,310E+1
272,011	24,891	0,000	2,433E+1	2,442E+1	2,449E+1	2,380E+1	3,270E+1	3,400E+1	2,430E+1	2,616E+1	2,792E+1	2,309E+1
273,011	24,880	0,000	2,433E+1	2,440E+1	2,447E+1	2,378E+1	3,272E+1	3,403E+1	2,431E+1	2,618E+1	2,793E+1	2,310E+1
274,011	24,855	0,000	2,433E+1	2,442E+1	2,450E+1	2,378E+1	3,273E+1	3,402E+1	2,429E+1	2,615E+1	2,795E+1	2,311E+1
275,011	24,853	0,000	2,431E+1	2,442E+1	2,448E+1	2,380E+1	3,273E+1	3,402E+1	2,432E+1	2,616E+1	2,793E+1	2,310E+1
276,011	24,888	0,000	2,433E+1	2,439E+1	2,448E+1	2,379E+1	3,272E+1	3,405E+1	2,431E+1	2,616E+1	2,794E+1	2,310E+1
277,011	24,840	0,000	2,433E+1	2,441E+1	2,449E+1	2,379E+1	3,274E+1	3,398E+1	2,431E+1	2,618E+1	2,796E+1	2,309E+1
278,011	24,850	0,000	2,432E+1	2,443E+1	2,450E+1	2,378E+1	3,271E+1	3,394E+1	2,430E+1	2,619E+1	2,796E+1	2,309E+1
279,011	24,865	0,000	2,430E+1	2,443E+1	2,451E+1	2,379E+1	3,268E+1	3,396E+1	2,434E+1	2,617E+1	2,795E+1	2,309E+1
280,011	24,837	0,000	2,432E+1	2,444E+1	2,449E+1	2,379E+1	3,270E+1	3,400E+1	2,431E+1	2,617E+1	2,794E+1	2,309E+1
281,011	24,832	0,000	2,431E+1	2,444E+1	2,451E+1	2,379E+1	3,272E+1	3,402E+1	2,433E+1	2,619E+1	2,795E+1	2,307E+1
282,011	24,822	0,000	2,432E+1	2,444E+1	2,451E+1	2,377E+1	3,274E+1	3,409E+1	2,430E+1	2,618E+1	2,795E+1	2,309E+1
283,011	24,845	0,000	2,432E+1	2,444E+1	2,452E+1	2,378E+1	3,278E+1	3,416E+1	2,430E+1	2,619E+1	2,799E+1	2,310E+1
284,011	24,868	0,000	2,432E+1	2,445E+1	2,453E+1	2,377E+1	3,284E+1	3,419E+1	2,432E+1	2,618E+1	2,798E+1	2,308E+1
285,012	24,886	0,000	2,434E+1	2,448E+1	2,451E+1	2,377E+1	3,286E+1	3,417E+1	2,432E+1	2,622E+1	2,795E+1	2,310E+1
286,012	24,891	0,000	2,434E+1	2,446E+1	2,452E+1	2,376E+1	3,287E+1	3,417E+1	2,433E+1	2,622E+1	2,800E+1	2,310E+1
287,012	24,883	0,000	2,433E+1	2,447E+1	2,452E+1	2,378E+1	3,290E+1	3,415E+1	2,434E+1	2,622E+1	2,799E+1	2,314E+1
288,012	24,878	0,000	2,434E+1	2,447E+1	2,452E+1	2,378E+1	3,293E+1	3,416E+1	2,431E+1	2,625E+1	2,799E+1	2,312E+1
289,012	24,873	0,000	2,434E+1	2,446E+1	2,452E+1	2,379E+1	3,291E+1	3,414E+1	2,432E+1	2,623E+1	2,800E+1	2,315E+1
290,012	24,896	0,000	2,436E+1	2,448E+1	2,450E+1	2,378E+1	3,296E+1	3,414E+1	2,432E+1	2,624E+1	2,800E+1	2,315E+1
291,012	24,870	0,000	2,436E+1	2,448E+1	2,450E+1	2,379E+1	3,300E+1	3,413E+1	2,433E+1	2,621E+1	2,800E+1	2,314E+1
292,012	24,891	0,000	2,435E+1	2,449E+1	2,450E+1	2,379E+1	3,295E+1	3,411E+1	2,434E+1	2,624E+1	2,800E+1	2,312E+1
293,012	24,886	0,000	2,436E+1	2,449E+1	2,450E+1	2,380E+1	3,295E+1	3,411E+1	2,434E+1	2,622E+1	2,800E+1	2,311E+1
294,012	24,875	0,000	2,436E+1	2,450E+1	2,448E+1	2,380E+1	3,293E+1	3,414E+1	2,435E+1	2,623E+1	2,800E+1	2,315E+1
295,012	24,893	0,000	2,438E+1	2,452E+1	2,450E+1	2,381E+1	3,294E+1	3,417E+1	2,436E+1	2,624E+1	2,803E+1	2,314E+1
296,012	24,880	0,000	2,437E+1	2,450E+1	2,449E+1	2,382E+1	3,295E+1	3,418E+1	2,436E+1	2,625E+1	2,802E+1	2,313E+1
297,012	24,916	0,000	2,439E+1	2,449E+1	2,449E+1	2,381E+1	3,299E+1	3,414E+1	2,437E+1	2,623E+1	2,801E+1	2,314E+1
298,012	24,891	0,000	2,438E+1	2,449E+1	2,448E+1	2,382E+1	3,301E+1	3,412E+1	2,438E+1	2,622E+1	2,802E+1	2,315E+1
299,012	24,906	0,000	2,439E+1	2,448E+1	2,448E+1	2,383E+1	3,300E+1	3,415E+1	2,437E+1	2,623E+1	2,803E+1	2,314E+1
300,012	24,911	0,000	2,442E+1	2,450E+1	2,450E+1	2,383E+1	3,302E+1	3,420E+1	2,439E+1	2,622E+1	2,801E+1	2,315E+1
301,012	24,903	0,000	2,441E+1	2,450E+1	2,450E+1	2,384E+1	3,300E+1	3,418E+1	2,439E+1	2,624E+1	2,802E+1	2,316E+1
302,012	24,926	0,000	2,442E+1	2,450E+1	2,452E+1	2,385E+1	3,301E+1	3,414E+1	2,439E+1	2,624E+1	2,803E+1	2,318E+1
303,012	24,875	0,000	2,441E+1	2,450E+1	2,453E+1	2,386E+1	3,301E+1	3,415E+1	2,439E+1	2,623E+1	2,803E+1	2,318E+1
304,012	24,918	0,000	2,442E+1	2,450E+1	2,452E+1	2,383E+1	3,300E+1	3,416E+1	2,440E+1	2,623E+1	2,803E+1	2,318E+1
305,012	24,906	0,000	2,444E+1	2,450E+1	2,452E+1	2,385E+1	3,299E+1	3,414E+1	2,439E+1	2,623E+1	2,802E+1	2,317E+1
306,012	24,931	0,000	2,444E+1	2,449E+1	2,451E+1	2,385E+1	3,298E+1	3,418E+1	2,440E+1	2,623E+1	2,805E+1	2,318E+1
307,012	24,913	0,000	2,443E+1	2,450E+1	2,452E+1	2,386E+1	3,302E+1	3,418E+1	2,441E+1	2,627E+1	2,802E+1	2,319E+1
308,012	24,924	0,000	2,443E+1	2,450E+1	2,452E+1	2,386E+1	3,301E+1	3,422E+1	2,441E+1	2,629E+1	2,802E+1	2,321E+1
309,012	24,939	0,000	2,445E+1	2,451E+1	2,454E+1	2,385E+1	3,300E+1	3,423E+1	2,441E+1	2,628E+1	2,803E+1	2,321E+1
310,012	24,946	0,000	2,444E+1	2,451E+1	2,453E+1	2,386E+1	3,298E+1	3,423E+1	2,441E+1	2,628E+1	2,804E+1	2,320E+1
311,012	24,954	0,000	2,445E+1	2,452E+1	2,453E+1	2,386E+1	3,292E+1	3,424E+1	2,443E+1	2,626E+1	2,804E+1	2,321E+1
312,012	24,931	0,000	2,445E+1	2,452E+1	2,454E+1	2,387E+1	3,294E+1	3,426E+1	2,440E+1	2,626E+1	2,803E+1	2,320E+1
313,012	24,951	0,000	2,444E+1	2,452E+1	2,452E+1	2,386E+1	3,293E+1	3,428E+1	2,442E+1	2,625E+1	2,804E+1	2,320E+1
314,012	24,941	0,000	2,444E+1	2,451E+1	2,452E+1	2,385E+1	3,297E+1	3,425E+1	2,441E+1	2,626E+1	2,805E+1	2,321E+1
315,012	24,924	0,000	2,444E+1	2,450E+1	2,453E+1	2,384E+1	3,299E+1	3,425E+1	2,441E+1	2,625E+1	2,804E+1	2,321E+1
316,012	24,954	0,000	2,444E+1	2,452E+1	2,454E+1	2,384E+1	3,301E+1	3,430E+1	2,440E+1	2,625E+1	2,806E+1	2,319E+1
317,012	24,936	0,000	2,444E+1	2,450E+1	2,453E+1	2,386E+1	3,306E+1	3,433E+1	2,442E+1	2,629E+1	2,806E+1	2,320E+1
318,012	24,964	0,000	2,443E+1	2,452E+1	2,454E+1	2,388E+1	3,305E+1	3,428E+1	2,444E+1	2,629E+1	2,807E+1	2,321E+1
319,012	24,974	0,000	2,443E+1	2,452E+1	2,453E+1	2,389E+1	3,304E+1	3,429E+1	2,443E+1	2,631E+1	2,806E+1	2,321E+1
320,013	24,979	0,000	2,445E+1	2,452E+1	2,456E+1	2,387E+1	3,300E+1	3,431E+1	2,444E+1	2,633E+1	2,809E+1	2,321E+1
321,013	24,967	0,000	2,447E+1	2,452E+1	2,455E+1	2,388E+1	3,301E+1	3,430E+1	2,444E+1	2,633E+1	2,808E+1	2,321E+1
322,013	24,949	0,000	2,445E+1	2,452E+1	2,454E+1	2,387E+1	3,300E+1	3,430E+1	2,445E+1	2,631E+1	2,810E+1	2,323E+1
323,013	24,972	0,000	2,444E+1	2,453E+1	2,456E+1	2,387E+1	3,303E+1	3,432E+1	2,446E+1	2,631E+1	2,810E+1	2,323E+1
324,013	24,956	0,000	2,445E+1	2,452E+1	2,455E+1	2,387E+1	3,299E+1	3,435E+1	2,445E+1	2,631E+1	2,808E+1	2,321E+1
325,013	24,964	0,000	2,444E+1	2,452E+1	2,457E+1	2,388E+1	3,304E+1	3,434E+1	2,445E+1	2,632E+1	2,811E+1	2,321E+1
326,013	24,936	0,000	2,445E+1	2,454E+1	2,455E+1	2,389E+1	3,300E+1	3,433E+1	2,445E+1	2,632E+1	2,810E+1	2,323E+1
327,013	24,946	0,000	2,443E+1	2,454E+1	2,457E+1	2,389E+1	3,300E+1	3,434E+1	2,445E+1	2,632E+1	2,810E+1	2,323E+1
328,013	24,954	0,000	2,444E+1	2,453E+1	2,456E+1	2,388E+1	3,301E+1	3,440E+1	2,446E+1	2,633E+1	2,811E+1	2,325E+1
329,013	24,941	0,000	2,444E+1	2,454E+1	2,457E+1	2,389E+1	3,301E+1	3,441E+1	2,446E+1	2,637E+1	2,811E+1	2,327E+1
330,013	24,962	0,000	2,445E+1	2,455E+1	2,456E+1	2,390E+1	3,303E+1	3,443E+1	2,446E+1	2,638E+1	2,812E+1	2,327E+1
331,013	24,962	0,000	2,446E+1	2,455E+1	2,456E+1	2,390E+1	3,301E+1	3,442E+1	2,447E+1	2,640E+1	2,813E+1	2,325E+1
332,013	24,962	0,000	2,445E+1	2,455E+1	2,456E+1	2,387E+1	3,303E+1	3,444E+1	2,446E+1	2,642E+1	2,811E+1	2,328E+1
333,013	24,962	0,000	2,446E+1	2,454E+1	2,455E+1	2,390E+1	3,304E+1	3,444E+1	2,448E+1	2,641E+1	2,815E+1	2,327E+1
334,013	24,956	0,000	2,446E+1	2,455E+1	2,457E+1	2,391E+1	3,302E+1	3,445E+1	2,448E+1	2,644E+1	2,813E+1	2,328E+1
335,013	24,944	0,000	2,445E+1	2,452E+1	2,457E+1	2,388E+1	3,300E+1	3,447E+1	2,449E+1	2,643E+1	2,816E+1	2,326E+1
336,013	24,936	0,000	2,446E+1	2,455E+1	2,456E+1	2,390E+1	3,299E+1	3,448E+1	2,449E+1	2,645E+1	2,814E+1	2,329E+1
337,013	24,959	0,000	2,446E+1	2,456E+1	2,456E+1	2,389E+1	3,297E+1	3,449E+1	2,448E+1	2,645E+1	2,816E+1	2,326E+1
338,013	24,967	0,000	2,444E+1	2,456E+1	2,457E+1	2,388E+1	3,296E+1	3,448E+1	2,448E+1	2,645E+1	2,815E+1	2,327E+1
339,013	24,962	0,000	2,444E+1	2,455E+1	2,459E+1	2,389E+1	3,298E+1	3,449E+1	2,448E+1	2,648E+1	2,814E+1	2,325E+1
340,013	24,967	0,000	2,446E+1	2,457E+1	2,461E+1	2,387E+1	3,302E+1	3,445E+1	2,449E+1	2,643E+1	2,813E+1	2,324E+1
341,013	24,987	0,000	2,448E+1	2,458E+1	2,461E+1	2,388E+1	3,305E+1	3,444E+1	2,449E+1	2,641E+1	2,813E+1	2,326E+1
342,013	25,007	0,000	2,448E+1	2,458E+1	2,461E+1	2,389E+1	3,310E+1	3,447E+1	2,450E+1	2,644E+1	2,815E+1	2,325E+1
343,013	24,977	0,000	2,446E+1	2,456E+1	2,460E+1	2,389E+1	3,309E+1	3,448E+1	2,451E+1	2,643E+1	2,816E+1	2,328E+1
344,013	24,979	0,000	2,447E+1	2,457E+1	2,460E+1	2,388E+1	3,309E+1	3,451E+1	2,451E+1	2,643E+1	2,816E+1	2,329E+1
345,013	24,969	0,000	2,445E+1	2,457E+1	2,461E+1	2,389E+1	3,313E+1	3,453E+1	2,449E+1	2,642E+1	2,817E+1	2,331E+1
346,013	24,987	0,000	2,447E+1	2,456E+1	2,461E+1	2,388E+1	3,314E+1	3,452E+1	2,452E+1	2,643E+1	2,819E+1	2,332E+1
347,013	24,924	0,000	2,447E+1	2,458E+1	2,460E+1	2,389E+1	3,316E+1	3,452E+1	2,452E+1	2,643E+1	2,816E+1	2,332E+1
348,013	24,924	0,000	2,446E+1	2,457E+1	2,460E+1	2,391E+1	3,318E+1	3,454E+1	2,449E+1	2,644E+1	2,818E+1	2,332E+1
349,013	24,906	0,000	2,447E+1	2,458E+1	2,460E+1	2,391E+1	3,320E+1	3,452E+1	2,450E+1	2,645E+1	2,818E+1	2,332E+1
350,013	24,939	0,000	2,447E+1	2,459E+1	2,462E+1	2,391E+1	3,313E+1	3,452E+1	2,450E+1	2,648E+1	2,822E+1	2,334E+1
351,014	24,936	0,000	2,447E+1	2,459E+1	2,462E+1	2,391E+1	3,314E+1	3,452E+1	2,450E+1	2,645E+1	2,821E+1	2,332E+1
352,014	24,939	0,000	2,450E+1	2,459E+1	2,463E+1	2,389E+1	3,316E+1	3,452E+1	2,451E+1	2,646E+1	2,822E+1	2,333E+1
353,014	24,954	0,000	2,448E+1	2,460E+1	2,463E+1	2,391E+1	3,318E+1	3,449E+1	2,452E+1	2,645E+1	2,821E+1	2,332E+1
354,014	24,956	0,000	2,450E+1	2,458E+1	2,463E+1	2,391E+1	3,317E+1	3,446E+1	2,452E+1	2,642E+1	2,822E+1	2,334E+1
355,014	24,964	0,000	2,448E+1	2,458E+1	2,461E+1	2,393E+1	3,319E+1	3,439E+1	2,453E+1	2,642E+1	2,820E+1	2,333E+1
356,014	25,005	0,000	2,449E+1	2,459E+1	2,463E+1	2,393E+1	3,320E+1	3,442E+1	2,450E+1	2,643E+1	2,818E+1	2,332E+1
357,014	24,977	0,000	2,449E+1	2,460E+1	2,461E+1	2,394E+1	3,318E+1	3,445E+1	2,452E+1	2,643E+1	2,819E+1	2,334E+1
358,014	24,969	0,000	2,450E+1	2,461E+1	2,460E+1	2,392E+1	3,317E+1	3,445E+1	2,450E+1	2,642E+1	2,820E+1	2,334E+1
359,014	24,949	0,000	2,449E+1	2,461E+1	2,461E+1	2,392E+1	3,316E+1	3,445E+1	2,453E+1	2,645E+1	2,821E+1	2,335E+1
360,014	24,959	0,000	2,450E+1	2,461E+1	2,462E+1	2,393E+1	3,317E+1	3,448E+1	2,452E+1	2,644E+1	2,821E+1	2,335E+1
361,014	24,967	0,000	2,450E+1	2,460E+1	2,462E+1	2,392E+1	3,316E+1	3,452E+1	2,452E+1	2,643E+1	2,822E+1	2,335E+1
362,014	24,962	0,000	2,449E+1	2,459E+1	2,463E+1	2,396E+1	3,314E+1	3,452E+1	2,452E+1	2,648E+1	2,822E+1	2,336E+1
363,014	24,962	0,000	2,450E+1	2,461E+1	2,465E+1	2,395E+1	3,313E+1	3,453E+1	2,453E+1	2,648E+1	2,822E+1	2,334E+1
364,014	24,956	0,000	2,452E+1	2,459E+1	2,463E+1	2,396E+1	3,314E+1	3,455E+1	2,453E+1	2,650E+1	2,822E+1	2,335E+1
365,014	24,951	0,000	2,452E+1	2,461E+1	2,465E+1	2,395E+1	3,316E+1	3,455E+1	2,454E+1	2,650E+1	2,825E+1	2,337E+1
366,014	24,969	0,000	2,452E+1	2,459E+1	2,465E+1	2,396E+1	3,311E+1	3,449E+1	2,455E+1	2,649E+1	2,824E+1	2,338E+1
367,014	24,977	0,000	2,452E+1	2,461E+1	2,465E+1	2,396E+1	3,305E+1	3,451E+1	2,453E+1	2,651E+1	2,826E+1	2,337E+1
368,014	24,951	0,000	2,453E+1	2,460E+1	2,465E+1	2,397E+1	3,305E+1	3,456E+1	2,454E+1	2,651E+1	2,826E+1	2,339E+1
369,014	24,977	0,000	2,451E+1	2,461E+1	2,464E+1	2,394E+1	3,308E+1	3,456E+1	2,456E+1	2,650E+1	2,827E+1	2,340E+1
370,014	24,974	0,000	2,452E+1	2,461E+1	2,465E+1	2,397E+1	3,306E+1	3,457E+1	2,455E+1	2,651E+1	2,826E+1	2,340E+1
371,014	24,962	0,000	2,452E+1	2,463E+1	2,465E+1	2,397E+1	3,308E+1	3,456E+1	2,455E+1	2,654E+1	2,826E+1	2,339E+1
372,014	24,977	0,000	2,453E+1	2,462E+1	2,466E+1	2,399E+1	3,311E+1	3,459E+1	2,457E+1	2,655E+1	2,826E+1	2,340E+1
373,014	24,949	0,000	2,452E+1	2,463E+1	2,466E+1	2,399E+1	3,307E+1	3,458E+1	2,457E+1	2,655E+1	2,828E+1	2,340E+1
374,015	24,987	0,000	2,452E+1	2,462E+1	2,467E+1	2,402E+1	3,308E+1	3,461E+1	2,455E+1	2,656E+1	2,826E+1	2,338E+1
375,015	25,015	0,000	2,453E+1	2,460E+1	2,465E+1	2,400E+1	3,311E+1	3,462E+1	2,457E+1	2,655E+1	2,826E+1	2,339E+1
376,015	25,012	0,000	2,452E+1	2,461E+1	2,466E+1	2,400E+1	3,314E+1	3,464E+1	2,458E+1	2,658E+1	2,829E+1	2,337E+1
377,015	24,989	0,000	2,452E+1	2,462E+1	2,466E+1	2,399E+1	3,316E+1	3,466E+1	2,456E+1	2,660E+1	2,829E+1	2,338E+1
378,015	25,017	0,000	2,455E+1	2,460E+1	2,466E+1	2,398E+1	3,319E+1	3,463E+1	2,457E+1	2,659E+1	2,830E+1	2,337E+1
379,015	25,015	0,000	2,453E+1	2,461E+1	2,466E+1	2,400E+1	3,316E+1	3,461E+1	2,459E+1	2,658E+1	2,831E+1	2,338E+1
380,015	25,022	0,000	2,454E+1	2,462E+1	2,467E+1	2,400E+1	3,316E+1	3,458E+1	2,459E+1	2,655E+1	2,830E+1	2,341E+1
381,015	25,015	0,000	2,456E+1	2,462E+1	2,465E+1	2,401E+1	3,313E+1	3,456E+1	2,460E+1	2,652E+1	2,830E+1	2,339E+1
382,015	25,070	0,000	2,457E+1	2,462E+1	2,467E+1	2,401E+1	3,314E+1	3,458E+1	2,460E+1	2,652E+1	2,830E+1	2,343E+1
383,015	25,053	0,000	2,457E+1	2,463E+1	2,465E+1	2,403E+1	3,313E+1	3,461E+1	2,460E+1	2,653E+1	2,831E+1	2,343E+1
384,015	25,022	0,000	2,457E+1	2,463E+1	2,465E+1	2,402E+1	3,314E+1	3,463E+1	2,461E+1	2,655E+1	2,828E+1	2,341E+1
385,015	25,073	0,000	2,457E+1	2,461E+1	2,468E+1	2,402E+1	3,312E+1	3,467E+1	2,460E+1	2,656E+1	2,828E+1	2,342E+1
386,015	25,063	0,000	2,455E+1	2,462E+1	2,468E+1	2,402E+1	3,315E+1	3,468E+1	2,460E+1	2,655E+1	2,831E+1	2,340E+1
387,015	25,083	0,000	2,458E+1	2,463E+1	2,465E+1	2,400E+1	3,317E+1	3,469E+1	2,462E+1	2,654E+1	2,829E+1	2,343E+1
388,015	25,083	0,000	2,458E+1	2,461E+1	2,468E+1	2,404E+1	3,318E+1	3,466E+1	2,461E+1	2,655E+1	2,829E+1	2,342E+1
389,015	25,096	0,000	2,454E+1	2,461E+1	2,468E+1	2,402E+1	3,317E+1	3,467E+1	2,463E+1	2,653E+1	2,829E+1	2,341E+1
390,015	25,091	0,000	2,458E+1	2,461E+1	2,468E+1	2,402E+1	3,317E+1	3,466E+1	2,461E+1	2,653E+1	2,829E+1	2,343E+1
391,015	25,121	0,000	2,458E+1	2,461E+1	2,470E+1	2,403E+1	3,315E+1	3,470E+1	2,464E+1	2,653E+1	2,830E+1	2,341E+1
392,015	25,129	0,000	2,458E+1	2,461E+1	2,469E+1	2,405E+1	3,317E+1	3,473E+1	2,465E+1	2,654E+1	2,830E+1	2,343E+1
393,015	25,182	0,000	2,458E+1	2,462E+1	2,471E+1	2,403E+1	3,320E+1	3,478E+1	2,462E+1	2,653E+1	2,832E+1	2,343E+1
394,015	25,139	0,000	2,458E+1	2,462E+1	2,471E+1	2,403E+1	3,321E+1	3,475E+1	2,463E+1	2,655E+1	2,834E+1	2,343E+1
395,015	25,121	0,000	2,460E+1	2,461E+1	2,470E+1	2,404E+1	3,319E+1	3,472E+1	2,463E+1	2,653E+1	2,835E+1	2,344E+1
396,015	25,129	0,000	2,459E+1	2,461E+1	2,472E+1	2,403E+1	3,320E+1	3,475E+1	2,463E+1	2,652E+1	2,836E+1	2,343E+1
397,015	25,154	0,000	2,459E+1	2,462E+1	2,472E+1	2,402E+1	3,318E+1	3,477E+1	2,462E+1	2,653E+1	2,836E+1	2,343E+1
398,015	25,149	0,000	2,459E+1	2,461E+1	2,472E+1	2,404E+1	3,320E+1	3,479E+1	2,463E+1	2,654E+1	2,837E+1	2,343E+1
399,015	25,164	0,000	2,459E+1	2,461E+1	2,473E+1	2,403E+1	3,321E+1	3,480E+1	2,462E+1	2,654E+1	2,836E+1	2,345E+1
400,015	25,184	0,000	2,459E+1	2,462E+1	2,476E+1	2,403E+1	3,323E+1	3,477E+1	2,463E+1	2,653E+1	2,835E+1	2,343E+1
401,015	25,159	0,000	2,461E+1	2,462E+1	2,475E+1	2,403E+1	3,323E+1	3,477E+1	2,464E+1	2,654E+1	2,837E+1	2,343E+1
402,015	25,172	0,000	2,461E+1	2,461E+1	2,473E+1	2,404E+1	3,322E+1	3,479E+1	2,466E+1	2,652E+1	2,836E+1	2,343E+1
403,015	25,174	0,000	2,461E+1	2,461E+1	2,474E+1	2,402E+1	3,321E+1	3,479E+1	2,467E+1	2,649E+1	2,839E+1	2,343E+1
404,016	25,182	0,000	2,460E+1	2,462E+1	2,474E+1	2,404E+1	3,324E+1	3,479E+1	2,466E+1	2,650E+1	2,836E+1	2,342E+1
405,016	25,159	0,000	2,461E+1	2,463E+1	2,473E+1	2,405E+1	3,328E+1	3,474E+1	2,467E+1	2,652E+1	2,838E+1	2,341E+1
406,016	25,154	0,000	2,460E+1	2,465E+1	2,473E+1	2,403E+1	3,329E+1	3,472E+1	2,467E+1	2,651E+1	2,839E+1	2,343E+1
407,016	25,166	0,000	2,461E+1	2,465E+1	2,471E+1	2,402E+1	3,333E+1	3,473E+1	2,466E+1	2,653E+1	2,838E+1	2,342E+1
408,016	25,156	0,000	2,463E+1	2,464E+1	2,473E+1	2,403E+1	3,335E+1	3,471E+1	2,467E+1	2,651E+1	2,837E+1	2,343E+1
409,016	25,149	0,000	2,463E+1	2,464E+1	2,473E+1	2,405E+1	3,333E+1	3,471E+1	2,466E+1	2,652E+1	2,837E+1	2,343E+1
410,016	25,205	0,000	2,462E+1	2,464E+1	2,473E+1	2,405E+1	3,335E+1	3,476E+1	2,466E+1	2,652E+1	2,839E+1	2,348E+1
411,016	25,151	0,000	2,462E+1	2,464E+1	2,472E+1	2,405E+1	3,337E+1	3,482E+1	2,466E+1	2,654E+1	2,841E+1	2,347E+1
412,016	25,151	0,000	2,462E+1	2,466E+1	2,471E+1	2,407E+1	3,341E+1	3,482E+1	2,468E+1	2,654E+1	2,839E+1	2,348E+1
413,016	25,131	0,000	2,462E+1	2,466E+1	2,471E+1	2,406E+1	3,343E+1	3,482E+1	2,470E+1	2,654E+1	2,840E+1	2,348E+1
414,016	25,128	0,000	2,460E+1	2,468E+1	2,472E+1	2,407E+1	3,343E+1	3,486E+1	2,468E+1	2,656E+1	2,841E+1	2,348E+1
415,016	25,093	0,000	2,461E+1	2,467E+1	2,473E+1	2,405E+1	3,343E+1	3,488E+1	2,468E+1	2,657E+1	2,840E+1	2,348E+1
416,016	25,111	0,000	2,461E+1	2,468E+1	2,472E+1	2,406E+1	3,344E+1	3,490E+1	2,470E+1	2,661E+1	2,840E+1	2,348E+1
417,016	25,113	0,000	2,462E+1	2,467E+1	2,474E+1	2,404E+1	3,344E+1	3,492E+1	2,470E+1	2,661E+1	2,843E+1	2,350E+1
418,016	25,062	0,000	2,460E+1	2,468E+1	2,471E+1	2,407E+1	3,340E+1	3,492E+1	2,470E+1	2,664E+1	2,842E+1	2,350E+1
419,016	25,065	0,000	2,462E+1	2,468E+1	2,475E+1	2,404E+1	3,338E+1	3,490E+1	2,469E+1	2,664E+1	2,844E+1	2,347E+1
420,016	25,088	0,000	2,460E+1	2,470E+1	2,476E+1	2,404E+1	3,334E+1	3,487E+1	2,468E+1	2,663E+1	2,843E+1	2,351E+1
421,016	25,052	0,000	2,459E+1	2,470E+1	2,475E+1	2,406E+1	3,336E+1	3,486E+1	2,468E+1	2,665E+1	2,845E+1	2,349E+1
422,016	25,025	0,000	2,462E+1	2,470E+1	2,476E+1	2,405E+1	3,332E+1	3,486E+1	2,467E+1	2,667E+1	2,847E+1	2,349E+1
423,016	25,063	0,000	2,460E+1	2,469E+1	2,475E+1	2,403E+1	3,334E+1	3,490E+1	2,468E+1	2,667E+1	2,847E+1	2,349E+1
424,017	25,055	0,000	2,460E+1	2,470E+1	2,476E+1	2,404E+1	3,336E+1	3,489E+1	2,469E+1	2,669E+1	2,848E+1	2,349E+1
425,017	25,047	0,000	2,459E+1	2,471E+1	2,478E+1	2,403E+1	3,333E+1	3,487E+1	2,468E+1	2,670E+1	2,848E+1	2,351E+1
426,017	25,060	0,000	2,461E+1	2,472E+1	2,478E+1	2,404E+1	3,332E+1	3,485E+1	2,470E+1	2,672E+1	2,847E+1	2,350E+1
427,017	25,047	0,000	2,461E+1	2,472E+1	2,478E+1	2,405E+1	3,332E+1	3,491E+1	2,470E+1	2,670E+1	2,851E+1	2,352E+1
428,017	25,055	0,000	2,459E+1	2,472E+1	2,480E+1	2,405E+1	3,330E+1	3,492E+1	2,472E+1	2,672E+1	2,849E+1	2,352E+1
429,017	25,072	0,000	2,459E+1	2,471E+1	2,478E+1	2,406E+1	3,327E+1	3,491E+1	2,471E+1	2,672E+1	2,849E+1	2,352E+1
430,017	25,082	0,000	2,462E+1	2,470E+1	2,477E+1	2,407E+1	3,326E+1	3,490E+1	2,472E+1	2,672E+1	2,851E+1	2,351E+1
431,017	25,090	0,000	2,463E+1	2,469E+1	2,478E+1	2,408E+1	3,323E+1	3,490E+1	2,472E+1	2,670E+1	2,850E+1	2,351E+1
432,017	25,123	0,000	2,465E+1	2,471E+1	2,477E+1	2,409E+1	3,323E+1	3,492E+1	2,473E+1	2,670E+1	2,851E+1	2,352E+1
433,017	25,118	0,000	2,464E+1	2,469E+1	2,476E+1	2,410E+1	3,322E+1	3,492E+1	2,473E+1	2,672E+1	2,852E+1	2,355E+1
434,017	25,108	0,000	2,464E+1	2,470E+1	2,477E+1	2,412E+1	3,324E+1	3,493E+1	2,475E+1	2,670E+1	2,851E+1	2,355E+1
435,017	25,143	0,000	2,467E+1	2,470E+1	2,479E+1	2,409E+1	3,323E+1	3,493E+1	2,473E+1	2,669E+1	2,850E+1	2,356E+1
436,017	25,131	0,000	2,467E+1	2,470E+1	2,480E+1	2,410E+1	3,324E+1	3,491E+1	2,475E+1	2,669E+1	2,849E+1	2,355E+1
437,017	25,184	0,000	2,468E+1	2,470E+1	2,478E+1	2,411E+1	3,329E+1	3,496E+1	2,475E+1	2,667E+1	2,850E+1	2,354E+1
438,017	25,156	0,000	2,468E+1	2,472E+1	2,480E+1	2,410E+1	3,328E+1	3,495E+1	2,475E+1	2,667E+1	2,848E+1	2,355E+1
439,017	25,154	0,000	2,466E+1	2,470E+1	2,480E+1	2,408E+1	3,328E+1	3,493E+1	2,476E+1	2,666E+1	2,850E+1	2,354E+1
440,017	25,179	0,000	2,464E+1	2,469E+1	2,479E+1	2,411E+1	3,330E+1	3,496E+1	2,475E+1	2,665E+1	2,847E+1	2,355E+1
441,017	25,166	0,000	2,466E+1	2,468E+1	2,479E+1	2,413E+1	3,331E+1	3,499E+1	2,475E+1	2,664E+1	2,848E+1	2,357E+1
442,017	25,189	0,000	2,466E+1	2,470E+1	2,480E+1	2,412E+1	3,335E+1	3,504E+1	2,474E+1	2,664E+1	2,851E+1	2,355E+1
443,017	25,207	0,000	2,467E+1	2,469E+1	2,482E+1	2,413E+1	3,337E+1	3,506E+1	2,477E+1	2,667E+1	2,849E+1	2,356E+1
444,017	25,232	0,000	2,466E+1	2,469E+1	2,481E+1	2,411E+1	3,339E+1	3,505E+1	2,477E+1	2,668E+1	2,851E+1	2,359E+1
445,017	25,204	0,000	2,467E+1	2,468E+1	2,480E+1	2,412E+1	3,340E+1	3,500E+1	2,477E+1	2,664E+1	2,850E+1	2,360E+1
446,017	25,262	0,000	2,468E+1	2,469E+1	2,482E+1	2,413E+1	3,340E+1	3,491E+1	2,476E+1	2,662E+1	2,849E+1	2,357E+1
447,017	25,225	0,000	2,466E+1	2,471E+1	2,481E+1	2,412E+1	3,340E+1	3,491E+1	2,477E+1	2,658E+1	2,848E+1	2,360E+1
448,017	25,214	0,000	2,466E+1	2,468E+1	2,481E+1	2,414E+1	3,343E+1	3,497E+1	2,476E+1	2,661E+1	2,847E+1	2,359E+1
449,017	25,252	0,000	2,468E+1	2,470E+1	2,482E+1	2,411E+1	3,342E+1	3,499E+1	2,476E+1	2,662E+1	2,847E+1	2,357E+1
450,017	25,217	0,000	2,467E+1	2,470E+1	2,482E+1	2,413E+1	3,340E+1	3,499E+1	2,477E+1	2,664E+1	2,848E+1	2,360E+1
451,017	25,242	0,000	2,467E+1	2,469E+1	2,483E+1	2,411E+1	3,341E+1	3,502E+1	2,477E+1	2,666E+1	2,848E+1	2,359E+1
452,017	25,219	0,000	2,467E+1	2,469E+1	2,483E+1	2,413E+1	3,341E+1	3,503E+1	2,477E+1	2,666E+1	2,849E+1	2,360E+1
453,018	25,262	0,000	2,466E+1	2,471E+1	2,482E+1	2,413E+1	3,338E+1	3,498E+1	2,477E+1	2,670E+1	2,851E+1	2,358E+1
454,018	25,217	0,000	2,470E+1	2,469E+1	2,484E+1	2,414E+1	3,336E+1	3,493E+1	2,477E+1	2,668E+1	2,847E+1	2,360E+1
