t	PC(E)	PL(E)	PC(T)	PL(T)	Vel
0,000	0,000	0,000	0,000E+0	0,000E+0	0,000E+0
0,121	0,000	0,000	0,000E+0	0,000E+0	0,000E+0
0,321	1,710	0,000	0,000E+0	0,000E+0	0,000E+0
0,523	1,710	0,000	0,000E+0	0,000E+0	0,000E+0
0,723	1,710	0,000	1,710E+0	1,710E+0	0,000E+0
0,924	1,710	0,000	1,710E+0	1,710E+0	0,000E+0
1,124	1,710	0,000	1,710E+0	1,710E+0	0,000E+0
1,324	1,710	0,000	1,710E+0	1,710E+0	0,000E+0
1,525	1,150	0,000	1,710E+0	1,710E+0	0,000E+0
1,724	1,150	0,000	1,150E+0	1,150E+0	0,000E+0
1,926	1,150	0,000	1,150E+0	1,150E+0	0,000E+0
2,126	1,150	0,000	1,150E+0	1,150E+0	0,000E+0
2,326	1,150	0,000	1,150E+0	1,150E+0	0,000E+0
2,527	1,200	0,000	1,150E+0	1,150E+0	0,000E+0
2,727	1,200	0,000	1,200E+0	1,200E+0	0,000E+0
2,928	1,200	0,000	1,200E+0	1,200E+0	0,000E+0
3,128	1,200	0,000	1,200E+0	1,200E+0	0,000E+0
3,328	1,200	0,000	1,200E+0	1,200E+0	0,000E+0
3,530	1,200	0,000	1,200E+0	1,200E+0	0,000E+0
3,730	1,200	0,000	1,200E+0	1,200E+0	0,000E+0
3,930	1,200	0,000	1,200E+0	1,200E+0	0,000E+0
4,131	1,200	0,000	1,200E+0	1,200E+0	0,000E+0
4,331	1,200	0,000	1,200E+0	1,200E+0	0,000E+0
4,531	1,200	0,000	1,200E+0	1,200E+0	0,000E+0
4,732	1,210	0,000	1,200E+0	1,200E+0	0,000E+0
4,931	1,210	0,000	1,200E+0	1,200E+0	0,000E+0
5,132	1,210	0,000	1,210E+0	1,210E+0	0,000E+0
5,333	1,210	0,000	1,210E+0	1,210E+0	0,000E+0
5,533	1,210	0,000	1,210E+0	0,000E+0	0,000E+0
5,733	1,210	0,000	1,210E+0	0,000E+0	0,000E+0
5,934	1,160	0,000	1,188E+0	1,188E+0	0,000E+0
6,133	1,160	0,000	1,188E+0	1,188E+0	0,000E+0
6,334	1,160	0,000	1,160E+0	1,160E+0	0,000E+0
6,534	1,160	0,000	1,160E+0	1,160E+0	0,000E+0
6,734	1,160	0,000	1,160E+0	1,160E+0	0,000E+0
6,934	1,160	0,000	1,160E+0	1,160E+0	0,000E+0
7,135	1,160	0,000	1,160E+0	1,160E+0	0,000E+0
7,334	1,220	0,000	1,160E+0	1,160E+0	0,000E+0
7,535	1,220	0,000	1,220E+0	1,220E+0	0,000E+0
7,734	1,220	0,000	1,220E+0	1,220E+0	0,000E+0
7,935	1,220	0,000	1,220E+0	1,220E+0	0,000E+0
8,135	1,220	0,000	1,220E+0	1,220E+0	0,000E+0
8,337	1,200	0,000	1,220E+0	1,220E+0	0,000E+0
8,537	1,200	0,000	1,200E+0	1,200E+0	0,000E+0
8,737	1,200	0,000	1,200E+0	1,200E+0	0,000E+0
8,938	1,200	0,000	1,200E+0	1,200E+0	0,000E+0
9,139	1,200	0,000	1,200E+0	1,200E+0	0,000E+0
9,338	1,220	0,000	1,200E+0	1,200E+0	0,000E+0
9,539	1,220	0,000	1,220E+0	1,220E+0	0,000E+0
9,740	1,220	0,000	1,220E+0	1,220E+0	0,000E+0
9,940	1,220	0,000	1,220E+0	1,220E+0	0,000E+0
10,140	1,220	0,000	1,220E+0	1,220E+0	0,000E+0
10,340	1,260	0,000	1,220E+0	1,220E+0	0,000E+0
10,541	1,260	0,000	1,260E+0	1,260E+0	0,000E+0
10,741	1,260	0,000	1,260E+0	1,260E+0	0,000E+0
10,940	1,260	0,000	1,260E+0	1,260E+0	0,000E+0
11,141	1,260	0,000	1,260E+0	1,260E+0	0,000E+0
11,341	1,140	0,000	1,260E+0	0,000E+0	0,000E+0
11,541	1,140	0,000	1,260E+0	0,000E+0	0,000E+0
11,741	1,140	0,000	1,207E+0	1,207E+0	0,000E+0
11,943	1,140	0,000	1,140E+0	1,140E+0	0,000E+0
12,143	1,140	0,000	1,140E+0	1,140E+0	0,000E+0
12,343	1,140	0,000	1,140E+0	1,140E+0	0,000E+0
12,543	1,140	0,000	1,140E+0	1,140E+0	0,000E+0
12,743	1,140	0,000	1,140E+0	1,140E+0	0,000E+0
12,944	1,200	0,000	1,140E+0	1,140E+0	0,000E+0
13,143	1,200	0,000	1,140E+0	1,140E+0	0,000E+0
13,345	1,200	0,000	1,200E+0	1,200E+0	0,000E+0
13,545	1,200	0,000	1,200E+0	1,200E+0	0,000E+0
13,745	1,200	0,000	1,200E+0	1,200E+0	0,000E+0
13,944	1,150	0,000	1,200E+0	1,200E+0	0,000E+0
14,146	1,150	0,000	1,200E+0	1,200E+0	0,000E+0
14,346	1,150	0,000	1,150E+0	1,150E+0	0,000E+0
14,545	1,150	0,000	1,150E+0	1,150E+0	0,000E+0
14,746	1,150	0,000	1,150E+0	1,150E+0	0,000E+0
14,946	1,320	0,000	1,150E+0	1,150E+0	0,000E+0
15,147	1,320	0,000	1,150E+0	1,150E+0	0,000E+0
15,347	1,320	0,000	1,320E+0	1,320E+0	0,000E+0
15,548	1,320	0,000	1,320E+0	1,320E+0	0,000E+0
15,748	1,320	0,000	1,320E+0	1,320E+0	0,000E+0
15,948	1,320	0,000	1,320E+0	1,320E+0	0,000E+0
16,147	1,320	0,000	1,320E+0	1,320E+0	0,000E+0
16,349	1,320	0,000	1,320E+0	1,320E+0	0,000E+0
16,550	1,320	0,000	1,320E+0	1,320E+0	0,000E+0
16,750	1,320	0,000	1,320E+0	1,320E+0	0,000E+0
16,951	1,220	0,000	1,320E+0	0,000E+0	0,000E+0
17,151	1,220	0,000	1,320E+0	0,000E+0	0,000E+0
17,351	1,220	0,000	1,320E+0	0,000E+0	0,000E+0
17,552	1,220	0,000	1,250E+0	1,250E+0	0,000E+0
17,752	1,220	0,000	1,220E+0	1,220E+0	0,000E+0
17,952	1,220	0,000	1,220E+0	1,220E+0	0,000E+0
18,152	1,220	0,000	1,220E+0	1,220E+0	0,000E+0
18,353	1,220	0,000	1,220E+0	1,220E+0	0,000E+0
18,553	1,220	0,000	1,220E+0	1,220E+0	0,000E+0
18,752	1,050	0,000	1,220E+0	1,220E+0	0,000E+0
18,952	1,050	0,000	1,220E+0	1,220E+0	0,000E+0
19,153	1,050	0,000	1,050E+0	1,050E+0	0,000E+0
19,354	1,050	0,000	1,050E+0	1,050E+0	0,000E+0
19,553	1,050	0,000	1,050E+0	1,050E+0	0,000E+0
19,754	1,040	0,000	1,050E+0	1,050E+0	0,000E+0
19,953	1,040	0,000	1,050E+0	1,050E+0	0,000E+0
20,154	1,040	0,000	1,040E+0	1,040E+0	0,000E+0
20,355	1,040	0,000	1,040E+0	1,040E+0	0,000E+0
20,554	1,040	0,000	1,040E+0	1,040E+0	0,000E+0
20,756	0,880	0,000	1,040E+0	1,040E+0	0,000E+0
20,955	0,880	0,000	1,040E+0	1,040E+0	0,000E+0
21,156	0,880	0,000	8,800E-1	8,800E-1	0,000E+0
21,357	0,880	0,000	8,800E-1	8,800E-1	0,000E+0
21,557	0,880	0,000	8,800E-1	8,800E-1	0,000E+0
21,758	1,010	0,000	8,800E-1	8,800E-1	0,000E+0
21,958	1,010	0,000	8,800E-1	8,800E-1	0,000E+0
22,158	1,010	0,000	1,010E+0	1,010E+0	0,000E+0
22,358	1,010	0,000	1,010E+0	1,010E+0	0,000E+0
22,560	1,010	0,000	1,010E+0	1,010E+0	0,000E+0
22,760	1,080	0,000	1,010E+0	0,000E+0	0,000E+0
22,961	1,080	0,000	1,010E+0	0,000E+0	0,000E+0
23,161	1,080	0,000	1,010E+0	0,000E+0	0,000E+0
23,361	1,080	0,000	1,013E+0	1,013E+0	0,000E+0
23,561	1,080	0,000	1,080E+0	1,080E+0	0,000E+0
23,762	1,080	0,000	1,080E+0	1,080E+0	0,000E+0
23,963	1,080	0,000	1,080E+0	1,080E+0	0,000E+0
24,163	1,080	0,000	1,080E+0	1,080E+0	0,000E+0
24,363	1,080	0,000	1,080E+0	1,080E+0	0,000E+0
24,563	1,080	0,000	1,080E+0	1,080E+0	0,000E+0
24,763	1,080	0,000	1,080E+0	1,080E+0	0,000E+0
24,964	1,080	0,000	1,080E+0	1,080E+0	0,000E+0
25,164	1,080	0,000	1,080E+0	1,080E+0	0,000E+0
25,364	1,120	0,000	1,080E+0	1,080E+0	0,000E+0
25,564	1,120	0,000	1,080E+0	1,080E+0	0,000E+0
25,763	1,120	0,000	1,120E+0	1,120E+0	0,000E+0
25,963	1,120	0,000	1,120E+0	1,120E+0	0,000E+0
26,163	1,120	0,000	1,120E+0	1,120E+0	0,000E+0
26,365	1,120	0,000	1,120E+0	1,120E+0	0,000E+0
26,564	1,040	0,000	1,120E+0	1,120E+0	0,000E+0
26,765	1,040	0,000	1,120E+0	1,120E+0	0,000E+0
26,965	1,040	0,000	1,040E+0	1,040E+0	0,000E+0
27,165	1,040	0,000	1,040E+0	1,040E+0	0,000E+0
27,365	1,110	0,000	1,040E+0	1,040E+0	0,000E+0
27,567	1,110	0,000	1,040E+0	1,040E+0	0,000E+0
27,768	1,110	0,000	1,040E+0	1,040E+0	0,000E+0
27,968	1,110	0,000	1,110E+0	1,110E+0	0,000E+0
28,168	1,110	0,000	1,110E+0	1,110E+0	0,000E+0
28,368	1,110	0,000	1,110E+0	1,110E+0	0,000E+0
28,568	1,110	0,000	1,110E+0	1,110E+0	0,000E+0
28,769	1,170	0,000	1,110E+0	0,000E+0	0,000E+0
28,970	1,170	0,000	1,110E+0	0,000E+0	0,000E+0
29,170	1,170	0,000	1,100E+0	1,100E+0	0,000E+0
29,370	1,170	0,000	1,100E+0	1,100E+0	0,000E+0
29,571	1,170	0,000	1,170E+0	1,170E+0	0,000E+0
29,771	1,170	0,000	1,170E+0	1,170E+0	0,000E+0
29,972	1,170	0,000	1,170E+0	1,170E+0	0,000E+0
30,172	1,170	0,000	1,170E+0	1,170E+0	0,000E+0
30,373	1,170	0,000	1,170E+0	1,170E+0	0,000E+0
30,574	1,180	0,000	1,170E+0	1,170E+0	0,000E+0
30,774	1,180	0,000	1,170E+0	1,170E+0	0,000E+0
30,974	1,180	0,000	1,180E+0	1,180E+0	0,000E+0
31,174	1,180	0,000	1,180E+0	1,180E+0	0,000E+0
31,374	1,180	0,000	1,180E+0	1,180E+0	0,000E+0
31,573	1,240	0,000	1,180E+0	1,180E+0	0,000E+0
31,774	1,240	0,000	1,240E+0	1,240E+0	0,000E+0
31,974	1,240	0,000	1,240E+0	1,240E+0	0,000E+0
32,175	1,240	0,000	1,240E+0	1,240E+0	0,000E+0
32,375	1,240	0,000	1,240E+0	1,240E+0	0,000E+0
32,574	1,040	0,000	1,240E+0	1,240E+0	0,000E+0
32,774	1,040	0,000	1,040E+0	1,040E+0	0,000E+0
32,974	1,040	0,000	1,040E+0	1,040E+0	0,000E+0
33,176	1,040	0,000	1,040E+0	1,040E+0	0,000E+0
33,376	1,040	0,000	1,040E+0	1,040E+0	0,000E+0
33,577	1,040	0,000	1,040E+0	1,040E+0	0,000E+0
33,778	1,040	0,000	1,040E+0	1,040E+0	0,000E+0
33,979	1,040	0,000	1,040E+0	1,040E+0	0,000E+0
34,179	1,040	0,000	1,040E+0	1,040E+0	0,000E+0
34,379	1,040	0,000	1,040E+0	1,040E+0	0,000E+0
34,579	1,140	0,000	1,040E+0	0,000E+0	0,000E+0
34,779	1,140	0,000	1,040E+0	0,000E+0	0,000E+0
34,979	1,140	0,000	1,128E+0	1,128E+0	0,000E+0
35,179	1,140	0,000	1,128E+0	1,128E+0	0,000E+0
35,379	1,140	0,000	1,140E+0	1,140E+0	0,000E+0
35,579	1,140	0,000	1,140E+0	1,140E+0	0,000E+0
35,779	1,140	0,000	1,140E+0	1,140E+0	0,000E+0
35,980	1,140	0,000	1,140E+0	1,140E+0	0,000E+0
36,179	1,180	0,000	1,140E+0	1,140E+0	0,000E+0
36,379	1,180	0,000	1,140E+0	1,140E+0	0,000E+0
36,579	1,180	0,000	1,180E+0	1,180E+0	0,000E+0
36,780	1,180	0,000	1,180E+0	1,180E+0	0,000E+0
36,980	1,180	0,000	1,180E+0	1,180E+0	0,000E+0
37,181	1,180	0,000	1,180E+0	1,180E+0	0,000E+0
37,382	1,130	0,000	1,180E+0	1,180E+0	0,000E+0
37,583	1,130	0,000	1,180E+0	1,180E+0	0,000E+0
37,784	1,130	0,000	1,130E+0	1,130E+0	0,000E+0
37,985	1,130	0,000	1,130E+0	1,130E+0	0,000E+0
38,187	1,110	0,000	1,130E+0	1,130E+0	0,000E+0
38,387	1,110	0,000	1,130E+0	1,130E+0	0,000E+0
38,588	1,110	0,000	1,110E+0	1,110E+0	0,000E+0
38,788	1,110	0,000	1,110E+0	1,110E+0	0,000E+0
38,989	1,110	0,000	1,110E+0	1,110E+0	0,000E+0
39,189	1,110	0,000	1,110E+0	1,110E+0	0,000E+0
39,389	0,870	0,000	1,110E+0	1,110E+0	0,000E+0
39,589	0,870	0,000	1,110E+0	1,110E+0	0,000E+0
39,789	0,870	0,000	8,700E-1	8,700E-1	0,000E+0
39,989	0,870	0,000	8,700E-1	8,700E-1	0,000E+0
40,189	0,870	0,000	8,700E-1	0,000E+0	0,000E+0
40,388	0,870	0,000	8,700E-1	0,000E+0	0,000E+0
40,589	1,140	0,000	1,077E+0	1,077E+0	0,000E+0
40,789	1,140	0,000	1,077E+0	1,077E+0	0,000E+0
40,988	1,140	0,000	1,140E+0	1,140E+0	0,000E+0
41,188	1,140	0,000	1,140E+0	1,140E+0	0,000E+0
41,390	1,140	0,000	1,140E+0	1,140E+0	0,000E+0
41,590	1,140	0,000	1,140E+0	1,140E+0	0,000E+0
41,790	1,140	0,000	1,140E+0	1,140E+0	0,000E+0
41,990	1,170	0,000	1,140E+0	1,140E+0	0,000E+0
42,189	1,170	0,000	1,140E+0	1,140E+0	0,000E+0
42,390	1,170	0,000	1,170E+0	1,170E+0	0,000E+0
42,590	1,170	0,000	1,170E+0	1,170E+0	0,000E+0
42,790	1,110	0,000	1,170E+0	1,170E+0	0,000E+0
42,990	1,110	0,000	1,170E+0	1,170E+0	0,000E+0
43,189	1,110	0,000	1,110E+0	1,110E+0	0,000E+0
43,389	1,110	0,000	1,110E+0	1,110E+0	0,000E+0
43,589	1,110	0,000	1,110E+0	1,110E+0	0,000E+0
43,789	1,110	0,000	1,110E+0	1,110E+0	0,000E+0
43,990	1,050	0,000	1,110E+0	1,110E+0	0,000E+0
44,190	1,050	0,000	1,110E+0	1,110E+0	0,000E+0
44,391	1,050	0,000	1,050E+0	1,050E+0	0,000E+0
44,591	1,050	0,000	1,050E+0	1,050E+0	0,000E+0
44,791	1,050	0,000	1,050E+0	1,050E+0	0,000E+0
44,992	1,090	0,000	1,050E+0	1,050E+0	0,000E+0
45,194	1,090	0,000	1,050E+0	1,050E+0	0,000E+0
45,394	1,090	0,000	1,090E+0	1,090E+0	0,000E+0
45,594	1,090	0,000	1,090E+0	1,090E+0	0,000E+0
45,793	1,090	0,000	1,090E+0	0,000E+0	0,000E+0
45,993	1,090	0,000	1,090E+0	0,000E+0	0,000E+0
46,193	1,210	0,000	1,132E+0	1,132E+0	0,000E+0
46,394	1,210	0,000	1,132E+0	1,132E+0	0,000E+0
46,594	1,210	0,000	1,210E+0	1,210E+0	0,000E+0
46,795	1,210	0,000	1,210E+0	1,210E+0	0,000E+0
46,996	1,210	0,000	1,210E+0	1,210E+0	0,000E+0
47,196	1,210	0,000	1,210E+0	1,210E+0	0,000E+0
47,395	1,210	0,000	1,210E+0	1,210E+0	0,000E+0
47,595	1,240	0,000	1,210E+0	1,210E+0	0,000E+0
47,796	1,240	0,000	1,210E+0	1,210E+0	0,000E+0
47,996	1,240	0,000	1,240E+0	1,240E+0	0,000E+0
48,198	1,240	0,000	1,240E+0	1,240E+0	0,000E+0
48,397	1,240	0,000	1,240E+0	1,240E+0	0,000E+0
48,598	1,690	0,000	1,240E+0	1,240E+0	0,000E+0
48,799	1,690	0,000	1,240E+0	1,240E+0	0,000E+0
49,000	1,690	0,000	1,690E+0	1,690E+0	0,000E+0
49,201	1,690	0,000	1,690E+0	1,690E+0	0,000E+0
49,402	1,690	0,000	1,690E+0	1,690E+0	0,000E+0
49,602	1,400	0,000	1,690E+0	1,690E+0	0,000E+0
49,802	1,400	0,000	1,690E+0	1,690E+0	0,000E+0
50,002	1,400	0,000	1,400E+0	1,400E+0	0,000E+0
50,203	1,400	0,000	1,400E+0	1,400E+0	0,000E+0
50,403	1,400	0,000	1,400E+0	1,400E+0	0,000E+0
50,603	0,680	0,000	1,400E+0	1,400E+0	0,000E+0
50,803	0,680	0,000	6,800E-1	6,800E-1	0,000E+0
51,004	0,680	0,000	6,800E-1	6,800E-1	0,000E+0
51,206	0,680	0,000	6,800E-1	6,800E-1	0,000E+0
51,407	0,680	0,000	6,800E-1	6,800E-1	0,000E+0
51,607	0,960	0,000	6,800E-1	0,000E+0	0,000E+0
51,808	0,960	0,000	6,800E-1	0,000E+0	0,000E+0
52,011	0,960	0,000	6,800E-1	0,000E+0	0,000E+0
52,218	0,960	0,000	1,196E+0	1,196E+0	0,000E+0
52,418	0,960	0,000	1,196E+0	1,196E+0	0,000E+0
52,619	0,960	0,000	9,600E-1	9,600E-1	0,000E+0
52,821	0,960	0,000	9,600E-1	9,600E-1	0,000E+0
53,021	0,960	0,000	9,600E-1	9,600E-1	0,000E+0
53,222	0,960	0,000	9,600E-1	9,600E-1	0,000E+0
53,421	0,800	0,000	9,600E-1	9,600E-1	0,000E+0
53,621	0,800	0,000	9,600E-1	9,600E-1	0,000E+0
53,822	0,800	0,000	8,000E-1	8,000E-1	0,000E+0
54,023	0,800	0,000	8,000E-1	8,000E-1	0,000E+0
54,224	0,800	0,000	8,000E-1	8,000E-1	0,000E+0
54,424	0,800	0,000	8,000E-1	8,000E-1	0,000E+0
54,626	1,010	0,000	8,000E-1	8,000E-1	0,000E+0
54,826	1,010	0,000	8,000E-1	8,000E-1	0,000E+0
55,028	1,010	0,000	1,010E+0	1,010E+0	0,000E+0
55,229	1,120	0,000	1,010E+0	1,010E+0	0,000E+0
55,429	1,120	0,000	1,010E+0	1,010E+0	0,000E+0
55,630	1,120	0,000	1,120E+0	1,120E+0	0,000E+0
55,829	1,120	0,000	1,120E+0	1,120E+0	0,000E+0
56,030	1,120	0,000	1,120E+0	1,120E+0	0,000E+0
56,230	1,120	0,000	1,120E+0	1,120E+0	0,000E+0
56,429	1,200	0,000	1,120E+0	1,120E+0	0,000E+0
56,631	1,200	0,000	1,120E+0	1,120E+0	0,000E+0
56,831	1,200	0,000	1,200E+0	1,200E+0	0,000E+0
57,033	1,200	0,000	1,200E+0	1,200E+0	0,000E+0
57,235	1,200	0,000	1,200E+0	0,000E+0	0,000E+0
57,434	1,200	0,000	1,200E+0	0,000E+0	0,000E+0
57,635	1,200	0,000	1,200E+0	0,000E+0	0,000E+0
57,835	1,040	0,000	1,034E+0	1,034E+0	0,000E+0
58,036	1,040	0,000	1,040E+0	1,040E+0	0,000E+0
58,236	1,040	0,000	1,040E+0	1,040E+0	0,000E+0
58,437	1,040	0,000	1,040E+0	1,040E+0	0,000E+0
58,638	1,040	0,000	1,040E+0	1,040E+0	0,000E+0
58,839	1,040	0,000	1,040E+0	1,040E+0	0,000E+0
59,039	1,090	0,000	1,040E+0	1,040E+0	0,000E+0
59,240	1,090	0,000	1,040E+0	1,040E+0	0,000E+0
59,440	1,090	0,000	1,090E+0	1,090E+0	0,000E+0
59,641	1,090	0,000	1,090E+0	1,090E+0	0,000E+0
59,841	1,090	0,000	1,090E+0	1,090E+0	0,000E+0
60,043	1,060	0,000	1,090E+0	1,090E+0	0,000E+0
60,243	1,060	0,000	1,090E+0	1,090E+0	0,000E+0
60,444	1,060	0,000	1,060E+0	1,060E+0	0,000E+0
60,644	1,060	0,000	1,060E+0	1,060E+0	0,000E+0
60,845	1,060	0,000	1,060E+0	1,060E+0	0,000E+0
61,044	1,110	0,000	1,060E+0	1,060E+0	0,000E+0
61,247	1,110	0,000	1,110E+0	1,110E+0	0,000E+0
61,448	1,110	0,000	1,110E+0	1,110E+0	0,000E+0
61,648	1,110	0,000	1,110E+0	1,110E+0	0,000E+0
61,851	1,110	0,000	1,110E+0	1,110E+0	0,000E+0
62,051	1,110	0,000	1,110E+0	1,110E+0	0,000E+0
62,251	1,110	0,000	1,110E+0	1,110E+0	1,000E+3
62,451	1,110	0,000	1,110E+0	1,110E+0	1,000E+3
62,651	1,110	0,000	1,110E+0	1,110E+0	1,000E+3
62,851	1,110	0,000	1,110E+0	1,110E+0	1,000E+3
63,052	1,130	0,000	1,110E+0	0,000E+0	1,000E+3
63,252	1,130	0,000	1,110E+0	0,000E+0	1,000E+3
63,452	1,130	0,000	1,095E+0	1,095E+0	1,000E+3
63,652	1,130	0,000	1,095E+0	1,095E+0	1,000E+3
63,854	1,130	0,000	1,130E+0	1,130E+0	1,000E+3
64,055	1,130	0,000	1,130E+0	1,130E+0	1,000E+3
64,256	1,130	0,000	1,130E+0	1,130E+0	1,000E+3
64,456	1,130	0,000	1,130E+0	1,130E+0	1,000E+3
64,670	1,130	0,000	1,130E+0	1,130E+0	1,000E+3
64,870	1,130	0,000	1,130E+0	1,130E+0	1,000E+3
65,070	1,030	0,000	1,130E+0	1,130E+0	1,000E+3
65,271	1,030	0,000	1,130E+0	1,130E+0	1,000E+3
65,472	1,030	0,000	1,030E+0	1,030E+0	1,000E+3
65,672	1,030	0,000	1,030E+0	1,030E+0	1,000E+3
65,873	1,040	0,000	1,030E+0	1,030E+0	1,000E+3
66,073	1,040	0,000	1,030E+0	1,030E+0	1,000E+3
66,273	1,040	0,000	1,040E+0	1,040E+0	1,000E+3
66,472	1,040	0,000	1,040E+0	1,040E+0	1,000E+3
66,674	1,040	0,000	1,040E+0	1,040E+0	1,000E+3
66,873	1,040	0,000	1,040E+0	1,040E+0	1,000E+3
67,074	1,230	0,000	1,040E+0	1,040E+0	1,000E+3
67,276	1,230	0,000	1,230E+0	1,230E+0	1,000E+3
67,479	1,230	0,000	1,230E+0	1,230E+0	1,000E+3
67,681	1,110	0,000	1,230E+0	1,230E+0	1,000E+3
67,881	1,110	0,000	1,230E+0	1,230E+0	1,000E+3
68,083	1,110	0,000	1,110E+0	1,110E+0	1,000E+3
68,282	1,110	0,000	1,110E+0	1,110E+0	1,000E+3
68,483	1,110	0,000	1,110E+0	1,110E+0	1,000E+3
68,684	1,110	0,000	1,110E+0	1,110E+0	1,000E+3
68,884	1,090	0,000	1,110E+0	0,000E+0	1,000E+3
69,083	1,090	0,000	1,110E+0	0,000E+0	1,000E+3
69,284	1,090	0,000	1,097E+0	1,097E+0	1,000E+3
69,484	1,090	0,000	1,097E+0	1,097E+0	1,000E+3
69,684	1,090	0,000	1,090E+0	1,090E+0	1,000E+3
69,884	1,090	0,000	1,090E+0	1,090E+0	1,000E+3
70,085	1,090	0,000	1,090E+0	1,090E+0	1,000E+3
70,285	1,090	0,000	1,090E+0	1,090E+0	1,000E+3
70,486	1,130	0,000	1,090E+0	1,090E+0	1,000E+3
70,685	1,130	0,000	1,090E+0	1,090E+0	1,000E+3
70,885	1,130	0,000	1,130E+0	1,130E+0	1,000E+3
71,086	1,130	0,000	1,130E+0	1,130E+0	1,000E+3
71,287	1,130	0,000	1,130E+0	1,130E+0	1,000E+3
71,487	1,130	0,000	1,130E+0	1,130E+0	1,000E+3
71,688	1,110	0,000	1,130E+0	1,130E+0	1,000E+3
71,887	1,110	0,000	1,130E+0	1,130E+0	1,000E+3
72,088	1,110	0,000	1,110E+0	1,110E+0	1,000E+3
72,287	1,110	0,000	1,110E+0	1,110E+0	1,000E+3
72,498	1,000	0,000	1,110E+0	1,110E+0	1,000E+3
72,698	1,000	0,000	1,110E+0	1,110E+0	1,000E+3
72,898	1,000	0,000	1,000E+0	1,000E+0	1,000E+3
73,099	1,000	0,000	1,000E+0	1,000E+0	1,000E+3
73,301	1,000	0,000	1,000E+0	1,000E+0	1,000E+3
73,501	1,210	0,000	1,000E+0	1,000E+0	1,000E+3
73,703	1,210	0,000	1,210E+0	1,210E+0	1,000E+3
73,903	1,210	0,000	1,210E+0	1,210E+0	1,000E+3
74,104	1,210	0,000	1,210E+0	1,210E+0	1,000E+3
74,304	1,210	0,000	1,210E+0	1,210E+0	1,000E+3
74,505	1,210	0,000	1,210E+0	0,000E+0	1,000E+3
74,705	1,210	0,000	1,210E+0	0,000E+0	1,000E+3
74,907	1,060	0,000	1,101E+0	1,101E+0	1,000E+3
75,107	1,060	0,000	1,101E+0	1,101E+0	1,000E+3
75,309	1,060	0,000	1,060E+0	1,060E+0	1,000E+3
75,511	1,060	0,000	1,060E+0	1,060E+0	1,000E+3
75,711	1,060	0,000	1,060E+0	1,060E+0	1,000E+3
75,911	1,060	0,000	1,060E+0	1,060E+0	1,000E+3
76,111	1,060	0,000	1,060E+0	1,060E+0	1,000E+3
76,311	1,000	0,000	1,060E+0	1,060E+0	1,000E+3
76,512	1,000	0,000	1,060E+0	1,060E+0	1,000E+3
76,712	1,000	0,000	1,000E+0	1,000E+0	1,000E+3
76,912	1,000	0,000	1,000E+0	1,000E+0	1,000E+3
77,124	1,000	0,000	1,000E+0	1,000E+0	1,000E+3
77,324	1,080	0,000	1,000E+0	1,000E+0	1,000E+3
77,524	1,080	0,000	1,000E+0	1,000E+0	1,000E+3
77,723	1,080	0,000	1,080E+0	1,080E+0	1,000E+3
77,924	1,080	0,000	1,080E+0	1,080E+0	1,000E+3
78,125	1,080	0,000	1,080E+0	1,080E+0	1,000E+3
78,326	1,110	0,000	1,080E+0	1,080E+0	1,000E+3
78,526	1,110	0,000	1,110E+0	1,110E+0	1,000E+3
78,727	1,110	0,000	1,110E+0	1,110E+0	1,000E+3
78,927	1,110	0,000	1,110E+0	1,110E+0	1,000E+3
79,128	1,110	0,000	1,110E+0	1,110E+0	1,000E+3
79,328	1,110	0,000	1,110E+0	1,110E+0	1,000E+3
79,528	1,110	0,000	1,110E+0	1,110E+0	1,000E+3
79,728	1,110	0,000	1,110E+0	1,110E+0	1,000E+3
79,930	1,110	0,000	1,110E+0	1,110E+0	1,000E+3
80,130	1,110	0,000	1,110E+0	1,110E+0	1,000E+3
80,331	1,150	0,000	1,110E+0	0,000E+0	1,000E+3
80,531	1,150	0,000	1,110E+0	0,000E+0	1,000E+3
80,731	1,150	0,000	1,084E+0	1,084E+0	1,000E+3
80,932	1,150	0,000	1,084E+0	1,084E+0	1,000E+3
81,131	1,150	0,000	1,150E+0	1,150E+0	1,000E+3
81,333	1,150	0,000	1,150E+0	1,150E+0	1,000E+3
81,534	1,150	0,000	1,150E+0	1,150E+0	1,000E+3
81,734	1,150	0,000	1,150E+0	1,150E+0	1,000E+3
81,935	1,150	0,000	1,150E+0	1,150E+0	1,000E+3
82,134	1,240	0,000	1,150E+0	1,150E+0	1,000E+3
82,336	1,240	0,000	1,150E+0	1,150E+0	1,000E+3
82,536	1,240	0,000	1,240E+0	1,240E+0	1,000E+3
82,736	1,240	0,000	1,240E+0	1,240E+0	1,000E+3
82,937	1,070	0,000	1,240E+0	1,240E+0	1,000E+3
83,137	1,070	0,000	1,240E+0	1,240E+0	1,000E+3
83,340	1,070	0,000	1,070E+0	1,070E+0	1,000E+3
83,539	1,070	0,000	1,070E+0	1,070E+0	1,000E+3
83,741	1,070	0,000	1,070E+0	1,070E+0	1,000E+3
83,941	1,090	0,000	1,070E+0	1,070E+0	1,000E+3
84,141	1,090	0,000	1,070E+0	1,070E+0	1,000E+3
84,341	1,090	0,000	1,090E+0	1,090E+0	1,000E+3
84,542	1,090	0,000	1,090E+0	1,090E+0	1,000E+3
84,743	1,090	0,000	1,090E+0	1,090E+0	1,000E+3
84,943	1,380	0,000	1,090E+0	1,090E+0	1,000E+3
85,145	1,380	0,000	1,090E+0	1,090E+0	1,000E+3
85,345	1,380	0,000	1,380E+0	1,380E+0	1,000E+3
85,545	1,380	0,000	1,380E+0	1,380E+0	1,000E+3
85,744	1,380	0,000	1,380E+0	1,380E+0	1,000E+3
85,944	1,380	0,000	1,380E+0	0,000E+0	1,000E+3
86,145	1,380	0,000	1,380E+0	0,000E+0	1,000E+3
86,344	1,380	0,000	1,380E+0	0,000E+0	1,000E+3
86,546	1,230	0,000	1,189E+0	1,189E+0	1,000E+3
86,746	1,230	0,000	1,189E+0	1,189E+0	1,000E+3
86,947	1,230	0,000	1,230E+0	1,230E+0	1,000E+3
87,147	1,230	0,000	1,230E+0	1,230E+0	1,000E+3
87,346	1,230	0,000	1,230E+0	1,230E+0	1,000E+3
87,547	1,230	0,000	1,230E+0	1,230E+0	1,000E+3
87,748	1,110	0,000	1,230E+0	1,230E+0	1,000E+3
87,949	1,110	0,000	1,230E+0	1,230E+0	1,000E+3
88,149	1,110	0,000	1,110E+0	1,110E+0	1,000E+3
88,350	1,110	0,000	1,110E+0	1,110E+0	1,000E+3
88,551	1,110	0,000	1,110E+0	1,110E+0	1,000E+3
88,751	1,110	0,000	1,110E+0	1,110E+0	1,000E+3
88,952	1,000	0,000	1,110E+0	1,110E+0	1,000E+3
89,153	1,000	0,000	1,110E+0	1,110E+0	1,000E+3
89,352	1,000	0,000	1,000E+0	1,000E+0	1,000E+3
89,553	1,000	0,000	1,000E+0	1,000E+0	1,000E+3
89,754	1,080	0,000	1,000E+0	1,000E+0	1,000E+3
89,955	1,080	0,000	1,000E+0	1,000E+0	1,000E+3
90,156	1,080	0,000	1,080E+0	1,080E+0	1,000E+3
90,356	1,080	0,000	1,080E+0	1,080E+0	1,000E+3
90,556	1,080	0,000	1,080E+0	1,080E+0	1,000E+3
90,757	1,080	0,000	1,080E+0	1,080E+0	1,000E+3
90,959	1,080	0,000	1,080E+0	1,080E+0	1,000E+3
91,160	1,080	0,000	1,080E+0	1,080E+0	1,000E+3
91,359	1,080	0,000	1,080E+0	1,080E+0	1,000E+3
91,561	1,080	0,000	1,080E+0	0,000E+0	1,000E+3
91,761	1,080	0,000	1,080E+0	0,000E+0	1,000E+3
91,960	1,080	0,000	1,080E+0	0,000E+0	1,000E+3
92,161	1,110	0,000	1,081E+0	1,081E+0	1,000E+3
92,360	1,110	0,000	1,081E+0	1,081E+0	1,000E+3
92,560	1,110	0,000	1,110E+0	1,110E+0	1,000E+3
