t	IF	IR	VF	VR
0,000	0,000	0,075	0,000E+0	3,000E+1
0,002	0,000	0,075	3,000E-1	3,000E+1
1,002	0,000	0,075	3,000E-1	3,000E+1
2,003	0,000	0,075	3,000E-1	3,000E+1
3,003	0,000	0,075	3,000E-1	3,000E+1
4,003	0,000	0,075	3,000E-1	3,000E+1
5,003	0,000	0,075	3,000E-1	3,000E+1
6,003	0,000	0,075	3,000E-1	3,000E+1
7,003	0,000	0,075	3,000E-1	3,000E+1
8,003	0,000	0,075	3,000E-1	3,000E+1
9,003	0,000	0,075	3,000E-1	3,000E+1
10,003	0,000	0,075	3,000E-1	3,000E+1
11,004	0,000	0,075	3,000E-1	3,000E+1
12,005	0,000	0,075	3,000E-1	3,000E+1
13,005	0,000	0,075	3,000E-1	3,000E+1
14,005	0,000	0,075	3,000E-1	3,000E+1
15,006	0,000	0,075	3,000E-1	3,000E+1
16,006	0,000	0,075	3,000E-1	3,000E+1
17,006	0,000	0,075	3,000E-1	3,000E+1
18,006	0,000	0,075	3,000E-1	3,000E+1
19,006	0,000	0,075	3,000E-1	3,000E+1
20,006	0,000	0,075	3,000E-1	3,000E+1
21,006	0,000	0,075	3,000E-1	3,000E+1
22,006	0,000	0,075	3,000E-1	3,000E+1
23,008	0,000	0,075	3,000E-1	3,000E+1
24,010	0,000	0,075	3,000E-1	3,000E+1
25,009	0,000	0,075	3,000E-1	3,000E+1
26,009	0,000	0,075	3,000E-1	3,000E+1
27,011	0,000	0,075	3,000E-1	3,000E+1
28,010	0,000	0,075	3,000E-1	3,000E+1
29,010	0,000	0,075	3,000E-1	3,000E+1
30,010	0,000	0,075	3,000E-1	3,000E+1
31,010	0,000	0,075	3,000E-1	3,000E+1
32,011	0,000	0,075	3,000E-1	3,000E+1
33,012	0,000	0,075	3,000E-1	3,000E+1
34,012	0,000	0,075	3,000E-1	3,000E+1
35,012	0,000	0,075	3,000E-1	3,000E+1
36,014	0,000	0,075	3,000E-1	3,000E+1
37,014	0,000	0,075	3,000E-1	3,000E+1
38,014	0,000	0,075	3,000E-1	3,000E+1
39,014	0,000	0,075	3,000E-1	3,000E+1
40,014	0,000	0,075	3,000E-1	3,000E+1
41,014	0,000	0,075	3,000E-1	3,000E+1
42,014	0,000	0,075	3,000E-1	3,000E+1
43,014	0,000	0,075	3,000E-1	3,000E+1
44,016	0,000	0,075	3,000E-1	3,000E+1
45,015	0,000	0,075	3,000E-1	3,000E+1
46,016	0,000	0,075	3,000E-1	3,000E+1
47,017	0,000	0,075	3,000E-1	3,000E+1
48,017	0,000	0,075	3,000E-1	3,000E+1
49,017	0,000	0,075	3,000E-1	3,000E+1
50,017	0,000	0,075	3,000E-1	3,000E+1
51,017	0,000	0,075	3,000E-1	3,000E+1
52,017	0,000	0,075	3,000E-1	3,000E+1
53,017	0,000	0,075	3,000E-1	3,000E+1
54,018	0,000	0,075	3,000E-1	3,000E+1
55,019	0,000	0,075	3,000E-1	3,000E+1
56,019	0,000	0,075	3,000E-1	3,000E+1
57,019	0,000	0,075	3,000E-1	3,000E+1
58,019	0,000	0,075	3,000E-1	3,000E+1
59,021	0,000	0,075	3,000E-1	3,000E+1
60,021	0,000	0,075	3,000E-1	3,000E+1
61,021	0,000	0,075	3,000E-1	3,000E+1
62,022	0,000	0,075	3,000E-1	3,000E+1
63,024	0,000	0,075	3,000E-1	3,000E+1
64,023	0,000	0,075	3,000E-1	3,000E+1
65,023	0,000	0,075	3,000E-1	3,000E+1
66,023	0,000	0,075	3,000E-1	3,000E+1
67,023	0,000	0,075	3,000E-1	3,000E+1
68,023	0,000	0,075	3,000E-1	3,000E+1
69,024	0,000	0,075	3,000E-1	3,000E+1
70,024	0,000	0,075	3,000E-1	3,000E+1
71,024	0,000	0,075	3,000E-1	3,000E+1
72,024	0,000	0,075	3,000E-1	3,000E+1
73,024	0,000	0,075	3,000E-1	3,000E+1
74,025	0,000	0,075	3,000E-1	3,000E+1
75,026	0,000	0,075	3,000E-1	3,000E+1
76,026	0,000	0,075	3,000E-1	3,000E+1
77,026	0,000	0,075	3,000E-1	3,000E+1
78,026	0,000	0,075	3,000E-1	3,000E+1
79,027	0,000	0,075	3,000E-1	3,000E+1
80,026	0,000	0,075	3,000E-1	3,000E+1
81,026	0,000	0,075	3,000E-1	3,000E+1
82,026	0,000	0,075	3,000E-1	3,000E+1
83,027	0,000	0,075	3,000E-1	3,000E+1
84,028	0,000	0,075	3,000E-1	3,000E+1
85,028	0,000	0,075	3,000E-1	3,000E+1
86,029	0,000	0,075	3,000E-1	3,000E+1
87,029	0,000	0,075	3,000E-1	3,000E+1
88,029	0,000	0,075	3,000E-1	3,000E+1
89,029	0,000	0,075	3,000E-1	3,000E+1
90,030	0,000	0,075	3,000E-1	3,000E+1
91,030	0,000	0,075	3,000E-1	3,000E+1
92,030	0,000	0,075	3,000E-1	3,000E+1
93,030	0,000	0,075	3,000E-1	3,000E+1
94,030	0,000	0,075	3,000E-1	3,000E+1
95,032	0,000	0,075	3,000E-1	3,000E+1
96,032	0,000	0,075	3,000E-1	3,000E+1
97,032	0,000	0,075	3,000E-1	3,000E+1
98,031	0,000	0,075	3,000E-1	3,000E+1
99,032	0,000	0,075	3,000E-1	3,000E+1
100,034	0,000	0,075	3,000E-1	3,000E+1
101,035	0,000	0,075	3,000E-1	3,000E+1
102,035	0,000	0,075	3,000E-1	3,000E+1
103,035	0,000	0,075	3,000E-1	3,000E+1
104,035	0,000	0,075	3,000E-1	3,000E+1
105,036	0,000	0,075	3,000E-1	3,000E+1
106,035	0,000	0,075	3,000E-1	3,000E+1
107,036	0,000	0,075	3,000E-1	3,000E+1
108,035	0,000	0,075	3,000E-1	3,000E+1
109,035	0,000	0,075	3,000E-1	3,000E+1
110,035	0,000	0,075	3,000E-1	3,000E+1
111,036	0,000	0,075	3,000E-1	3,000E+1
112,035	0,000	0,075	3,000E-1	3,000E+1
113,035	0,000	0,075	3,000E-1	3,000E+1
114,035	0,000	0,075	3,000E-1	3,000E+1
115,035	0,000	0,075	3,000E-1	3,000E+1
116,035	0,000	0,075	3,000E-1	3,000E+1
117,035	0,000	0,075	3,000E-1	3,000E+1
118,035	0,000	0,075	3,000E-1	3,000E+1
119,035	0,000	0,075	3,000E-1	3,000E+1
120,036	0,000	0,075	3,000E-1	3,000E+1
121,038	0,000	0,075	3,000E-1	3,000E+1
122,037	0,000	0,075	3,000E-1	3,000E+1
123,037	0,000	0,075	3,000E-1	3,000E+1
124,037	0,000	0,075	3,000E-1	3,000E+1
125,038	0,000	0,075	3,000E-1	3,000E+1
126,038	0,000	0,075	3,000E-1	3,000E+1
127,039	0,000	0,075	3,000E-1	3,000E+1
128,039	0,000	0,075	3,000E-1	3,000E+1
129,040	0,000	0,075	3,000E-1	3,000E+1
130,041	0,000	0,075	3,000E-1	3,000E+1
131,041	0,000	0,075	3,000E-1	3,000E+1
132,041	0,000	0,075	3,000E-1	3,000E+1
133,042	0,000	0,075	3,000E-1	3,000E+1
134,042	0,000	0,075	3,000E-1	3,000E+1
135,043	0,000	0,075	3,000E-1	3,000E+1
136,042	0,000	0,075	3,000E-1	3,000E+1
137,042	0,000	0,075	3,000E-1	3,000E+1
138,042	0,000	0,075	3,000E-1	3,000E+1
139,043	0,000	0,075	3,000E-1	3,000E+1
140,043	0,000	0,075	3,000E-1	3,000E+1
141,043	0,000	0,075	3,000E-1	3,000E+1
142,044	0,000	0,075	3,000E-1	3,000E+1
143,044	0,000	0,075	3,000E-1	3,000E+1
144,046	0,000	0,075	3,000E-1	3,000E+1
145,047	0,000	0,075	3,000E-1	3,000E+1
146,047	0,000	0,075	3,000E-1	3,000E+1
147,048	0,000	0,075	3,000E-1	3,000E+1
148,048	0,000	0,075	3,000E-1	3,000E+1
149,048	0,000	0,075	3,000E-1	3,000E+1
150,049	0,000	0,075	3,000E-1	3,000E+1
151,049	0,000	0,075	3,000E-1	3,000E+1
152,049	0,000	0,075	3,000E-1	3,000E+1
153,050	0,000	0,075	3,000E-1	3,000E+1
154,050	0,000	0,075	3,000E-1	3,000E+1
155,050	0,000	0,075	3,000E-1	3,000E+1
156,050	0,000	0,075	3,000E-1	3,000E+1
157,050	0,000	0,075	3,000E-1	3,000E+1
158,051	0,000	0,075	3,000E-1	3,000E+1
159,050	0,000	0,075	3,000E-1	3,000E+1
160,051	0,000	0,075	3,000E-1	3,000E+1
161,050	0,000	0,075	3,000E-1	3,000E+1
162,051	0,000	0,075	3,000E-1	3,000E+1
163,051	0,000	0,075	3,000E-1	3,000E+1
164,051	0,000	0,075	3,000E-1	3,000E+1
165,051	0,000	0,075	3,000E-1	3,000E+1
166,051	0,000	0,075	3,000E-1	3,000E+1
167,051	0,000	0,075	3,000E-1	3,000E+1
168,052	0,000	0,075	3,000E-1	3,000E+1
169,052	0,000	0,075	3,000E-1	3,000E+1
170,053	0,000	0,075	3,000E-1	3,000E+1
171,053	0,000	0,075	3,000E-1	3,000E+1
172,054	0,000	0,075	3,000E-1	3,000E+1
173,054	0,000	0,075	3,000E-1	3,000E+1
174,055	0,000	0,075	3,000E-1	3,000E+1
175,055	0,000	0,075	3,000E-1	3,000E+1
176,055	0,000	0,075	3,000E-1	3,000E+1
177,055	0,000	0,075	3,000E-1	3,000E+1
178,055	0,000	0,075	3,000E-1	3,000E+1
179,057	0,000	0,075	3,000E-1	3,000E+1
180,056	0,000	0,075	3,000E-1	3,000E+1
181,057	0,000	0,075	3,000E-1	3,000E+1
182,058	0,000	0,075	3,000E-1	3,000E+1
183,059	0,000	0,075	3,000E-1	3,000E+1
184,058	0,000	0,075	3,000E-1	3,000E+1
185,058	0,000	0,075	3,000E-1	3,000E+1
186,058	0,000	0,075	3,000E-1	3,000E+1
187,059	0,000	0,075	3,000E-1	3,000E+1
188,058	0,000	0,075	3,000E-1	3,000E+1
189,059	0,000	0,075	3,000E-1	3,000E+1
190,058	0,000	0,075	3,000E-1	3,000E+1
191,058	0,000	0,075	3,000E-1	3,000E+1
192,058	0,000	0,075	3,000E-1	3,000E+1
193,059	0,000	0,075	3,000E-1	3,000E+1
194,058	0,000	0,075	3,000E-1	3,000E+1
195,058	0,000	0,075	3,000E-1	3,000E+1
196,059	0,000	0,075	3,000E-1	3,000E+1
197,058	0,000	0,075	3,000E-1	3,000E+1
198,058	0,000	0,075	3,000E-1	3,000E+1
199,058	0,000	0,075	3,000E-1	3,000E+1
200,059	0,000	0,075	3,000E-1	3,000E+1
201,060	0,000	0,075	3,000E-1	3,000E+1
202,059	0,000	0,075	3,000E-1	3,000E+1
203,061	0,000	0,075	3,000E-1	3,000E+1
204,061	0,000	0,075	3,000E-1	3,000E+1
205,061	0,000	0,075	3,000E-1	3,000E+1
206,061	0,000	0,075	3,000E-1	3,000E+1
207,062	0,000	0,075	3,000E-1	3,000E+1
208,062	0,000	0,075	3,000E-1	3,000E+1
209,062	0,000	0,075	3,000E-1	3,000E+1
210,062	0,000	0,075	3,000E-1	3,000E+1
211,062	0,000	0,075	3,000E-1	3,000E+1
212,063	0,000	0,075	3,000E-1	3,000E+1
213,063	0,000	0,075	3,000E-1	3,000E+1
214,063	0,000	0,075	3,000E-1	3,000E+1
215,063	0,000	0,075	3,000E-1	3,000E+1
216,065	0,000	0,075	3,000E-1	3,000E+1
217,066	0,000	0,075	3,000E-1	3,000E+1
218,085	0,000	0,075	3,000E-1	3,000E+1
219,085	0,000	0,075	3,000E-1	3,000E+1
220,086	0,000	0,075	3,000E-1	3,000E+1
221,087	0,000	0,075	3,000E-1	3,000E+1
222,087	0,000	0,075	3,000E-1	3,000E+1
223,087	0,000	0,075	3,000E-1	3,000E+1
224,087	0,000	0,075	3,000E-1	3,000E+1
225,087	0,000	0,075	3,000E-1	3,000E+1
226,087	0,000	0,075	3,000E-1	3,000E+1
227,088	0,000	0,075	3,000E-1	3,000E+1
228,087	0,000	0,075	3,000E-1	3,000E+1
229,088	0,000	0,075	3,000E-1	3,000E+1
230,089	0,000	0,075	3,000E-1	3,000E+1
231,090	0,000	0,075	3,000E-1	3,000E+1
232,090	0,000	0,075	3,000E-1	3,000E+1
233,090	0,000	0,075	3,000E-1	3,000E+1
234,090	0,000	0,075	3,000E-1	3,000E+1
235,090	0,000	0,075	3,000E-1	3,000E+1
236,090	0,000	0,075	3,000E-1	3,000E+1
237,091	0,000	0,075	3,000E-1	3,000E+1
238,091	0,000	0,075	3,000E-1	3,000E+1
239,091	0,000	0,075	3,000E-1	3,000E+1
240,091	0,000	0,075	3,000E-1	3,000E+1
241,091	0,000	0,075	3,000E-1	3,000E+1
242,091	0,000	0,075	3,000E-1	3,000E+1
243,092	0,000	0,075	3,000E-1	3,000E+1
244,092	0,000	0,075	3,000E-1	3,000E+1
245,092	0,000	0,075	3,000E-1	3,000E+1
246,092	0,000	0,075	3,000E-1	3,000E+1
247,093	0,000	0,075	3,000E-1	3,000E+1
248,092	0,000	0,075	3,000E-1	3,000E+1
249,094	0,000	0,075	3,000E-1	3,000E+1
250,095	0,000	0,075	3,000E-1	3,000E+1
251,094	0,000	0,075	3,000E-1	3,000E+1
252,094	0,000	0,075	3,000E-1	3,000E+1
253,094	0,000	0,075	3,000E-1	3,000E+1
254,095	0,000	0,075	3,000E-1	3,000E+1
255,095	0,000	0,075	3,000E-1	3,000E+1
256,095	0,000	0,075	3,000E-1	3,000E+1
257,096	0,000	0,075	3,000E-1	3,000E+1
258,097	0,000	0,075	3,000E-1	3,000E+1
259,098	0,000	0,075	3,000E-1	3,000E+1
260,098	0,000	0,075	3,000E-1	3,000E+1
261,098	0,000	0,075	3,000E-1	3,000E+1
262,099	0,000	0,075	3,000E-1	3,000E+1
263,100	0,000	0,075	3,000E-1	3,000E+1
264,100	0,000	0,075	3,000E-1	3,000E+1
265,100	0,000	0,075	3,000E-1	3,000E+1
266,101	0,000	0,075	3,000E-1	3,000E+1
267,102	0,000	0,075	3,000E-1	3,000E+1
268,101	0,000	0,075	3,000E-1	3,000E+1
269,102	0,000	0,075	3,000E-1	3,000E+1
270,103	0,000	0,075	3,000E-1	3,000E+1
271,102	0,000	0,075	3,000E-1	3,000E+1
272,103	0,000	0,075	3,000E-1	3,000E+1
273,103	0,000	0,075	3,000E-1	3,000E+1
274,105	0,000	0,075	3,000E-1	3,000E+1
275,104	0,000	0,075	3,000E-1	3,000E+1
276,104	0,000	0,075	3,000E-1	3,000E+1
277,105	0,000	0,075	3,000E-1	3,000E+1
278,105	0,000	0,075	3,000E-1	3,000E+1
279,106	0,000	0,075	3,000E-1	3,000E+1
280,105	0,000	0,075	3,000E-1	3,000E+1
281,105	0,000	0,075	3,000E-1	3,000E+1
282,105	0,000	0,075	3,000E-1	3,000E+1
283,106	0,000	0,075	3,000E-1	3,000E+1
284,107	0,000	0,075	3,000E-1	3,000E+1
285,106	0,000	0,075	3,000E-1	3,000E+1
286,107	0,000	0,075	3,000E-1	3,000E+1
287,107	0,000	0,075	3,000E-1	3,000E+1
288,107	0,000	0,075	3,000E-1	3,000E+1
289,107	0,000	0,075	3,000E-1	3,000E+1
290,107	0,000	0,075	3,000E-1	3,000E+1
291,108	0,000	0,075	3,000E-1	3,000E+1
292,107	0,000	0,075	3,000E-1	3,000E+1
293,109	0,000	0,075	3,000E-1	3,000E+1
294,108	0,000	0,075	3,000E-1	3,000E+1
295,108	0,000	0,075	3,000E-1	3,000E+1
296,108	0,000	0,075	3,000E-1	3,000E+1
297,108	0,000	0,075	3,000E-1	3,000E+1
298,108	0,000	0,075	3,000E-1	3,000E+1
299,109	0,000	0,075	3,000E-1	3,000E+1
300,109	0,000	0,075	3,000E-1	3,000E+1
301,109	0,000	0,075	3,000E-1	3,000E+1
302,110	0,000	0,075	3,000E-1	3,000E+1
303,110	0,000	0,075	3,000E-1	3,000E+1
304,110	0,000	0,075	3,000E-1	3,000E+1
305,112	0,000	0,075	3,000E-1	3,000E+1
306,111	0,000	0,075	3,000E-1	3,000E+1
307,111	0,000	0,075	3,000E-1	3,000E+1
308,112	0,000	0,075	3,000E-1	3,000E+1
309,113	0,000	0,075	3,000E-1	3,000E+1
310,113	0,000	0,075	3,000E-1	3,000E+1
311,113	0,000	0,075	3,000E-1	3,000E+1
312,115	0,000	0,075	3,000E-1	3,000E+1
313,114	0,000	0,075	3,000E-1	3,000E+1
314,114	0,000	0,075	3,000E-1	3,000E+1
315,114	0,000	0,075	3,000E-1	3,000E+1
316,114	0,000	0,075	3,000E-1	3,000E+1
317,116	0,000	0,075	3,000E-1	3,000E+1
318,115	0,000	0,075	3,000E-1	3,000E+1
319,115	0,000	0,075	3,000E-1	3,000E+1
320,115	0,000	0,075	3,000E-1	3,000E+1
321,115	0,000	0,075	3,000E-1	3,000E+1
322,115	0,000	0,075	3,000E-1	3,000E+1
323,115	0,000	0,075	3,000E-1	3,000E+1
324,116	0,000	0,075	3,000E-1	3,000E+1
325,116	0,000	0,075	3,000E-1	3,000E+1
326,117	0,000	0,075	3,000E-1	3,000E+1
327,118	0,000	0,075	3,000E-1	3,000E+1
328,118	0,000	0,075	3,000E-1	3,000E+1
329,118	0,000	0,075	3,000E-1	3,000E+1
330,118	0,000	0,075	3,000E-1	3,000E+1
331,118	0,000	0,075	3,000E-1	3,000E+1
332,119	0,000	0,075	3,000E-1	3,000E+1
333,119	0,000	0,075	3,000E-1	3,000E+1
334,119	0,000	0,075	3,000E-1	3,000E+1
335,120	0,000	0,075	3,000E-1	3,000E+1
336,120	0,000	0,075	3,000E-1	3,000E+1
337,120	0,000	0,075	3,000E-1	3,000E+1
338,120	0,000	0,075	3,000E-1	3,000E+1
339,120	0,000	0,075	3,000E-1	3,000E+1
340,120	0,000	0,075	3,000E-1	3,000E+1
341,120	0,000	0,075	3,000E-1	3,000E+1
342,120	0,000	0,075	3,000E-1	3,000E+1
343,121	0,000	0,075	3,000E-1	3,000E+1
344,120	0,000	0,075	3,000E-1	3,000E+1
345,120	0,000	0,075	3,000E-1	3,000E+1
346,120	0,000	0,075	3,000E-1	3,000E+1
347,121	0,000	0,075	3,000E-1	3,000E+1
348,121	0,000	0,075	3,000E-1	3,000E+1
349,121	0,000	0,075	3,000E-1	3,000E+1
350,122	0,000	0,075	3,000E-1	3,000E+1
351,123	0,000	0,075	3,000E-1	3,000E+1
352,123	0,000	0,075	3,000E-1	3,000E+1
353,123	0,000	0,075	3,000E-1	3,000E+1
354,123	0,000	0,075	3,000E-1	3,000E+1
355,123	0,000	0,075	3,000E-1	3,000E+1
356,123	0,000	0,075	3,000E-1	3,000E+1
357,124	0,000	0,075	3,000E-1	3,000E+1
358,124	0,000	0,075	3,000E-1	3,000E+1
359,124	0,000	0,075	3,000E-1	3,000E+1
360,125	0,000	0,075	3,000E-1	3,000E+1
361,125	0,000	0,075	3,000E-1	3,000E+1
362,125	0,000	0,075	3,000E-1	3,000E+1
363,125	0,000	0,075	3,000E-1	3,000E+1
364,126	0,000	0,075	3,000E-1	3,000E+1
365,126	0,000	0,075	3,000E-1	3,000E+1
366,127	0,000	0,075	3,000E-1	3,000E+1
367,127	0,000	0,075	3,000E-1	3,000E+1
368,127	0,000	0,075	3,000E-1	3,000E+1
369,127	0,000	0,075	3,000E-1	3,000E+1
370,127	0,000	0,075	3,000E-1	3,000E+1
371,127	0,000	0,075	3,000E-1	3,000E+1
372,127	0,000	0,075	3,000E-1	3,000E+1
373,127	0,000	0,075	3,000E-1	3,000E+1
374,128	0,000	0,075	3,000E-1	3,000E+1
375,129	0,000	0,075	3,000E-1	3,000E+1
376,130	0,000	0,075	3,000E-1	3,000E+1
377,130	0,000	0,075	3,000E-1	3,000E+1
378,130	0,000	0,075	3,000E-1	3,000E+1
379,130	0,000	0,075	3,000E-1	3,000E+1
380,131	0,000	0,075	3,000E-1	3,000E+1
381,131	0,000	0,075	3,000E-1	3,000E+1
382,132	0,000	0,075	3,000E-1	3,000E+1
383,132	0,000	0,075	3,000E-1	3,000E+1
384,133	0,000	0,075	3,000E-1	3,000E+1
385,134	0,000	0,075	3,000E-1	3,000E+1
386,133	0,000	0,075	3,000E-1	3,000E+1
387,134	0,000	0,075	3,000E-1	3,000E+1
388,133	0,000	0,075	3,000E-1	3,000E+1
389,133	0,000	0,075	3,000E-1	3,000E+1
390,133	0,000	0,075	3,000E-1	3,000E+1
391,133	0,000	0,075	3,000E-1	3,000E+1
392,133	0,000	0,075	3,000E-1	3,000E+1
393,134	0,000	0,075	3,000E-1	3,000E+1
394,134	0,000	0,075	3,000E-1	3,000E+1
395,134	0,000	0,075	3,000E-1	3,000E+1
396,134	0,000	0,075	3,000E-1	3,000E+1
397,134	0,000	0,075	3,000E-1	3,000E+1
398,135	0,000	0,075	3,000E-1	3,000E+1
399,134	0,000	0,075	3,000E-1	3,000E+1
400,134	0,000	0,075	3,000E-1	3,000E+1
401,134	0,000	0,075	3,000E-1	3,000E+1
402,134	0,000	0,075	3,000E-1	3,000E+1
403,136	0,000	0,075	3,000E-1	3,000E+1
404,136	0,000	0,075	3,000E-1	3,000E+1
405,136	0,000	0,075	3,000E-1	3,000E+1
406,136	0,000	0,075	3,000E-1	3,000E+1
407,136	0,000	0,075	3,000E-1	3,000E+1
408,136	0,000	0,075	3,000E-1	3,000E+1
409,136	0,000	0,075	3,000E-1	3,000E+1
410,138	0,000	0,075	3,000E-1	3,000E+1
411,138	0,000	0,075	3,000E-1	3,000E+1
412,139	0,000	0,075	3,000E-1	3,000E+1
413,139	0,000	0,075	3,000E-1	3,000E+1
414,140	0,000	0,075	3,000E-1	3,000E+1
415,141	0,000	0,075	3,000E-1	3,000E+1
416,140	0,000	0,075	3,000E-1	3,000E+1
417,141	0,000	0,075	3,000E-1	3,000E+1
418,141	0,000	0,075	3,000E-1	3,000E+1
419,142	0,000	0,075	3,000E-1	3,000E+1
420,144	0,000	0,075	3,000E-1	3,000E+1
421,144	0,000	0,075	3,000E-1	3,000E+1
422,144	0,000	0,075	3,000E-1	3,000E+1
423,144	0,000	0,075	3,000E-1	3,000E+1
424,144	0,000	0,075	3,000E-1	3,000E+1
425,144	0,000	0,075	3,000E-1	3,000E+1
426,144	0,000	0,075	3,000E-1	3,000E+1
427,145	0,000	0,075	3,000E-1	3,000E+1
428,145	0,000	0,075	3,000E-1	3,000E+1
429,145	0,000	0,075	3,000E-1	3,000E+1
430,145	0,000	0,075	3,000E-1	3,000E+1
431,145	0,000	0,075	3,000E-1	3,000E+1
432,147	0,000	0,075	3,000E-1	3,000E+1
433,149	0,000	0,075	3,000E-1	3,000E+1
434,148	0,000	0,075	3,000E-1	3,000E+1
435,148	0,000	0,075	3,000E-1	3,000E+1
436,148	0,000	0,075	3,000E-1	3,000E+1
437,149	0,000	0,075	3,000E-1	3,000E+1
438,148	0,000	0,075	3,000E-1	3,000E+1
439,149	0,000	0,075	3,000E-1	3,000E+1
440,149	0,000	0,075	3,000E-1	3,000E+1
441,150	0,000	0,075	3,000E-1	3,000E+1
442,150	0,000	0,075	3,000E-1	3,000E+1
443,150	0,000	0,075	3,000E-1	3,000E+1
444,151	0,000	0,075	3,000E-1	3,000E+1
445,151	0,000	0,075	3,000E-1	3,000E+1
446,151	0,000	0,075	3,000E-1	3,000E+1
447,151	0,000	0,075	3,000E-1	3,000E+1
448,151	0,000	0,075	3,000E-1	3,000E+1
449,151	0,000	0,075	3,000E-1	3,000E+1
450,152	0,000	0,075	3,000E-1	3,000E+1
451,152	0,000	0,075	3,000E-1	3,000E+1
452,152	0,000	0,075	3,000E-1	3,000E+1
453,152	0,000	0,075	3,000E-1	3,000E+1
454,153	0,000	0,075	3,000E-1	3,000E+1
455,154	0,000	0,075	3,000E-1	3,000E+1
456,153	0,000	0,075	3,000E-1	3,000E+1
457,153	0,000	0,075	3,000E-1	3,000E+1
458,154	0,000	0,075	3,000E-1	3,000E+1
459,153	0,000	0,075	3,000E-1	3,000E+1
460,154	0,000	0,075	3,000E-1	3,000E+1
461,153	0,000	0,075	3,000E-1	3,000E+1
462,153	0,000	0,075	3,000E-1	3,000E+1
463,153	0,000	0,075	3,000E-1	3,000E+1
464,154	0,000	0,075	3,000E-1	3,000E+1
465,153	0,000	0,075	3,000E-1	3,000E+1
466,153	0,000	0,075	3,000E-1	3,000E+1
467,153	0,000	0,075	3,000E-1	3,000E+1
468,154	0,000	0,075	3,000E-1	3,000E+1
469,155	0,000	0,075	3,000E-1	3,000E+1
470,156	0,000	0,075	3,000E-1	3,000E+1
471,156	0,000	0,075	3,000E-1	3,000E+1
472,157	0,000	0,075	3,000E-1	3,000E+1
473,156	0,000	0,075	3,000E-1	3,000E+1
474,156	0,000	0,075	3,000E-1	3,000E+1
475,156	0,000	0,075	3,000E-1	3,000E+1
476,156	0,000	0,075	3,000E-1	3,000E+1
477,157	0,000	0,075	3,000E-1	3,000E+1
478,156	0,000	0,075	3,000E-1	3,000E+1
479,156	0,000	0,075	3,000E-1	3,000E+1
480,156	0,000	0,075	3,000E-1	3,000E+1
481,156	0,000	0,075	3,000E-1	3,000E+1
482,156	0,000	0,075	3,000E-1	3,000E+1
483,156	0,000	0,075	3,000E-1	3,000E+1
484,158	0,000	0,075	3,000E-1	3,000E+1
485,157	0,000	0,075	3,000E-1	3,000E+1
486,158	0,000	0,075	3,000E-1	3,000E+1
487,158	0,000	0,075	3,000E-1	3,000E+1
488,160	0,000	0,075	3,000E-1	3,000E+1
489,160	0,000	0,075	3,000E-1	3,000E+1
490,159	0,000	0,075	3,000E-1	3,000E+1
491,159	0,000	0,075	3,000E-1	3,000E+1
492,159	0,000	0,075	3,000E-1	3,000E+1
493,159	0,000	0,075	3,000E-1	3,000E+1
494,159	0,000	0,075	3,000E-1	3,000E+1
495,160	0,000	0,075	3,000E-1	3,000E+1
496,161	0,000	0,075	3,000E-1	3,000E+1
497,162	0,000	0,075	3,000E-1	3,000E+1
498,162	0,000	0,075	3,000E-1	3,000E+1
499,163	0,000	0,075	3,000E-1	3,000E+1
500,163	0,000	0,075	3,000E-1	3,000E+1
501,164	0,000	0,075	3,000E-1	3,000E+1
502,163	0,000	0,075	3,000E-1	3,000E+1
503,164	0,000	0,075	3,000E-1	3,000E+1
504,164	0,000	0,075	3,000E-1	3,000E+1
505,164	0,000	0,075	3,000E-1	3,000E+1
506,164	0,000	0,075	3,000E-1	3,000E+1
507,166	0,000	0,075	3,000E-1	3,000E+1
508,166	0,000	0,075	3,000E-1	3,000E+1
509,168	0,000	0,075	3,000E-1	3,000E+1
510,167	0,000	0,075	3,000E-1	3,000E+1
511,168	0,000	0,075	3,000E-1	3,000E+1
512,168	0,000	0,075	3,000E-1	3,000E+1
513,168	0,000	0,075	3,000E-1	3,000E+1
514,168	0,000	0,075	3,000E-1	3,000E+1
515,168	0,000	0,075	3,000E-1	3,000E+1
516,168	0,000	0,075	3,000E-1	3,000E+1
517,168	0,000	0,075	3,000E-1	3,000E+1
518,168	0,000	0,075	3,000E-1	3,000E+1
519,168	0,000	0,075	3,000E-1	3,000E+1
520,169	0,000	0,075	3,000E-1	3,000E+1
521,170	0,000	0,075	3,000E-1	3,000E+1
522,169	0,000	0,075	3,000E-1	3,000E+1
523,171	0,000	0,075	3,000E-1	3,000E+1
524,170	0,000	0,075	3,000E-1	3,000E+1
525,171	0,000	0,075	3,000E-1	3,000E+1
526,171	0,000	0,075	3,000E-1	3,000E+1
527,173	0,000	0,075	3,000E-1	3,000E+1
528,173	0,000	0,075	3,000E-1	3,000E+1
529,174	0,000	0,075	3,000E-1	3,000E+1
530,174	0,000	0,075	3,000E-1	3,000E+1
531,175	0,000	0,075	3,000E-1	3,000E+1
532,176	0,000	0,075	3,000E-1	3,000E+1
533,176	0,000	0,075	3,000E-1	3,000E+1
534,176	0,000	0,075	3,000E-1	3,000E+1
535,177	0,000	0,075	3,000E-1	3,000E+1
536,177	0,000	0,075	3,000E-1	3,000E+1
537,177	0,000	0,075	3,000E-1	3,000E+1
538,178	0,000	0,075	3,000E-1	3,000E+1
539,179	0,000	0,075	3,000E-1	3,000E+1
540,181	0,000	0,075	3,000E-1	3,000E+1
541,180	0,000	0,075	3,000E-1	3,000E+1
542,180	0,000	0,075	3,000E-1	3,000E+1
543,181	0,000	0,075	3,000E-1	3,000E+1
544,181	0,000	0,075	3,000E-1	3,000E+1
545,181	0,000	0,075	3,000E-1	3,000E+1
546,181	0,000	0,075	3,000E-1	3,000E+1
547,182	0,000	0,075	3,000E-1	3,000E+1
548,184	0,000	0,075	3,000E-1	3,000E+1
549,183	0,000	0,075	3,000E-1	3,000E+1
550,183	0,000	0,075	3,000E-1	3,000E+1
551,183	0,000	0,075	3,000E-1	3,000E+1
552,183	0,000	0,075	3,000E-1	3,000E+1
553,183	0,000	0,075	3,000E-1	3,000E+1
554,183	0,000	0,075	3,000E-1	3,000E+1
555,183	0,000	0,075	3,000E-1	3,000E+1
556,183	0,000	0,075	3,000E-1	3,000E+1
557,183	0,000	0,075	3,000E-1	3,000E+1
558,184	0,000	0,075	3,000E-1	3,000E+1
559,184	0,000	0,075	3,000E-1	3,000E+1
560,184	0,000	0,075	3,000E-1	3,000E+1
561,185	0,000	0,075	3,000E-1	3,000E+1
562,185	0,000	0,075	3,000E-1	3,000E+1
563,185	0,000	0,075	3,000E-1	3,000E+1
564,186	0,000	0,075	3,000E-1	3,000E+1
565,187	0,000	0,075	3,000E-1	3,000E+1
566,186	0,000	0,075	3,000E-1	3,000E+1
567,186	0,000	0,075	3,000E-1	3,000E+1
568,186	0,000	0,075	3,000E-1	3,000E+1
569,186	0,000	0,075	3,000E-1	3,000E+1
570,188	0,000	0,075	3,000E-1	3,000E+1
571,187	0,000	0,075	3,000E-1	3,000E+1
572,187	0,000	0,075	3,000E-1	3,000E+1
573,188	0,000	0,075	3,000E-1	3,000E+1
574,189	0,000	0,075	3,000E-1	3,000E+1
575,188	0,000	0,075	3,000E-1	3,000E+1
576,188	0,000	0,075	3,000E-1	3,000E+1
577,188	0,000	0,075	3,000E-1	3,000E+1
578,188	0,000	0,075	3,000E-1	3,000E+1
579,189	0,000	0,075	3,000E-1	3,000E+1
580,188	0,000	0,075	3,000E-1	3,000E+1
581,188	0,000	0,075	3,000E-1	3,000E+1
582,188	0,000	0,075	3,000E-1	3,000E+1
583,189	0,000	0,075	3,000E-1	3,000E+1
584,190	0,000	0,075	3,000E-1	3,000E+1
585,190	0,000	0,075	3,000E-1	3,000E+1
586,190	0,000	0,075	3,000E-1	3,000E+1
587,190	0,000	0,075	3,000E-1	3,000E+1
588,190	0,000	0,075	3,000E-1	3,000E+1
589,190	0,000	0,075	3,000E-1	3,000E+1
590,191	0,000	0,075	3,000E-1	3,000E+1
591,191	0,000	0,075	3,000E-1	3,000E+1
592,191	0,000	0,075	3,000E-1	3,000E+1
593,191	0,000	0,075	3,000E-1	3,000E+1
594,192	0,000	0,075	3,000E-1	3,000E+1
595,194	0,000	0,075	3,000E-1	3,000E+1
596,193	0,000	0,075	3,000E-1	3,000E+1
597,193	0,000	0,075	3,000E-1	3,000E+1
598,193	0,000	0,075	3,000E-1	3,000E+1
599,193	0,000	0,075	3,000E-1	3,000E+1
600,194	0,000	0,075	3,000E-1	3,000E+1
601,196	0,000	0,075	3,000E-1	3,000E+1
602,197	0,000	0,075	3,000E-1	3,000E+1
603,197	0,000	0,075	3,000E-1	3,000E+1
604,196	0,000	0,075	3,000E-1	3,000E+1
605,196	0,000	0,075	3,000E-1	3,000E+1
606,197	0,000	0,075	3,000E-1	3,000E+1
607,196	0,000	0,075	3,000E-1	3,000E+1
608,196	0,000	0,075	3,000E-1	3,000E+1
609,196	0,000	0,075	3,000E-1	3,000E+1
610,197	0,000	0,075	3,000E-1	3,000E+1
611,196	0,000	0,075	3,000E-1	3,000E+1
612,197	0,000	0,075	3,000E-1	3,000E+1
613,197	0,000	0,075	3,000E-1	3,000E+1
614,198	0,000	0,075	3,000E-1	3,000E+1
615,198	0,000	0,075	3,000E-1	3,000E+1
616,198	0,000	0,075	3,000E-1	3,000E+1
617,199	0,000	0,075	3,000E-1	3,000E+1
618,200	0,000	0,075	3,000E-1	3,000E+1
619,200	0,000	0,075	3,000E-1	3,000E+1
620,200	0,000	0,075	3,000E-1	3,000E+1
621,200	0,000	0,075	3,000E-1	3,000E+1
622,201	0,000	0,075	3,000E-1	3,000E+1
623,202	0,000	0,075	3,000E-1	3,000E+1
624,202	0,000	0,075	3,000E-1	3,000E+1
625,204	0,000	0,075	3,000E-1	3,000E+1
626,203	0,000	0,075	3,000E-1	3,000E+1
627,203	0,000	0,075	3,000E-1	3,000E+1
628,203	0,000	0,075	3,000E-1	3,000E+1
629,203	0,000	0,075	3,000E-1	3,000E+1
630,203	0,000	0,075	3,000E-1	3,000E+1
631,204	0,000	0,075	3,000E-1	3,000E+1
632,204	0,000	0,075	3,000E-1	3,000E+1
633,204	0,000	0,075	3,000E-1	3,000E+1
634,204	0,000	0,075	3,000E-1	3,000E+1
635,204	0,000	0,075	3,000E-1	3,000E+1
636,205	0,000	0,075	3,000E-1	3,000E+1
637,206	0,000	0,075	3,000E-1	3,000E+1
638,206	0,000	0,075	3,000E-1	3,000E+1
639,206	0,000	0,075	3,000E-1	3,000E+1
640,206	0,000	0,075	3,000E-1	3,000E+1
641,206	0,000	0,075	3,000E-1	3,000E+1
642,206	0,000	0,075	3,000E-1	3,000E+1
643,206	0,000	0,075	3,000E-1	3,000E+1
644,207	0,000	0,075	3,000E-1	3,000E+1
645,208	0,000	0,075	3,000E-1	3,000E+1
646,207	0,000	0,075	3,000E-1	3,000E+1
647,207	0,000	0,075	3,000E-1	3,000E+1
648,207	0,000	0,075	3,000E-1	3,000E+1
649,207	0,000	0,075	3,000E-1	3,000E+1
650,208	0,000	0,075	3,000E-1	3,000E+1
651,208	0,000	0,075	3,000E-1	3,000E+1
652,210	0,000	0,075	3,000E-1	3,000E+1
653,209	0,000	0,075	3,000E-1	3,000E+1
654,210	0,000	0,075	3,000E-1	3,000E+1
655,209	0,000	0,075	3,000E-1	3,000E+1
656,209	0,000	0,075	3,000E-1	3,000E+1
657,211	0,000	0,075	3,000E-1	3,000E+1
658,211	0,000	0,075	3,000E-1	3,000E+1
659,211	0,000	0,075	3,000E-1	3,000E+1
660,212	0,000	0,075	3,000E-1	3,000E+1
661,212	0,000	0,075	3,000E-1	3,000E+1
662,212	0,000	0,075	3,000E-1	3,000E+1
663,213	0,000	0,075	3,000E-1	3,000E+1
664,213	0,000	0,075	3,000E-1	3,000E+1
665,215	0,000	0,075	3,000E-1	3,000E+1
666,214	0,000	0,075	3,000E-1	3,000E+1
667,214	0,000	0,075	3,000E-1	3,000E+1
668,216	0,000	0,075	3,000E-1	3,000E+1
669,215	0,000	0,075	3,000E-1	3,000E+1
670,216	0,000	0,075	3,000E-1	3,000E+1
671,216	0,000	0,075	3,000E-1	3,000E+1
672,216	0,000	0,075	3,000E-1	3,000E+1
673,216	0,000	0,075	3,000E-1	3,000E+1
674,216	0,000	0,075	3,000E-1	3,000E+1
675,217	0,000	0,075	3,000E-1	3,000E+1
676,217	0,000	0,075	3,000E-1	3,000E+1
677,217	0,000	0,075	3,000E-1	3,000E+1
678,218	0,000	0,075	3,000E-1	3,000E+1
679,219	0,000	0,075	3,000E-1	3,000E+1
680,219	0,000	0,075	3,000E-1	3,000E+1
681,219	0,000	0,075	3,000E-1	3,000E+1
682,219	0,000	0,075	3,000E-1	3,000E+1
683,219	0,000	0,075	3,000E-1	3,000E+1
684,219	0,000	0,075	3,000E-1	3,000E+1
685,221	0,000	0,075	3,000E-1	3,000E+1
686,220	0,000	0,075	3,000E-1	3,000E+1
687,220	0,000	0,075	3,000E-1	3,000E+1
688,220	0,000	0,075	3,000E-1	3,000E+1
689,221	0,000	0,075	3,000E-1	3,000E+1
690,222	0,000	0,075	3,000E-1	3,000E+1
691,222	0,000	0,075	3,000E-1	3,000E+1
692,224	0,000	0,075	3,000E-1	3,000E+1
693,223	0,000	0,075	3,000E-1	3,000E+1
694,225	0,000	0,075	3,000E-1	3,000E+1
695,225	0,000	0,075	3,000E-1	3,000E+1
696,226	0,000	0,075	3,000E-1	3,000E+1
697,227	0,000	0,075	3,000E-1	3,000E+1
698,227	0,000	0,075	3,000E-1	3,000E+1
699,227	0,000	0,075	3,000E-1	3,000E+1
700,227	0,000	0,075	3,000E-1	3,000E+1
701,227	0,000	0,075	3,000E-1	3,000E+1
702,227	0,000	0,075	3,000E-1	3,000E+1
703,227	0,000	0,075	3,000E-1	3,000E+1
