t	PC(E)	PL(E)	PC(T)	PL(T)	Vel
0,000	0,000	0,000	0,000E+0	0,000E+0	0,000E+0
0,002	1,100	0,000	1,100E+0	1,100E+0	0,000E+0
1,002	0,870	0,000	8,700E-1	8,700E-1	0,000E+0
2,003	0,950	0,000	9,500E-1	9,500E-1	0,000E+0
3,003	1,500	0,000	1,500E+0	1,500E+0	0,000E+0
4,003	1,080	0,000	1,080E+0	1,080E+0	0,000E+0
5,003	1,140	0,000	1,080E+0	7,200E-5	0,000E+0
6,003	1,140	0,000	1,140E+0	1,140E+0	0,000E+0
7,003	0,990	0,000	9,900E-1	9,900E-1	0,000E+0
8,003	0,990	0,000	9,900E-1	9,900E-1	0,000E+0
9,003	1,120	0,000	1,120E+0	1,120E+0	0,000E+0
10,003	1,140	0,000	1,140E+0	1,140E+0	3,000E+3
11,004	1,260	0,000	1,102E+0	1,102E+0	3,000E+3
12,005	1,260	0,000	1,260E+0	1,260E+0	3,000E+3
13,005	1,050	0,000	1,050E+0	1,050E+0	3,000E+3
14,005	4,220	0,760	4,220E+0	4,220E+0	3,000E+3
15,006	44,930	38,130	4,493E+1	4,493E+1	3,000E+3
16,006	106,360	47,680	1,064E+2	1,064E+2	3,000E+3
17,006	36,250	32,170	3,625E+1	3,625E+1	3,000E+3
18,006	29,760	25,440	3,625E+1	3,625E+1	3,000E+3
19,006	29,120	25,370	2,976E+1	2,976E+1	3,000E+3
20,006	29,320	25,420	2,912E+1	2,912E+1	3,000E+3
21,006	28,770	25,360	2,932E+1	2,932E+1	3,000E+3
23,008	28,780	25,300	2,877E+1	2,540E+1	3,000E+3
23,008	28,780	25,300	2,878E+1	2,878E+1	3,000E+3
24,010	29,180	25,340	2,918E+1	2,918E+1	3,000E+3
25,009	29,590	25,290	2,918E+1	2,918E+1	3,000E+3
26,009	29,690	25,310	2,959E+1	2,959E+1	3,000E+3
27,011	29,530	25,230	2,969E+1	2,969E+1	3,000E+3
28,010	29,140	25,320	2,953E+1	2,533E+1	3,000E+3
29,010	29,140	25,320	2,914E+1	2,914E+1	3,000E+3
30,010	28,630	25,240	2,863E+1	2,863E+1	3,000E+3
31,010	29,220	25,330	2,922E+1	2,922E+1	3,000E+3
32,011	29,540	25,310	2,954E+1	2,954E+1	3,000E+3
33,012	28,890	25,190	2,889E+1	2,889E+1	3,000E+3
34,012	28,710	25,290	2,910E+1	2,910E+1	3,000E+3
35,012	28,710	25,290	2,871E+1	2,871E+1	3,000E+3
36,014	28,970	25,260	2,897E+1	2,897E+1	3,000E+3
37,014	29,700	25,170	2,970E+1	2,970E+1	3,000E+3
38,014	29,290	25,190	2,929E+1	2,929E+1	3,000E+3
39,014	29,060	25,170	2,906E+1	2,906E+1	3,000E+3
40,014	28,600	25,210	2,860E+1	2,860E+1	3,000E+3
41,014	28,700	25,250	2,860E+1	2,860E+1	3,000E+3
42,014	29,040	25,170	2,870E+1	2,870E+1	3,000E+3
43,014	29,020	25,210	2,904E+1	2,904E+1	3,000E+3
44,016	29,380	25,220	2,902E+1	2,902E+1	3,000E+3
45,015	29,460	25,210	2,938E+1	2,523E+1	3,000E+3
46,016	29,460	25,210	2,946E+1	2,946E+1	3,000E+3
47,017	28,640	25,050	2,946E+1	2,946E+1	3,000E+3
48,017	29,280	25,160	2,928E+1	2,928E+1	3,000E+3
49,017	29,640	25,140	2,964E+1	2,964E+1	3,000E+3
50,017	29,420	25,180	2,942E+1	2,942E+1	3,000E+3
51,017	29,640	25,200	2,942E+1	2,517E+1	3,000E+3
52,017	29,640	25,200	2,964E+1	2,964E+1	3,000E+3
53,017	28,800	25,030	2,880E+1	2,880E+1	3,000E+3
54,018	29,520	25,100	2,952E+1	2,952E+1	3,000E+3
55,019	29,080	25,130	2,908E+1	2,908E+1	3,000E+3
56,019	28,390	25,050	2,839E+1	2,839E+1	3,000E+3
57,019	28,560	25,110	2,889E+1	2,889E+1	3,000E+3
58,019	28,560	25,110	2,856E+1	2,856E+1	3,000E+3
59,021	28,310	25,040	2,831E+1	2,831E+1	3,000E+3
60,021	28,970	25,140	2,897E+1	2,897E+1	3,000E+3
61,021	29,340	25,200	2,934E+1	2,934E+1	3,000E+3
62,022	29,100	25,030	2,910E+1	2,910E+1	3,000E+3
63,024	28,030	24,980	2,803E+1	2,803E+1	3,000E+3
64,023	28,030	24,980	2,803E+1	2,803E+1	3,000E+3
65,023	28,590	25,040	2,859E+1	2,859E+1	3,000E+3
66,023	28,230	24,980	2,820E+1	2,820E+1	3,000E+3
67,023	28,440	25,010	2,823E+1	2,823E+1	3,000E+3
68,023	29,110	25,030	2,844E+1	2,505E+1	3,000E+3
69,024	29,110	25,030	2,911E+1	2,911E+1	3,000E+3
70,024	28,510	25,010	2,911E+1	2,911E+1	3,000E+3
71,024	28,280	25,060	2,851E+1	2,851E+1	3,000E+3
72,024	29,130	25,000	2,828E+1	2,828E+1	3,000E+3
73,024	28,450	24,950	2,913E+1	2,913E+1	3,000E+3
74,025	28,450	24,950	2,845E+1	2,504E+1	3,000E+3
75,026	28,970	25,040	2,897E+1	2,897E+1	3,000E+3
76,026	28,790	24,940	2,879E+1	2,879E+1	3,000E+3
77,026	28,040	24,810	2,804E+1	2,804E+1	3,000E+3
78,026	28,460	24,940	2,846E+1	2,846E+1	3,000E+3
79,027	29,350	24,770	2,935E+1	2,935E+1	3,000E+3
80,026	29,130	24,780	2,869E+1	2,869E+1	3,000E+3
81,026	29,130	24,780	2,913E+1	2,913E+1	3,000E+3
82,026	28,120	24,790	2,812E+1	2,812E+1	3,000E+3
83,027	28,540	24,740	2,854E+1	2,854E+1	3,000E+3
84,028	28,510	24,810	2,851E+1	2,851E+1	3,000E+3
85,028	28,090	24,710	2,809E+1	2,809E+1	3,000E+3
86,029	28,040	24,700	2,804E+1	2,804E+1	3,000E+3
87,029	28,310	24,580	2,804E+1	2,804E+1	3,000E+3
88,029	28,390	24,650	2,831E+1	2,831E+1	3,000E+3
89,029	28,860	24,620	2,839E+1	2,839E+1	3,000E+3
90,030	29,060	24,620	2,886E+1	2,886E+1	3,000E+3
91,030	28,920	24,620	2,906E+1	2,465E+1	3,000E+3
92,030	28,920	24,620	2,892E+1	2,892E+1	3,000E+3
93,030	28,280	24,730	2,828E+1	2,828E+1	3,000E+3
94,030	28,520	24,530	2,852E+1	2,852E+1	3,000E+3
95,032	28,300	24,540	2,830E+1	2,830E+1	3,000E+3
96,032	28,970	24,530	2,897E+1	2,897E+1	3,000E+3
97,032	28,370	24,600	2,897E+1	2,460E+1	3,000E+3
98,031	28,370	24,600	2,837E+1	2,837E+1	3,000E+3
99,032	28,600	24,420	2,860E+1	2,860E+1	3,000E+3
100,034	28,840	24,420	2,884E+1	2,884E+1	3,000E+3
101,035	28,760	24,510	2,876E+1	2,876E+1	3,000E+3
102,035	28,670	24,410	2,867E+1	2,867E+1	3,000E+3
103,035	28,250	24,400	2,850E+1	2,850E+1	3,000E+3
104,035	28,250	24,400	2,825E+1	2,825E+1	3,000E+3
105,036	28,240	24,370	2,824E+1	2,824E+1	3,000E+3
106,035	28,160	24,350	2,816E+1	2,816E+1	3,000E+3
107,036	28,240	24,340	2,824E+1	2,824E+1	3,000E+3
108,035	28,210	24,340	2,821E+1	2,821E+1	3,000E+3
109,035	27,380	24,150	2,738E+1	2,738E+1	3,000E+3
110,035	27,580	24,260	2,738E+1	2,738E+1	3,000E+3
111,036	28,010	24,350	2,758E+1	2,758E+1	3,000E+3
112,035	28,480	24,260	2,801E+1	2,801E+1	3,000E+3
113,035	28,310	24,250	2,848E+1	2,848E+1	3,000E+3
114,035	27,990	24,280	2,831E+1	2,430E+1	3,000E+3
115,035	27,990	24,280	2,799E+1	2,799E+1	3,000E+3
116,035	27,660	24,280	2,799E+1	2,799E+1	3,000E+3
117,035	28,050	24,300	2,766E+1	2,766E+1	3,000E+3
118,035	28,020	24,210	2,805E+1	2,805E+1	3,000E+3
119,035	28,130	24,280	2,813E+1	2,813E+1	3,000E+3
120,036	28,460	24,250	2,800E+1	2,800E+1	3,000E+3
121,038	28,460	24,250	2,846E+1	2,846E+1	3,000E+3
122,037	28,750	24,280	2,875E+1	2,875E+1	3,000E+3
123,037	28,500	24,220	2,850E+1	2,850E+1	3,000E+3
124,037	28,270	24,200	2,827E+1	2,827E+1	3,000E+3
125,038	27,410	24,250	2,741E+1	2,741E+1	3,000E+3
126,038	27,580	24,200	2,821E+1	2,821E+1	3,000E+3
127,039	27,580	24,200	2,758E+1	2,758E+1	3,000E+3
128,039	27,050	24,110	2,705E+1	2,705E+1	3,000E+3
129,040	27,300	24,150	2,730E+1	2,730E+1	3,000E+3
130,041	27,580	24,140	2,758E+1	2,758E+1	3,000E+3
131,041	27,560	24,070	2,756E+1	2,756E+1	3,000E+3
132,041	27,600	24,160	2,786E+1	2,786E+1	3,000E+3
133,042	27,850	24,110	2,760E+1	2,760E+1	3,000E+3
134,042	27,850	24,110	2,785E+1	2,785E+1	3,000E+3
135,043	28,030	24,210	2,803E+1	2,803E+1	3,000E+3
136,042	27,560	24,090	2,714E+1	2,714E+1	3,000E+3
137,042	27,560	24,090	2,756E+1	2,412E+1	3,000E+3
138,042	27,460	24,070	2,746E+1	2,746E+1	3,000E+3
139,043	27,970	24,160	2,746E+1	2,746E+1	3,000E+3
140,043	27,840	24,000	2,797E+1	2,797E+1	3,000E+3
141,043	27,400	24,020	2,784E+1	2,784E+1	3,000E+3
142,044	28,280	24,020	2,740E+1	2,740E+1	3,000E+3
143,044	27,860	23,930	2,828E+1	2,405E+1	3,000E+3
144,046	27,860	23,930	2,786E+1	2,786E+1	3,000E+3
145,047	27,250	24,000	2,725E+1	2,725E+1	3,000E+3
146,047	27,380	24,000	2,725E+1	2,725E+1	3,000E+3
147,048	27,430	23,990	2,743E+1	2,743E+1	3,000E+3
148,048	28,040	23,940	2,804E+1	2,804E+1	3,000E+3
149,048	27,270	24,020	2,775E+1	2,775E+1	3,000E+3
150,049	27,270	24,020	2,727E+1	2,727E+1	3,000E+3
151,049	28,240	23,990	2,824E+1	2,824E+1	3,000E+3
152,049	28,190	23,970	2,819E+1	2,819E+1	3,000E+3
153,050	27,800	23,990	2,780E+1	2,780E+1	3,000E+3
154,050	27,840	24,000	2,784E+1	2,784E+1	3,000E+3
155,050	27,610	23,920	2,785E+1	2,785E+1	3,000E+3
156,050	27,610	23,920	2,761E+1	2,761E+1	3,000E+3
157,050	27,240	23,910	2,767E+1	2,767E+1	3,000E+3
158,051	27,240	23,910	2,724E+1	2,724E+1	3,000E+3
159,050	27,720	23,880	2,724E+1	2,724E+1	3,000E+3
160,051	27,720	23,880	2,772E+1	2,772E+1	3,000E+3
161,050	27,040	23,840	2,769E+1	2,769E+1	3,000E+3
162,051	27,040	23,840	2,704E+1	2,704E+1	3,000E+3
163,051	27,960	23,820	2,682E+1	2,682E+1	3,000E+3
164,051	27,620	23,790	2,796E+1	2,796E+1	3,000E+3
165,051	27,740	23,830	2,762E+1	2,762E+1	3,000E+3
166,051	27,540	23,730	2,774E+1	2,382E+1	3,000E+3
167,051	27,540	23,730	2,754E+1	2,754E+1	3,000E+3
168,052	27,040	23,730	2,754E+1	2,754E+1	3,000E+3
169,052	27,230	23,790	2,723E+1	2,723E+1	3,000E+3
170,053	27,600	23,790	2,723E+1	2,723E+1	3,000E+3
171,053	27,120	23,690	2,712E+1	2,712E+1	3,000E+3
172,054	27,410	23,840	2,712E+1	2,379E+1	3,000E+3
173,054	27,410	23,840	2,741E+1	2,741E+1	3,000E+3
174,055	28,030	23,770	2,803E+1	2,803E+1	3,000E+3
175,055	27,450	23,620	2,803E+1	2,803E+1	3,000E+3
176,055	26,760	23,810	2,676E+1	2,676E+1	3,000E+3
177,055	27,170	23,760	2,717E+1	2,717E+1	3,000E+3
178,055	27,740	23,680	2,757E+1	2,757E+1	3,000E+3
179,057	27,740	23,680	2,774E+1	2,774E+1	3,000E+3
180,056	27,820	23,710	2,782E+1	2,782E+1	3,000E+3
181,057	28,000	23,720	2,735E+1	2,735E+1	3,000E+3
182,058	28,000	23,720	2,800E+1	2,800E+1	3,000E+3
183,059	27,860	23,600	2,786E+1	2,786E+1	3,000E+3
184,058	27,580	23,630	2,738E+1	2,738E+1	3,000E+3
185,058	27,170	23,560	2,758E+1	2,758E+1	3,000E+3
186,058	27,170	23,560	2,717E+1	2,717E+1	3,000E+3
187,059	26,800	23,460	2,748E+1	2,748E+1	3,000E+3
188,058	27,780	23,640	2,680E+1	2,680E+1	3,000E+3
189,059	26,800	23,530	2,778E+1	2,360E+1	3,000E+3
190,058	26,800	23,530	2,680E+1	2,680E+1	3,000E+3
191,058	27,070	23,600	2,707E+1	2,707E+1	3,000E+3
192,058	27,690	23,590	2,769E+1	2,769E+1	3,000E+3
193,059	27,550	23,620	2,755E+1	2,755E+1	3,000E+3
194,058	27,410	23,540	2,741E+1	2,741E+1	3,000E+3
195,058	27,070	23,480	2,741E+1	2,358E+1	3,000E+3
196,059	27,070	23,480	2,707E+1	2,707E+1	3,000E+3
197,058	26,630	23,390	2,663E+1	2,663E+1	3,000E+3
198,058	26,960	23,550	2,696E+1	2,696E+1	3,000E+3
199,058	27,410	23,530	2,741E+1	2,741E+1	3,000E+3
200,059	27,800	23,490	2,780E+1	2,780E+1	3,000E+3
201,060	27,800	23,580	2,718E+1	2,718E+1	3,000E+3
202,059	27,800	23,580	2,780E+1	2,780E+1	3,000E+3
203,061	27,320	23,450	2,732E+1	2,732E+1	3,000E+3
204,061	27,290	23,460	2,729E+1	2,729E+1	3,000E+3
205,061	27,430	23,450	2,743E+1	2,743E+1	3,000E+3
206,061	27,120	23,430	2,712E+1	2,712E+1	3,000E+3
207,062	26,730	23,460	2,724E+1	2,724E+1	3,000E+3
208,062	27,140	23,350	2,673E+1	2,673E+1	3,000E+3
209,062	27,140	23,350	2,714E+1	2,714E+1	3,000E+3
210,062	27,290	23,410	2,729E+1	2,729E+1	3,000E+3
211,062	26,330	23,340	2,737E+1	2,737E+1	3,000E+3
212,063	26,330	23,340	2,633E+1	2,633E+1	3,000E+3
213,063	27,530	23,410	2,753E+1	2,753E+1	3,000E+3
214,063	27,530	23,410	2,753E+1	2,753E+1	3,000E+3
215,063	27,610	23,410	2,697E+1	2,697E+1	3,000E+3
216,065	26,900	23,420	2,761E+1	2,761E+1	3,000E+3
218,085	26,620	23,340	2,690E+1	2,690E+1	3,000E+3
218,085	26,890	23,370	2,662E+1	2,340E+1	3,000E+3
219,085	26,890	23,370	2,689E+1	2,689E+1	3,000E+3
220,086	27,840	23,400	2,784E+1	2,784E+1	3,000E+3
221,087	27,120	23,270	2,784E+1	2,784E+1	3,000E+3
222,087	27,140	23,370	2,714E+1	2,714E+1	3,000E+3
223,087	27,100	23,300	2,714E+1	2,714E+1	3,000E+3
224,087	27,000	23,340	2,710E+1	2,336E+1	3,000E+3
225,087	27,000	23,340	2,700E+1	2,700E+1	3,000E+3
226,087	27,220	23,370	2,722E+1	2,722E+1	3,000E+3
227,088	27,080	23,340	2,708E+1	2,708E+1	3,000E+3
228,087	26,300	23,210	2,630E+1	2,630E+1	3,000E+3
229,088	26,630	23,380	2,663E+1	2,663E+1	3,000E+3
230,089	26,670	23,230	2,713E+1	2,713E+1	3,000E+3
231,090	26,670	23,230	2,667E+1	2,667E+1	3,000E+3
232,090	27,080	23,250	2,708E+1	2,708E+1	3,000E+3
233,090	27,300	23,210	2,730E+1	2,730E+1	3,000E+3
234,090	27,860	23,240	2,786E+1	2,786E+1	3,000E+3
235,090	27,070	23,250	2,707E+1	2,707E+1	3,000E+3
236,090	27,400	23,140	2,740E+1	2,740E+1	3,000E+3
237,091	26,520	23,200	2,740E+1	2,740E+1	3,000E+3
238,091	26,890	23,170	2,652E+1	2,652E+1	3,000E+3
239,091	26,990	23,260	2,689E+1	2,689E+1	3,000E+3
240,091	26,550	23,240	2,699E+1	2,699E+1	3,000E+3
241,091	26,550	23,240	2,655E+1	2,323E+1	3,000E+3
242,091	27,010	23,220	2,701E+1	2,701E+1	3,000E+3
243,092	27,510	23,190	2,751E+1	2,751E+1	3,000E+3
244,092	27,200	23,110	2,720E+1	2,720E+1	3,000E+3
245,092	27,530	23,210	2,753E+1	2,753E+1	3,000E+3
246,092	27,300	23,170	2,730E+1	2,730E+1	3,000E+3
247,093	27,330	23,120	2,694E+1	2,694E+1	3,000E+3
248,092	27,330	23,120	2,733E+1	2,733E+1	3,000E+3
249,094	26,500	23,060	2,650E+1	2,650E+1	3,000E+3
250,095	26,870	23,120	2,687E+1	2,687E+1	3,000E+3
251,094	27,340	23,110	2,734E+1	2,734E+1	3,000E+3
252,094	26,350	23,080	2,635E+1	2,635E+1	3,000E+3
253,094	26,410	23,070	2,641E+1	2,641E+1	3,000E+3
254,095	27,440	23,130	2,641E+1	2,641E+1	3,000E+3
255,095	26,730	23,060	2,744E+1	2,744E+1	3,000E+3
256,095	26,500	23,070	2,673E+1	2,673E+1	3,000E+3
257,096	26,500	23,070	2,650E+1	2,650E+1	3,000E+3
258,097	27,230	23,070	2,696E+1	2,309E+1	3,000E+3
259,098	27,230	23,070	2,723E+1	2,723E+1	3,000E+3
260,098	27,120	23,040	2,712E+1	2,712E+1	3,000E+3
261,098	27,810	23,090	2,781E+1	2,781E+1	3,000E+3
262,099	26,890	22,980	2,689E+1	2,689E+1	3,000E+3
263,100	26,100	23,070	2,610E+1	2,610E+1	3,000E+3
264,100	26,810	23,030	2,610E+1	2,306E+1	3,000E+3
265,100	26,810	23,030	2,681E+1	2,681E+1	3,000E+3
266,101	27,160	22,990	2,681E+1	2,681E+1	3,000E+3
267,102	26,710	22,930	2,671E+1	2,671E+1	3,000E+3
268,101	26,420	23,000	2,642E+1	2,642E+1	3,000E+3
269,102	25,660	22,950	2,566E+1	2,566E+1	3,000E+3
270,103	26,370	22,980	2,566E+1	2,299E+1	3,000E+3
271,102	26,370	22,980	2,637E+1	2,637E+1	3,000E+3
272,103	26,650	22,930	2,665E+1	2,665E+1	3,000E+3
273,103	26,310	22,940	2,631E+1	2,631E+1	3,000E+3
274,105	26,300	23,030	2,630E+1	2,630E+1	3,000E+3
275,104	26,360	22,890	2,636E+1	2,636E+1	3,000E+3
276,104	26,770	22,890	2,636E+1	2,295E+1	3,000E+3
277,105	26,770	22,890	2,677E+1	2,677E+1	3,000E+3
278,105	26,910	22,830	2,691E+1	2,691E+1	3,000E+3
279,106	26,790	22,940	2,679E+1	2,679E+1	3,000E+3
280,105	26,230	22,840	2,623E+1	2,623E+1	3,000E+3
281,105	25,930	22,830	2,593E+1	2,593E+1	3,000E+3
282,105	26,630	22,910	2,659E+1	2,659E+1	3,000E+3
283,106	26,610	22,730	2,663E+1	2,663E+1	3,000E+3
284,107	26,330	22,840	2,661E+1	2,661E+1	3,000E+3
285,106	26,430	22,850	2,633E+1	2,633E+1	3,000E+3
286,107	26,060	22,890	2,643E+1	2,643E+1	3,000E+3
287,107	26,240	22,870	2,606E+1	2,286E+1	3,000E+3
288,107	26,240	22,870	2,624E+1	2,624E+1	3,000E+3
289,107	26,070	22,750	2,624E+1	2,624E+1	3,000E+3
290,107	25,410	22,770	2,607E+1	2,607E+1	3,000E+3
291,108	26,990	22,730	2,541E+1	2,541E+1	3,000E+3
292,107	25,940	22,660	2,594E+1	2,594E+1	3,000E+3
293,109	25,970	22,750	2,594E+1	2,274E+1	3,000E+3
294,108	25,970	22,750	2,597E+1	2,597E+1	3,000E+3
295,108	26,500	22,750	2,650E+1	2,650E+1	3,000E+3
296,108	27,240	22,750	2,724E+1	2,724E+1	3,000E+3
297,108	25,840	22,600	2,584E+1	2,584E+1	3,000E+3
298,108	25,980	22,750	2,598E+1	2,598E+1	3,000E+3
299,109	25,840	22,680	2,639E+1	2,639E+1	3,000E+3
300,109	25,840	22,680	2,584E+1	2,584E+1	3,000E+3
301,109	25,850	22,750	2,585E+1	2,585E+1	3,000E+3
302,110	25,950	22,640	2,595E+1	2,595E+1	3,000E+3
303,110	26,550	22,590	2,655E+1	2,655E+1	3,000E+3
304,110	27,010	22,740	2,701E+1	2,701E+1	3,000E+3
305,112	26,760	22,670	2,644E+1	2,644E+1	3,000E+3
306,111	26,730	22,610	2,676E+1	2,676E+1	3,000E+3
307,111	26,730	22,610	2,673E+1	2,673E+1	3,000E+3
308,112	26,780	22,710	2,678E+1	2,678E+1	3,000E+3
309,113	26,810	22,640	2,681E+1	2,681E+1	3,000E+3
310,113	27,030	22,760	2,703E+1	2,703E+1	3,000E+3
311,113	26,780	22,590	2,678E+1	2,678E+1	3,000E+3
312,115	27,130	22,710	2,678E+1	2,678E+1	3,000E+3
313,114	26,670	22,620	2,713E+1	2,713E+1	3,000E+3
314,114	26,860	22,690	2,667E+1	2,667E+1	3,000E+3
315,114	26,630	22,600	2,686E+1	2,686E+1	3,000E+3
316,114	26,900	22,640	2,663E+1	2,267E+1	3,000E+3
317,116	26,900	22,640	2,690E+1	2,690E+1	3,000E+3
318,115	26,050	22,620	2,690E+1	2,690E+1	3,000E+3
319,115	25,880	22,610	2,605E+1	2,605E+1	3,000E+3
320,115	26,550	22,640	2,588E+1	2,588E+1	3,000E+3
321,115	26,490	22,520	2,655E+1	2,655E+1	3,000E+3
322,115	26,580	22,550	2,649E+1	2,260E+1	3,000E+3
323,115	26,580	22,550	2,658E+1	2,658E+1	3,000E+3
324,116	26,990	22,620	2,699E+1	2,699E+1	3,000E+3
325,116	26,440	22,480	2,644E+1	2,644E+1	3,000E+3
326,117	26,780	22,710	2,678E+1	2,678E+1	3,000E+3
327,118	26,640	22,490	2,664E+1	2,664E+1	3,000E+3
328,118	26,330	22,510	2,636E+1	2,636E+1	3,000E+3
329,118	26,330	22,510	2,633E+1	2,633E+1	3,000E+3
330,118	26,590	22,480	2,659E+1	2,659E+1	3,000E+3
331,118	26,570	22,540	2,657E+1	2,657E+1	3,000E+3
332,119	26,630	22,530	2,663E+1	2,663E+1	3,000E+3
333,119	26,170	22,480	2,617E+1	2,617E+1	3,000E+3
334,119	26,950	22,570	2,695E+1	2,695E+1	3,000E+3
335,120	26,590	22,560	2,695E+1	2,695E+1	3,000E+3
336,120	26,880	22,590	2,659E+1	2,659E+1	3,000E+3
337,120	26,520	22,590	2,688E+1	2,688E+1	3,000E+3
338,120	26,530	22,510	2,652E+1	2,652E+1	3,000E+3
339,120	26,690	22,560	2,653E+1	2,258E+1	3,000E+3
340,120	26,690	22,560	2,669E+1	2,669E+1	3,000E+3
341,120	25,940	22,590	2,594E+1	2,594E+1	3,000E+3
343,121	26,480	22,380	2,594E+1	2,594E+1	3,000E+3
344,120	26,730	22,510	2,648E+1	2,648E+1	3,000E+3
345,120	26,610	22,460	2,673E+1	2,673E+1	3,000E+3
345,120	26,670	22,500	2,661E+1	2,252E+1	3,000E+3
346,120	26,670	22,500	2,667E+1	2,667E+1	3,000E+3
347,121	26,140	22,390	2,667E+1	2,667E+1	3,000E+3
348,121	26,590	22,470	2,659E+1	2,659E+1	3,000E+3
350,122	26,720	22,490	2,659E+1	2,659E+1	3,000E+3
351,123	26,660	22,410	2,666E+1	2,666E+1	3,000E+3
351,123	25,820	22,450	2,666E+1	2,246E+1	3,000E+3
353,123	25,820	22,450	2,582E+1	2,582E+1	3,000E+3
354,123	26,720	22,440	2,672E+1	2,672E+1	3,000E+3
355,123	26,570	22,460	2,657E+1	2,657E+1	3,000E+3
355,123	26,500	22,430	2,650E+1	2,650E+1	3,000E+3
357,124	26,510	22,430	2,651E+1	2,651E+1	3,000E+3
357,124	26,360	22,570	2,627E+1	2,627E+1	3,000E+3
358,124	26,360	22,570	2,636E+1	2,636E+1	3,000E+3
359,124	26,740	22,450	2,674E+1	2,674E+1	3,000E+3
360,125	25,470	22,490	2,547E+1	2,547E+1	3,000E+3
362,125	25,750	22,500	2,575E+1	2,575E+1	3,000E+3
362,125	25,790	22,460	2,579E+1	2,579E+1	3,000E+3
363,125	26,250	22,390	2,625E+1	2,625E+1	3,000E+3
364,126	26,510	22,460	2,625E+1	2,625E+1	3,000E+3
365,126	26,980	22,460	2,651E+1	2,651E+1	3,000E+3
366,127	25,650	22,370	2,698E+1	2,698E+1	3,000E+3
368,127	25,630	22,380	2,565E+1	2,565E+1	3,000E+3
368,127	26,450	22,390	2,563E+1	2,243E+1	3,000E+3
369,127	26,450	22,390	2,645E+1	2,645E+1	3,000E+3
371,127	25,910	22,380	2,591E+1	2,591E+1	3,000E+3
371,127	25,660	22,410	2,566E+1	2,566E+1	3,000E+3
372,127	25,580	22,390	2,558E+1	2,558E+1	3,000E+3
374,128	25,700	22,320	2,570E+1	2,570E+1	3,000E+3
374,128	25,570	22,420	2,626E+1	2,626E+1	3,000E+3
375,129	25,570	22,420	2,557E+1	2,557E+1	3,000E+3
376,130	25,750	22,230	2,575E+1	2,575E+1	3,000E+3
377,130	26,140	22,360	2,614E+1	2,614E+1	3,000E+3
379,130	26,640	22,350	2,664E+1	2,664E+1	3,000E+3
380,131	26,380	22,190	2,638E+1	2,638E+1	3,000E+3
380,131	26,570	22,350	2,605E+1	2,605E+1	3,000E+3
381,131	26,570	22,350	2,657E+1	2,657E+1	3,000E+3
383,132	26,500	22,330	2,650E+1	2,650E+1	3,000E+3
383,132	26,400	22,340	2,640E+1	2,640E+1	3,000E+3
384,133	26,100	22,370	2,610E+1	2,610E+1	3,000E+3
385,134	25,830	22,380	2,583E+1	2,583E+1	3,000E+3
387,134	26,530	22,240	2,653E+1	2,653E+1	3,000E+3
387,134	25,770	22,300	2,653E+1	2,653E+1	3,000E+3
388,133	26,110	22,380	2,577E+1	2,577E+1	3,000E+3
389,133	26,360	22,330	2,611E+1	2,611E+1	3,000E+3
390,133	26,100	22,300	2,636E+1	2,636E+1	3,000E+3
392,133	26,540	22,430	2,610E+1	2,237E+1	3,000E+3
393,134	26,540	22,430	2,654E+1	2,654E+1	3,000E+3
393,134	25,550	22,360	2,555E+1	2,555E+1	3,000E+3
394,134	25,670	22,410	2,555E+1	2,555E+1	3,000E+3
395,134	26,580	22,410	2,658E+1	2,658E+1	3,000E+3
396,134	26,450	22,290	2,658E+1	2,658E+1	3,000E+3
397,134	25,620	22,320	2,645E+1	2,238E+1	3,000E+3
398,135	25,620	22,320	2,562E+1	2,562E+1	3,000E+3
399,134	25,280	22,250	2,528E+1	2,528E+1	3,000E+3
401,134	25,470	22,340	2,547E+1	2,547E+1	3,000E+3
402,134	25,470	22,340	2,547E+1	2,547E+1	3,000E+3
403,136	25,730	22,310	2,573E+1	2,573E+1	3,000E+3
403,136	25,720	22,380	2,599E+1	2,599E+1	3,000E+3
405,136	25,190	22,250	2,572E+1	2,572E+1	3,000E+3
405,136	25,190	22,250	2,519E+1	2,519E+1	3,000E+3
406,136	25,430	22,260	2,543E+1	2,543E+1	3,000E+3
408,136	25,500	22,250	2,550E+1	2,550E+1	3,000E+3
408,136	25,660	22,270	2,644E+1	2,229E+1	3,000E+3
410,138	25,660	22,270	2,566E+1	2,566E+1	3,000E+3
411,138	26,080	22,300	2,566E+1	2,566E+1	3,000E+3
411,138	25,990	22,300	2,608E+1	2,608E+1	3,000E+3
413,139	25,650	22,250	2,599E+1	2,599E+1	3,000E+3
414,140	25,430	22,320	2,565E+1	2,565E+1	3,000E+3
414,140	25,570	22,210	2,543E+1	2,230E+1	3,000E+3
415,141	25,570	22,210	2,557E+1	2,557E+1	3,000E+3
417,141	25,920	22,220	2,592E+1	2,592E+1	3,000E+3
417,141	25,580	22,210	2,558E+1	2,558E+1	3,000E+3
418,141	25,570	22,180	2,557E+1	2,557E+1	3,000E+3
420,144	25,590	22,220	2,559E+1	2,559E+1	3,000E+3
420,144	25,140	22,140	2,603E+1	2,603E+1	3,000E+3
422,144	25,140	22,140	2,514E+1	2,514E+1	3,000E+3
423,144	25,400	22,170	2,540E+1	2,540E+1	3,000E+3
423,144	25,360	22,120	2,536E+1	2,536E+1	3,000E+3
425,144	25,860	22,120	2,586E+1	2,586E+1	3,000E+3
426,144	26,160	22,200	2,616E+1	2,616E+1	3,000E+3
427,145	26,220	22,210	2,573E+1	2,573E+1	3,000E+3
428,145	26,220	22,210	2,622E+1	2,622E+1	3,000E+3
428,145	26,300	22,130	2,630E+1	2,630E+1	3,000E+3
430,145	24,930	22,040	2,493E+1	2,493E+1	3,000E+3
430,145	25,750	22,220	2,575E+1	2,575E+1	3,000E+3
431,145	25,560	22,170	2,556E+1	2,556E+1	3,000E+3
432,147	24,800	22,060	2,480E+1	2,480E+1	3,000E+3
433,149	26,320	22,190	2,480E+1	2,480E+1	3,000E+3
435,148	26,130	22,150	2,632E+1	2,632E+1	3,000E+3
436,148	25,940	22,140	2,613E+1	2,613E+1	3,000E+3
436,148	25,330	22,110	2,594E+1	2,594E+1	3,000E+3
437,149	25,280	22,320	2,533E+1	2,220E+1	3,000E+3
438,148	25,280	22,320	2,528E+1	2,528E+1	3,000E+3
439,149	25,580	22,260	2,528E+1	2,528E+1	3,000E+3
441,150	25,860	22,060	2,558E+1	2,558E+1	3,000E+3
442,150	26,330	22,090	2,586E+1	2,586E+1	3,000E+3
443,150	26,160	22,120	2,616E+1	2,616E+1	3,000E+3
443,150	25,940	22,150	2,616E+1	2,215E+1	3,000E+3
444,151	25,940	22,150	2,594E+1	2,594E+1	3,000E+3
445,151	25,350	22,020	2,535E+1	2,535E+1	3,000E+3
447,151	25,200	22,210	2,520E+1	2,520E+1	3,000E+3
447,151	25,360	22,100	2,536E+1	2,536E+1	3,000E+3
448,151	25,510	22,030	2,551E+1	2,551E+1	3,000E+3
449,151	25,600	22,180	2,587E+1	2,587E+1	3,000E+3
450,152	26,170	22,080	2,560E+1	2,560E+1	3,000E+3
451,152	26,170	22,080	2,617E+1	2,617E+1	3,000E+3
453,152	26,220	22,090	2,540E+1	2,540E+1	3,000E+3
453,152	26,220	22,090	2,622E+1	2,622E+1	3,000E+3
454,153	26,330	22,090	2,532E+1	2,210E+1	3,000E+3
455,154	26,330	22,090	2,633E+1	2,633E+1	3,000E+3
456,153	25,300	22,040	2,633E+1	2,633E+1	3,000E+3
457,153	26,330	22,120	2,530E+1	2,530E+1	3,000E+3
459,153	25,210	22,020	2,633E+1	2,633E+1	3,000E+3
460,154	25,820	22,090	2,521E+1	2,521E+1	3,000E+3
461,153	26,220	22,220	2,582E+1	2,211E+1	3,000E+3
461,153	26,220	22,220	2,622E+1	2,622E+1	3,000E+3
462,153	25,270	21,880	2,527E+1	2,527E+1	3,000E+3
463,153	25,420	21,950	2,542E+1	2,542E+1	3,000E+3
465,153	26,070	22,080	2,607E+1	2,607E+1	3,000E+3
465,153	25,400	22,060	2,540E+1	2,540E+1	3,000E+3
466,153	25,300	22,000	2,568E+1	2,568E+1	3,000E+3
468,154	25,300	22,000	2,530E+1	2,530E+1	3,000E+3
469,155	25,580	22,010	2,558E+1	2,558E+1	3,000E+3
470,156	25,680	22,160	2,568E+1	2,568E+1	3,000E+3
470,156	25,330	22,010	2,533E+1	2,533E+1	3,000E+3
471,156	25,230	21,990	2,523E+1	2,523E+1	3,000E+3
473,156	25,720	22,030	2,579E+1	2,579E+1	3,000E+3
473,156	25,720	22,030	2,572E+1	2,572E+1	3,000E+3
475,156	25,130	22,070	2,513E+1	2,513E+1	3,000E+3
475,156	25,410	22,030	2,541E+1	2,541E+1	3,000E+3
476,156	26,250	22,110	2,625E+1	2,625E+1	3,000E+3
477,157	26,250	22,110	2,625E+1	2,625E+1	3,000E+3
479,156	26,080	22,010	2,608E+1	2,608E+1	3,000E+3
480,156	25,320	21,990	2,608E+1	2,608E+1	3,000E+3
481,156	25,270	22,040	2,532E+1	2,532E+1	3,000E+3
482,156	25,260	22,030	2,527E+1	2,527E+1	3,000E+3
482,156	25,440	22,230	2,526E+1	2,526E+1	3,000E+3
484,158	25,170	21,920	2,544E+1	2,206E+1	3,000E+3
484,158	25,170	21,920	2,517E+1	2,517E+1	3,000E+3
485,157	25,290	21,960	2,529E+1	2,529E+1	3,000E+3
486,158	25,800	22,000	2,529E+1	2,529E+1	3,000E+3
487,158	25,480	21,990	2,580E+1	2,580E+1	3,000E+3
488,160	25,370	21,930	2,537E+1	2,537E+1	3,000E+3
489,160	25,230	22,010	2,537E+1	2,200E+1	3,000E+3
490,159	25,230	22,010	2,523E+1	2,523E+1	3,000E+3
492,159	25,600	21,980	2,560E+1	2,560E+1	3,000E+3
492,159	25,950	21,950	2,595E+1	2,595E+1	3,000E+3
494,159	25,250	21,930	2,525E+1	2,525E+1	3,000E+3
495,160	25,240	21,970	2,524E+1	2,524E+1	3,000E+3
495,160	25,300	21,880	2,570E+1	2,570E+1	3,000E+3
497,162	25,300	21,880	2,530E+1	2,530E+1	3,000E+3
498,162	26,040	22,000	2,604E+1	2,604E+1	3,000E+3
498,162	25,310	22,030	2,531E+1	2,531E+1	3,000E+3
500,163	25,090	21,960	2,509E+1	2,509E+1	3,000E+3
500,163	25,110	21,910	2,511E+1	2,511E+1	3,000E+3
502,163	26,060	21,980	2,606E+1	2,606E+1	3,000E+3
503,164	26,060	21,980	2,606E+1	2,606E+1	3,000E+3
504,164	25,330	22,020	2,534E+1	2,534E+1	3,000E+3
504,164	25,330	22,020	2,533E+1	2,533E+1	3,000E+3
505,164	25,300	21,720	2,504E+1	2,504E+1	3,000E+3
506,164	25,300	21,720	2,530E+1	2,530E+1	3,000E+3
507,166	25,520	22,060	2,552E+1	2,552E+1	3,000E+3
508,166	26,140	21,940	2,552E+1	2,552E+1	3,000E+3
509,168	26,030	21,950	2,614E+1	2,614E+1	3,000E+3
510,167	26,130	21,940	2,603E+1	2,603E+1	3,000E+3
511,168	25,180	21,970	2,613E+1	2,613E+1	3,000E+3
512,168	26,100	21,870	2,518E+1	2,195E+1	3,000E+3
513,168	26,100	21,870	2,610E+1	2,610E+1	3,000E+3
514,168	26,000	21,910	2,600E+1	2,600E+1	3,000E+3
515,168	25,600	21,980	2,560E+1	2,560E+1	3,000E+3
516,168	25,080	21,900	2,508E+1	2,508E+1	3,000E+3
517,168	25,040	21,900	2,504E+1	2,504E+1	3,000E+3
518,168	25,040	21,900	2,504E+1	2,193E+1	3,000E+3
519,168	25,810	21,870	2,581E+1	2,581E+1	3,000E+3
520,169	25,260	22,030	2,526E+1	2,526E+1	3,000E+3
521,170	26,100	22,000	2,610E+1	2,610E+1	3,000E+3
522,169	26,070	21,930	2,607E+1	2,607E+1	3,000E+3
523,171	25,190	21,820	2,519E+1	2,519E+1	3,000E+3
525,171	25,920	22,000	2,563E+1	2,563E+1	3,000E+3
525,171	25,920	22,000	2,592E+1	2,592E+1	3,000E+3
526,171	25,190	21,910	2,519E+1	2,519E+1	3,000E+3
527,173	25,200	21,870	2,546E+1	2,546E+1	3,000E+3
528,173	25,280	21,820	2,520E+1	2,520E+1	3,000E+3
529,174	25,280	21,820	2,528E+1	2,528E+1	3,000E+3
530,174	25,620	21,900	2,562E+1	2,562E+1	3,000E+3
531,175	25,520	21,800	2,562E+1	2,562E+1	3,000E+3
532,176	26,060	21,900	2,552E+1	2,552E+1	3,000E+3
533,176	25,230	21,920	2,606E+1	2,606E+1	3,000E+3
534,176	25,870	21,830	2,523E+1	2,523E+1	3,000E+3
535,177	26,080	21,880	2,587E+1	2,189E+1	3,000E+3
536,177	26,080	21,880	2,608E+1	2,608E+1	3,000E+3
537,177	26,100	21,820	2,610E+1	2,610E+1	3,000E+3
538,178	25,900	21,840	2,590E+1	2,590E+1	3,000E+3
539,179	26,040	21,850	2,604E+1	2,604E+1	3,000E+3
540,181	26,020	21,870	2,602E+1	2,602E+1	3,000E+3
541,180	25,610	21,940	2,602E+1	2,188E+1	3,000E+3
542,180	25,610	21,940	2,561E+1	2,561E+1	3,000E+3
543,181	24,950	21,830	2,495E+1	2,495E+1	3,000E+3
544,181	26,100	21,940	2,610E+1	2,610E+1	3,000E+3
545,181	25,060	21,900	2,506E+1	2,506E+1	3,000E+3
546,181	25,580	21,870	2,558E+1	2,558E+1	3,000E+3
547,182	25,600	21,860	2,548E+1	2,548E+1	3,000E+3
548,184	25,600	21,860	2,560E+1	2,560E+1	3,000E+3
549,183	25,300	21,800	2,561E+1	2,561E+1	3,000E+3
550,183	25,300	21,800	2,530E+1	2,530E+1	3,000E+3
551,183	25,220	21,830	2,522E+1	2,522E+1	3,000E+3
552,183	25,990	21,830	2,599E+1	2,599E+1	3,000E+3
553,183	25,980	21,850	2,598E+1	2,598E+1	3,000E+3
554,183	25,620	21,820	2,598E+1	2,598E+1	3,000E+3
555,183	25,490	21,820	2,562E+1	2,562E+1	3,000E+3
556,183	25,360	21,890	2,549E+1	2,549E+1	3,000E+3
557,183	25,350	21,940	2,536E+1	2,536E+1	3,000E+3
558,184	25,620	21,780	2,535E+1	2,188E+1	3,000E+3
559,184	25,620	21,780	2,562E+1	2,562E+1	3,000E+3
560,184	25,270	21,870	2,562E+1	2,562E+1	3,000E+3
561,185	25,430	21,900	2,527E+1	2,527E+1	3,000E+3
562,185	25,570	21,830	2,543E+1	2,543E+1	3,000E+3
563,185	25,900	21,870	2,557E+1	2,557E+1	3,000E+3
564,186	25,980	21,870	2,590E+1	2,189E+1	3,000E+3
565,187	25,980	21,870	2,598E+1	2,598E+1	3,000E+3
566,186	25,950	21,890	2,598E+1	2,598E+1	3,000E+3
567,186	25,920	21,870	2,592E+1	2,592E+1	3,000E+3
568,186	24,870	21,890	2,592E+1	2,592E+1	3,000E+3
569,186	25,320	21,870	2,532E+1	2,532E+1	3,000E+3
570,188	25,900	21,880	2,532E+1	2,191E+1	3,000E+3
572,187	25,900	21,880	2,590E+1	2,590E+1	3,000E+3
572,187	25,280	21,880	2,528E+1	2,528E+1	3,000E+3
573,188	25,920	21,860	2,592E+1	2,592E+1	3,000E+3
574,189	25,940	21,900	2,594E+1	2,594E+1	3,000E+3
575,188	25,430	21,810	2,543E+1	2,543E+1	3,000E+3
576,188	25,360	21,830	2,552E+1	2,552E+1	3,000E+3
577,188	25,360	21,830	2,536E+1	2,536E+1	3,000E+3
578,188	25,790	21,860	2,578E+1	2,578E+1	3,000E+3
579,189	26,060	21,800	2,579E+1	2,579E+1	3,000E+3
580,188	24,440	21,780	2,606E+1	2,606E+1	3,000E+3
582,188	25,340	21,800	2,444E+1	2,182E+1	3,000E+3
582,188	25,340	21,800	2,534E+1	2,534E+1	3,000E+3
583,189	24,870	21,750	2,534E+1	2,534E+1	3,000E+3
584,190	25,550	21,810	2,487E+1	2,487E+1	3,000E+3
585,190	25,140	21,760	2,555E+1	2,555E+1	3,000E+3
586,190	25,230	21,830	2,514E+1	2,514E+1	3,000E+3
587,190	25,460	21,770	2,523E+1	2,181E+1	3,000E+3
588,190	25,460	21,770	2,546E+1	2,546E+1	3,000E+3
589,190	25,870	21,810	2,546E+1	2,546E+1	3,000E+3
590,191	25,510	21,780	2,551E+1	2,551E+1	3,000E+3
591,191	25,180	21,800	2,551E+1	2,551E+1	3,000E+3
592,191	25,030	21,660	2,503E+1	2,503E+1	3,000E+3
593,191	24,890	21,730	2,503E+1	2,178E+1	3,000E+3
594,192	24,890	21,730	2,489E+1	2,489E+1	3,000E+3
595,194	25,720	21,790	2,489E+1	2,489E+1	3,000E+3
596,193	25,880	21,740	2,588E+1	2,588E+1	3,000E+3
597,193	25,430	21,710	2,543E+1	2,543E+1	3,000E+3
598,193	25,390	21,800	2,539E+1	2,539E+1	3,000E+3
599,193	25,990	21,760	2,541E+1	2,541E+1	3,000E+3
600,194	25,990	21,760	2,599E+1	2,599E+1	3,000E+3
601,196	26,120	21,740	2,612E+1	2,612E+1	3,000E+3
602,197	26,090	21,750	2,609E+1	2,609E+1	3,000E+3
603,197	25,110	21,680	2,511E+1	2,511E+1	3,000E+3
604,196	25,960	21,820	2,596E+1	2,596E+1	3,000E+3
605,196	25,730	21,680	2,540E+1	2,540E+1	3,000E+3
606,197	25,730	21,760	2,573E+1	2,573E+1	3,000E+3
607,196	25,730	21,760	2,573E+1	2,573E+1	3,000E+3
608,196	24,940	21,630	2,532E+1	2,532E+1	3,000E+3
609,196	24,930	21,700	2,494E+1	2,494E+1	3,000E+3
610,197	24,930	21,700	2,493E+1	2,171E+1	3,000E+3
611,196	24,680	21,630	2,468E+1	2,468E+1	3,000E+3
612,197	25,090	21,750	2,509E+1	2,509E+1	3,000E+3
613,197	25,100	21,680	2,510E+1	2,510E+1	3,000E+3
614,198	26,080	21,710	2,608E+1	2,608E+1	3,000E+3
615,198	25,930	21,710	2,593E+1	2,593E+1	3,000E+3
616,198	25,400	21,690	2,593E+1	2,172E+1	3,000E+3
617,199	25,400	21,690	2,540E+1	2,540E+1	3,000E+3
618,200	26,130	21,730	2,613E+1	2,613E+1	3,000E+3
619,200	25,530	21,720	2,553E+1	2,553E+1	3,000E+3
620,200	24,750	21,700	2,475E+1	2,475E+1	3,000E+3
621,200	25,910	21,690	2,591E+1	2,591E+1	3,000E+3
622,201	26,360	21,730	2,562E+1	2,562E+1	3,000E+3
623,202	26,360	21,730	2,636E+1	2,636E+1	3,000E+3
625,204	25,320	21,670	2,532E+1	2,532E+1	3,000E+3
625,204	25,660	21,690	2,566E+1	2,566E+1	3,000E+3
626,203	25,700	21,590	2,592E+1	2,592E+1	3,000E+3
627,203	25,700	21,590	2,570E+1	2,570E+1	3,000E+3
628,203	25,790	21,660	2,579E+1	2,579E+1	3,000E+3
629,203	25,370	21,700	2,579E+1	2,579E+1	3,000E+3
630,203	25,530	21,670	2,537E+1	2,537E+1	3,000E+3
631,204	25,470	21,670	2,553E+1	2,553E+1	3,000E+3
632,204	25,230	21,700	2,547E+1	2,547E+1	3,000E+3
634,204	25,420	21,740	2,523E+1	2,171E+1	3,000E+3
634,204	25,420	21,740	2,542E+1	2,542E+1	3,000E+3
635,204	25,750	21,690	2,575E+1	2,575E+1	3,000E+3
637,206	25,830	21,610	2,583E+1	2,583E+1	3,000E+3
637,206	25,630	21,580	2,563E+1	2,563E+1	3,000E+3
638,206	25,730	21,660	2,573E+1	2,573E+1	3,000E+3
639,206	25,640	21,620	2,531E+1	2,531E+1	3,000E+3
640,206	25,640	21,620	2,564E+1	2,564E+1	3,000E+3
641,206	25,460	21,630	2,546E+1	2,546E+1	3,000E+3
642,206	25,410	21,610	2,541E+1	2,541E+1	3,000E+3
643,206	25,790	21,560	2,579E+1	2,579E+1	3,000E+3
644,207	25,570	21,610	2,557E+1	2,557E+1	3,000E+3
645,208	25,390	21,700	2,544E+1	2,544E+1	3,000E+3
647,207	25,390	21,700	2,539E+1	2,539E+1	3,000E+3
648,207	26,100	21,620	2,610E+1	2,610E+1	3,000E+3
648,207	24,980	21,560	2,498E+1	2,498E+1	3,000E+3
649,207	25,630	21,580	2,563E+1	2,563E+1	3,000E+3
651,208	25,770	21,620	2,577E+1	2,577E+1	3,000E+3
652,210	25,760	21,590	2,576E+1	2,576E+1	3,000E+3
652,210	24,990	21,610	2,576E+1	2,576E+1	3,000E+3
653,209	24,790	21,550	2,499E+1	2,499E+1	3,000E+3
654,210	24,960	21,670	2,479E+1	2,479E+1	3,000E+3
656,209	24,860	21,700	2,496E+1	2,496E+1	3,000E+3
657,211	24,970	21,520	2,486E+1	2,162E+1	3,000E+3
658,211	24,970	21,520	2,497E+1	2,497E+1	3,000E+3
659,211	25,690	21,560	2,569E+1	2,569E+1	3,000E+3
659,211	25,730	21,590	2,569E+1	2,569E+1	3,000E+3
661,212	25,630	21,520	2,573E+1	2,573E+1	3,000E+3
661,212	25,100	21,560	2,510E+1	2,510E+1	3,000E+3
662,212	24,900	21,600	2,510E+1	2,158E+1	3,000E+3
664,213	24,900	21,600	2,490E+1	2,490E+1	3,000E+3
665,215	25,490	21,540	2,549E+1	2,549E+1	3,000E+3
666,214	25,570	21,510	2,557E+1	2,557E+1	3,000E+3
666,214	25,760	21,560	2,576E+1	2,576E+1	3,000E+3
668,216	25,130	21,570	2,513E+1	2,513E+1	3,000E+3
669,215	24,790	21,550	2,519E+1	2,519E+1	3,000E+3
670,216	24,790	21,550	2,479E+1	2,479E+1	3,000E+3
670,216	25,330	21,630	2,533E+1	2,533E+1	3,000E+3
671,216	25,060	21,480	2,506E+1	2,506E+1	3,000E+3
672,216	25,760	21,580	2,576E+1	2,576E+1	3,000E+3
673,216	25,090	21,600	2,509E+1	2,509E+1	3,000E+3
675,217	24,810	21,580	2,523E+1	2,523E+1	3,000E+3
675,217	24,810	21,580	2,481E+1	2,481E+1	3,000E+3
677,217	25,530	21,520	2,553E+1	2,553E+1	3,000E+3
677,217	25,530	21,490	2,553E+1	2,553E+1	3,000E+3
678,218	25,580	21,550	2,558E+1	2,558E+1	3,000E+3
679,219	25,510	21,490	2,551E+1	2,551E+1	3,000E+3
680,219	25,900	21,530	2,590E+1	2,590E+1	3,000E+3
681,219	25,160	21,460	2,590E+1	2,590E+1	3,000E+3
682,219	24,800	21,490	2,516E+1	2,516E+1	3,000E+3
684,219	25,090	21,560	2,480E+1	2,480E+1	3,000E+3
684,219	25,610	21,490	2,509E+1	2,509E+1	3,000E+3
685,221	25,480	21,490	2,561E+1	2,152E+1	3,000E+3
686,220	25,480	21,490	2,548E+1	2,548E+1	3,000E+3
688,220	25,120	21,490	2,548E+1	2,548E+1	3,000E+3
688,220	25,180	21,470	2,512E+1	2,512E+1	3,000E+3
689,221	24,850	21,470	2,518E+1	2,518E+1	3,000E+3
690,222	25,120	21,500	2,485E+1	2,485E+1	3,000E+3
691,222	25,120	21,500	2,512E+1	2,149E+1	3,000E+3
693,223	25,320	21,460	2,532E+1	2,532E+1	3,000E+3
693,223	24,990	21,450	2,499E+1	2,499E+1	3,000E+3
694,225	24,570	21,520	2,457E+1	2,457E+1	3,000E+3
695,225	24,840	21,610	2,484E+1	2,484E+1	3,000E+3
696,226	24,860	21,460	2,486E+1	2,486E+1	3,000E+3
697,227	25,170	21,520	2,515E+1	2,515E+1	3,000E+3
698,227	25,170	21,520	2,517E+1	2,517E+1	3,000E+3
699,227	24,500	21,430	2,450E+1	2,450E+1	3,000E+3
700,227	25,080	21,470	2,508E+1	2,508E+1	3,000E+3
701,227	24,690	21,500	2,530E+1	2,530E+1	3,000E+3
702,227	24,690	21,500	2,469E+1	2,469E+1	3,000E+3
703,227	25,240	21,450	2,524E+1	2,524E+1	3,000E+3
