t	TP1 [ºC]	TP2 [ºC]	TP3 [ºC]	TP5 [ºC]	TP6 [ºC]	TP7 [ºC]	TP8 [ºC]	TP10 [ºC]	TP11 [ºC]	TP12 [ºC]	TP13 [ºC]	TP15 [ºC]
0,000	0,000	0,000	0,000E+0	0,000E+0	0,000E+0	0,000E+0	0,000E+0	0,000E+0	0,000E+0	0,000E+0	0,000E+0	0,000E+0
0,000	0,000	0,000	0,000E+0	0,000E+0	0,000E+0	0,000E+0	0,000E+0	0,000E+0	0,000E+0	0,000E+0	0,000E+0	0,000E+0
0,000	0,000	0,000	0,000E+0	0,000E+0	0,000E+0	0,000E+0	0,000E+0	0,000E+0	0,000E+0	0,000E+0	0,000E+0	0,000E+0
2,067	53,436	0,000	5,104E+1	5,221E+1	5,192E+1	4,760E+1	5,530E+1	5,619E+1	4,855E+1	5,235E+1	5,356E+1	4,405E+1
2,067	53,436	0,000	5,104E+1	5,221E+1	5,192E+1	4,760E+1	5,530E+1	5,619E+1	4,855E+1	5,235E+1	5,356E+1	4,405E+1
4,158	53,480	0,000	5,104E+1	5,222E+1	5,196E+1	4,755E+1	5,524E+1	5,616E+1	4,853E+1	5,236E+1	5,359E+1	4,407E+1
4,158	53,480	0,000	5,104E+1	5,222E+1	5,196E+1	4,755E+1	5,524E+1	5,616E+1	4,853E+1	5,236E+1	5,359E+1	4,407E+1
6,246	53,398	0,000	5,105E+1	5,223E+1	5,195E+1	4,753E+1	5,513E+1	5,606E+1	4,855E+1	5,235E+1	5,354E+1	4,405E+1
6,246	53,398	0,000	5,105E+1	5,223E+1	5,195E+1	4,753E+1	5,513E+1	5,606E+1	4,855E+1	5,235E+1	5,354E+1	4,405E+1
8,339	53,408	0,000	5,103E+1	5,219E+1	5,195E+1	4,756E+1	5,509E+1	5,609E+1	4,855E+1	5,230E+1	5,353E+1	4,405E+1
8,339	53,408	0,000	5,103E+1	5,219E+1	5,195E+1	4,756E+1	5,509E+1	5,609E+1	4,855E+1	5,230E+1	5,353E+1	4,405E+1
10,430	53,367	0,000	5,107E+1	5,218E+1	5,188E+1	4,755E+1	5,507E+1	5,603E+1	4,853E+1	5,229E+1	5,347E+1	4,407E+1
10,430	53,367	0,000	5,107E+1	5,218E+1	5,188E+1	4,755E+1	5,507E+1	5,603E+1	4,853E+1	5,229E+1	5,347E+1	4,407E+1
12,518	53,360	0,000	5,101E+1	5,216E+1	5,183E+1	4,752E+1	5,510E+1	5,613E+1	4,852E+1	5,231E+1	5,349E+1	4,404E+1
12,518	53,360	0,000	5,101E+1	5,216E+1	5,183E+1	4,752E+1	5,510E+1	5,613E+1	4,852E+1	5,231E+1	5,349E+1	4,404E+1
14,611	53,449	0,000	5,098E+1	5,216E+1	5,176E+1	4,749E+1	5,522E+1	5,619E+1	4,851E+1	5,234E+1	5,352E+1	4,407E+1
14,611	53,449	0,000	5,098E+1	5,216E+1	5,176E+1	4,749E+1	5,522E+1	5,619E+1	4,851E+1	5,234E+1	5,352E+1	4,407E+1
16,702	53,383	0,000	5,106E+1	5,215E+1	5,172E+1	4,752E+1	5,524E+1	5,611E+1	4,852E+1	5,235E+1	5,352E+1	4,412E+1
16,702	53,383	0,000	5,106E+1	5,215E+1	5,172E+1	4,752E+1	5,524E+1	5,611E+1	4,852E+1	5,235E+1	5,352E+1	4,412E+1
18,790	53,397	0,000	5,110E+1	5,219E+1	5,173E+1	4,751E+1	5,525E+1	5,612E+1	4,852E+1	5,235E+1	5,352E+1	4,408E+1
18,790	53,397	0,000	5,110E+1	5,219E+1	5,173E+1	4,751E+1	5,525E+1	5,612E+1	4,852E+1	5,235E+1	5,352E+1	4,408E+1
20,883	53,402	0,000	5,102E+1	5,217E+1	5,169E+1	4,752E+1	5,542E+1	5,625E+1	4,849E+1	5,237E+1	5,352E+1	4,409E+1
20,883	53,402	0,000	5,102E+1	5,217E+1	5,169E+1	4,752E+1	5,542E+1	5,625E+1	4,849E+1	5,237E+1	5,352E+1	4,409E+1
22,972	53,330	0,000	5,095E+1	5,213E+1	5,162E+1	4,751E+1	5,555E+1	5,630E+1	4,850E+1	5,232E+1	5,351E+1	4,402E+1
22,972	53,330	0,000	5,095E+1	5,213E+1	5,162E+1	4,751E+1	5,555E+1	5,630E+1	4,850E+1	5,232E+1	5,351E+1	4,402E+1
22,972	53,330	0,000	5,095E+1	5,213E+1	5,162E+1	4,751E+1	5,555E+1	5,630E+1	4,850E+1	5,232E+1	5,351E+1	4,402E+1
25,062	53,407	0,000	5,093E+1	5,209E+1	5,163E+1	4,747E+1	5,566E+1	5,630E+1	4,849E+1	5,234E+1	5,351E+1	4,403E+1
25,062	53,407	0,000	5,093E+1	5,209E+1	5,163E+1	4,747E+1	5,566E+1	5,630E+1	4,849E+1	5,234E+1	5,351E+1	4,403E+1
27,155	53,343	0,000	5,092E+1	5,209E+1	5,165E+1	4,751E+1	5,571E+1	5,634E+1	4,850E+1	5,230E+1	5,353E+1	4,407E+1
27,155	53,343	0,000	5,092E+1	5,209E+1	5,165E+1	4,751E+1	5,571E+1	5,634E+1	4,850E+1	5,230E+1	5,353E+1	4,407E+1
29,244	53,354	0,000	5,089E+1	5,208E+1	5,165E+1	4,749E+1	5,568E+1	5,628E+1	4,849E+1	5,235E+1	5,354E+1	4,408E+1
29,244	53,354	0,000	5,089E+1	5,208E+1	5,165E+1	4,749E+1	5,568E+1	5,628E+1	4,849E+1	5,235E+1	5,354E+1	4,408E+1
31,334	53,305	0,000	5,091E+1	5,211E+1	5,172E+1	4,751E+1	5,571E+1	5,633E+1	4,848E+1	5,233E+1	5,353E+1	4,402E+1
31,334	53,305	0,000	5,091E+1	5,211E+1	5,172E+1	4,751E+1	5,571E+1	5,633E+1	4,848E+1	5,233E+1	5,353E+1	4,402E+1
33,423	53,430	0,000	5,090E+1	5,211E+1	5,170E+1	4,741E+1	5,586E+1	5,648E+1	4,845E+1	5,232E+1	5,355E+1	4,393E+1
33,423	53,430	0,000	5,090E+1	5,211E+1	5,170E+1	4,741E+1	5,586E+1	5,648E+1	4,845E+1	5,232E+1	5,355E+1	4,393E+1
35,514	53,375	0,000	5,089E+1	5,206E+1	5,161E+1	4,741E+1	5,600E+1	5,659E+1	4,847E+1	5,233E+1	5,359E+1	4,398E+1
35,514	53,375	0,000	5,089E+1	5,206E+1	5,161E+1	4,741E+1	5,600E+1	5,659E+1	4,847E+1	5,233E+1	5,359E+1	4,398E+1
37,605	53,367	0,000	5,088E+1	5,204E+1	5,159E+1	4,741E+1	5,615E+1	5,672E+1	4,845E+1	5,236E+1	5,363E+1	4,395E+1
37,605	53,367	0,000	5,088E+1	5,204E+1	5,159E+1	4,741E+1	5,615E+1	5,672E+1	4,845E+1	5,236E+1	5,363E+1	4,395E+1
39,697	53,412	0,000	5,092E+1	5,206E+1	5,148E+1	4,744E+1	5,627E+1	5,666E+1	4,845E+1	5,235E+1	5,360E+1	4,395E+1
39,697	53,412	0,000	5,092E+1	5,206E+1	5,148E+1	4,744E+1	5,627E+1	5,666E+1	4,845E+1	5,235E+1	5,360E+1	4,395E+1
41,788	53,362	0,000	5,092E+1	5,201E+1	5,151E+1	4,742E+1	5,627E+1	5,666E+1	4,843E+1	5,228E+1	5,358E+1	4,399E+1
41,788	53,362	0,000	5,092E+1	5,201E+1	5,151E+1	4,742E+1	5,627E+1	5,666E+1	4,843E+1	5,228E+1	5,358E+1	4,399E+1
43,877	53,385	0,000	5,090E+1	5,201E+1	5,148E+1	4,741E+1	5,633E+1	5,673E+1	4,841E+1	5,228E+1	5,358E+1	4,395E+1
43,877	53,385	0,000	5,090E+1	5,201E+1	5,148E+1	4,741E+1	5,633E+1	5,673E+1	4,841E+1	5,228E+1	5,358E+1	4,395E+1
45,967	53,333	0,000	5,094E+1	5,204E+1	5,152E+1	4,743E+1	5,619E+1	5,669E+1	4,842E+1	5,229E+1	5,357E+1	4,397E+1
45,967	53,333	0,000	5,094E+1	5,204E+1	5,152E+1	4,743E+1	5,619E+1	5,669E+1	4,842E+1	5,229E+1	5,357E+1	4,397E+1
45,967	53,333	0,000	5,094E+1	5,204E+1	5,152E+1	4,743E+1	5,619E+1	5,669E+1	4,842E+1	5,229E+1	5,357E+1	4,397E+1
48,058	53,373	0,000	5,087E+1	5,204E+1	5,152E+1	4,743E+1	5,627E+1	5,673E+1	4,842E+1	5,230E+1	5,358E+1	4,398E+1
48,058	53,373	0,000	5,087E+1	5,204E+1	5,152E+1	4,743E+1	5,627E+1	5,673E+1	4,842E+1	5,230E+1	5,358E+1	4,398E+1
50,149	53,316	0,000	5,080E+1	5,201E+1	5,160E+1	4,743E+1	5,617E+1	5,670E+1	4,841E+1	5,227E+1	5,359E+1	4,398E+1
50,149	53,316	0,000	5,080E+1	5,201E+1	5,160E+1	4,743E+1	5,617E+1	5,670E+1	4,841E+1	5,227E+1	5,359E+1	4,398E+1
52,239	53,353	0,000	5,082E+1	5,200E+1	5,161E+1	4,742E+1	5,618E+1	5,677E+1	4,841E+1	5,232E+1	5,363E+1	4,402E+1
52,239	53,353	0,000	5,082E+1	5,200E+1	5,161E+1	4,742E+1	5,618E+1	5,677E+1	4,841E+1	5,232E+1	5,363E+1	4,402E+1
54,330	53,219	0,000	5,076E+1	5,201E+1	5,163E+1	4,743E+1	5,602E+1	5,669E+1	4,841E+1	5,231E+1	5,369E+1	4,397E+1
54,330	53,219	0,000	5,076E+1	5,201E+1	5,163E+1	4,743E+1	5,602E+1	5,669E+1	4,841E+1	5,231E+1	5,369E+1	4,397E+1
56,421	53,204	0,000	5,078E+1	5,204E+1	5,163E+1	4,740E+1	5,603E+1	5,675E+1	4,840E+1	5,231E+1	5,368E+1	4,391E+1
56,421	53,204	0,000	5,078E+1	5,204E+1	5,163E+1	4,740E+1	5,603E+1	5,675E+1	4,840E+1	5,231E+1	5,368E+1	4,391E+1
58,513	53,192	0,000	5,076E+1	5,198E+1	5,171E+1	4,740E+1	5,612E+1	5,690E+1	4,837E+1	5,225E+1	5,362E+1	4,391E+1
58,513	53,192	0,000	5,076E+1	5,198E+1	5,171E+1	4,740E+1	5,612E+1	5,690E+1	4,837E+1	5,225E+1	5,362E+1	4,391E+1
60,604	53,194	0,000	5,073E+1	5,201E+1	5,169E+1	4,738E+1	5,624E+1	5,694E+1	4,835E+1	5,226E+1	5,364E+1	4,380E+1
60,604	53,194	0,000	5,073E+1	5,201E+1	5,169E+1	4,738E+1	5,624E+1	5,694E+1	4,835E+1	5,226E+1	5,364E+1	4,380E+1
62,695	53,264	0,000	5,082E+1	5,201E+1	5,168E+1	4,741E+1	5,629E+1	5,699E+1	4,838E+1	5,219E+1	5,362E+1	4,385E+1
62,695	53,264	0,000	5,082E+1	5,201E+1	5,168E+1	4,741E+1	5,629E+1	5,699E+1	4,838E+1	5,219E+1	5,362E+1	4,385E+1
64,783	53,373	0,000	5,080E+1	5,199E+1	5,167E+1	4,742E+1	5,642E+1	5,710E+1	4,834E+1	5,212E+1	5,362E+1	4,387E+1
64,783	53,373	0,000	5,080E+1	5,199E+1	5,167E+1	4,742E+1	5,642E+1	5,710E+1	4,834E+1	5,212E+1	5,362E+1	4,387E+1
66,874	53,230	0,000	5,084E+1	5,196E+1	5,167E+1	4,742E+1	5,642E+1	5,711E+1	4,834E+1	5,212E+1	5,363E+1	4,390E+1
66,874	53,230	0,000	5,084E+1	5,196E+1	5,167E+1	4,742E+1	5,642E+1	5,711E+1	4,834E+1	5,212E+1	5,363E+1	4,390E+1
68,963	53,244	0,000	5,088E+1	5,198E+1	5,168E+1	4,741E+1	5,633E+1	5,706E+1	4,831E+1	5,214E+1	5,363E+1	4,386E+1
68,963	53,244	0,000	5,088E+1	5,198E+1	5,168E+1	4,741E+1	5,633E+1	5,706E+1	4,831E+1	5,214E+1	5,363E+1	4,386E+1
68,963	53,244	0,000	5,088E+1	5,198E+1	5,168E+1	4,741E+1	5,633E+1	5,706E+1	4,831E+1	5,214E+1	5,363E+1	4,386E+1
71,055	53,187	0,000	5,085E+1	5,198E+1	5,167E+1	4,734E+1	5,625E+1	5,706E+1	4,833E+1	5,217E+1	5,361E+1	4,382E+1
71,055	53,187	0,000	5,085E+1	5,198E+1	5,167E+1	4,734E+1	5,625E+1	5,706E+1	4,833E+1	5,217E+1	5,361E+1	4,382E+1
73,146	53,247	0,000	5,083E+1	5,200E+1	5,169E+1	4,726E+1	5,614E+1	5,705E+1	4,833E+1	5,223E+1	5,364E+1	4,374E+1
73,146	53,247	0,000	5,083E+1	5,200E+1	5,169E+1	4,726E+1	5,614E+1	5,705E+1	4,833E+1	5,223E+1	5,364E+1	4,374E+1
75,237	53,189	0,000	5,073E+1	5,199E+1	5,163E+1	4,720E+1	5,622E+1	5,711E+1	4,833E+1	5,226E+1	5,367E+1	4,366E+1
75,237	53,189	0,000	5,073E+1	5,199E+1	5,163E+1	4,720E+1	5,622E+1	5,711E+1	4,833E+1	5,226E+1	5,367E+1	4,366E+1
77,328	53,229	0,000	5,076E+1	5,195E+1	5,160E+1	4,723E+1	5,632E+1	5,726E+1	4,833E+1	5,229E+1	5,367E+1	4,378E+1
77,328	53,229	0,000	5,076E+1	5,195E+1	5,160E+1	4,723E+1	5,632E+1	5,726E+1	4,833E+1	5,229E+1	5,367E+1	4,378E+1
79,416	53,222	0,000	5,083E+1	5,195E+1	5,166E+1	4,723E+1	5,641E+1	5,728E+1	4,830E+1	5,226E+1	5,369E+1	4,373E+1
79,416	53,222	0,000	5,083E+1	5,195E+1	5,166E+1	4,723E+1	5,641E+1	5,728E+1	4,830E+1	5,226E+1	5,369E+1	4,373E+1
81,511	53,250	0,000	5,079E+1	5,191E+1	5,169E+1	4,723E+1	5,648E+1	5,741E+1	4,828E+1	5,230E+1	5,370E+1	4,369E+1
81,511	53,250	0,000	5,079E+1	5,191E+1	5,169E+1	4,723E+1	5,648E+1	5,741E+1	4,828E+1	5,230E+1	5,370E+1	4,369E+1
83,602	53,172	0,000	5,080E+1	5,193E+1	5,161E+1	4,727E+1	5,668E+1	5,747E+1	4,827E+1	5,227E+1	5,374E+1	4,363E+1
83,602	53,172	0,000	5,080E+1	5,193E+1	5,161E+1	4,727E+1	5,668E+1	5,747E+1	4,827E+1	5,227E+1	5,374E+1	4,363E+1
85,693	53,246	0,000	5,082E+1	5,192E+1	5,162E+1	4,723E+1	5,663E+1	5,744E+1	4,827E+1	5,224E+1	5,373E+1	4,362E+1
85,693	53,246	0,000	5,082E+1	5,192E+1	5,162E+1	4,723E+1	5,663E+1	5,744E+1	4,827E+1	5,224E+1	5,373E+1	4,362E+1
87,781	53,254	0,000	5,077E+1	5,197E+1	5,151E+1	4,723E+1	5,662E+1	5,746E+1	4,827E+1	5,227E+1	5,373E+1	4,367E+1
87,781	53,254	0,000	5,077E+1	5,197E+1	5,151E+1	4,723E+1	5,662E+1	5,746E+1	4,827E+1	5,227E+1	5,373E+1	4,367E+1
89,870	53,163	0,000	5,078E+1	5,195E+1	5,155E+1	4,723E+1	5,652E+1	5,740E+1	4,826E+1	5,225E+1	5,371E+1	4,367E+1
89,870	53,163	0,000	5,078E+1	5,195E+1	5,155E+1	4,723E+1	5,652E+1	5,740E+1	4,826E+1	5,225E+1	5,371E+1	4,367E+1
91,963	53,226	0,000	5,082E+1	5,193E+1	5,158E+1	4,720E+1	5,660E+1	5,747E+1	4,824E+1	5,225E+1	5,373E+1	4,364E+1
91,963	53,226	0,000	5,082E+1	5,193E+1	5,158E+1	4,720E+1	5,660E+1	5,747E+1	4,824E+1	5,225E+1	5,373E+1	4,364E+1
91,963	53,226	0,000	5,082E+1	5,193E+1	5,158E+1	4,720E+1	5,660E+1	5,747E+1	4,824E+1	5,225E+1	5,373E+1	4,364E+1
94,053	53,185	0,000	5,083E+1	5,197E+1	5,163E+1	4,722E+1	5,658E+1	5,755E+1	4,827E+1	5,226E+1	5,375E+1	4,368E+1
94,053	53,185	0,000	5,083E+1	5,197E+1	5,163E+1	4,722E+1	5,658E+1	5,755E+1	4,827E+1	5,226E+1	5,375E+1	4,368E+1
96,142	53,250	0,000	5,078E+1	5,193E+1	5,167E+1	4,721E+1	5,659E+1	5,756E+1	4,824E+1	5,226E+1	5,377E+1	4,362E+1
96,142	53,250	0,000	5,078E+1	5,193E+1	5,167E+1	4,721E+1	5,659E+1	5,756E+1	4,824E+1	5,226E+1	5,377E+1	4,362E+1
98,233	53,215	0,000	5,070E+1	5,188E+1	5,161E+1	4,721E+1	5,674E+1	5,766E+1	4,824E+1	5,225E+1	5,377E+1	4,357E+1
98,233	53,215	0,000	5,070E+1	5,188E+1	5,161E+1	4,721E+1	5,674E+1	5,766E+1	4,824E+1	5,225E+1	5,377E+1	4,357E+1
100,322	53,224	0,000	5,069E+1	5,186E+1	5,149E+1	4,721E+1	5,684E+1	5,770E+1	4,822E+1	5,216E+1	5,374E+1	4,358E+1
100,322	53,224	0,000	5,069E+1	5,186E+1	5,149E+1	4,721E+1	5,684E+1	5,770E+1	4,822E+1	5,216E+1	5,374E+1	4,358E+1
102,412	53,281	0,000	5,067E+1	5,185E+1	5,154E+1	4,721E+1	5,682E+1	5,766E+1	4,821E+1	5,218E+1	5,374E+1	4,363E+1
102,412	53,281	0,000	5,067E+1	5,185E+1	5,154E+1	4,721E+1	5,682E+1	5,766E+1	4,821E+1	5,218E+1	5,374E+1	4,363E+1
104,501	53,202	0,000	5,064E+1	5,186E+1	5,151E+1	4,718E+1	5,674E+1	5,765E+1	4,819E+1	5,227E+1	5,371E+1	4,355E+1
104,501	53,202	0,000	5,064E+1	5,186E+1	5,151E+1	4,718E+1	5,674E+1	5,765E+1	4,819E+1	5,227E+1	5,371E+1	4,355E+1
106,594	53,151	0,000	5,063E+1	5,185E+1	5,149E+1	4,715E+1	5,655E+1	5,759E+1	4,819E+1	5,228E+1	5,376E+1	4,363E+1
106,594	53,151	0,000	5,063E+1	5,185E+1	5,149E+1	4,715E+1	5,655E+1	5,759E+1	4,819E+1	5,228E+1	5,376E+1	4,363E+1
108,682	53,136	0,000	5,063E+1	5,189E+1	5,155E+1	4,715E+1	5,655E+1	5,769E+1	4,818E+1	5,224E+1	5,376E+1	4,358E+1
108,682	53,136	0,000	5,063E+1	5,189E+1	5,155E+1	4,715E+1	5,655E+1	5,769E+1	4,818E+1	5,224E+1	5,376E+1	4,358E+1
110,771	53,061	0,000	5,065E+1	5,186E+1	5,158E+1	4,712E+1	5,660E+1	5,769E+1	4,817E+1	5,216E+1	5,378E+1	4,357E+1
110,771	53,061	0,000	5,065E+1	5,186E+1	5,158E+1	4,712E+1	5,660E+1	5,769E+1	4,817E+1	5,216E+1	5,378E+1	4,357E+1
112,860	53,100	0,000	5,069E+1	5,184E+1	5,159E+1	4,714E+1	5,650E+1	5,764E+1	4,818E+1	5,215E+1	5,377E+1	4,347E+1
112,860	53,100	0,000	5,069E+1	5,184E+1	5,159E+1	4,714E+1	5,650E+1	5,764E+1	4,818E+1	5,215E+1	5,377E+1	4,347E+1
114,950	53,100	0,000	5,061E+1	5,188E+1	5,160E+1	4,713E+1	5,640E+1	5,757E+1	4,819E+1	5,217E+1	5,374E+1	4,345E+1
114,950	53,100	0,000	5,061E+1	5,188E+1	5,160E+1	4,713E+1	5,640E+1	5,757E+1	4,819E+1	5,217E+1	5,374E+1	4,345E+1
114,950	53,100	0,000	5,061E+1	5,188E+1	5,160E+1	4,713E+1	5,640E+1	5,757E+1	4,819E+1	5,217E+1	5,374E+1	4,345E+1
117,041	53,052	0,000	5,062E+1	5,188E+1	5,164E+1	4,709E+1	5,645E+1	5,767E+1	4,817E+1	5,219E+1	5,373E+1	4,336E+1
117,041	53,052	0,000	5,062E+1	5,188E+1	5,164E+1	4,709E+1	5,645E+1	5,767E+1	4,817E+1	5,219E+1	5,373E+1	4,336E+1
119,132	53,113	0,000	5,063E+1	5,182E+1	5,168E+1	4,707E+1	5,652E+1	5,776E+1	4,815E+1	5,217E+1	5,376E+1	4,336E+1
119,132	53,113	0,000	5,063E+1	5,182E+1	5,168E+1	4,707E+1	5,652E+1	5,776E+1	4,815E+1	5,217E+1	5,376E+1	4,336E+1
121,223	53,044	0,000	5,058E+1	5,178E+1	5,157E+1	4,706E+1	5,671E+1	5,784E+1	4,814E+1	5,215E+1	5,375E+1	4,342E+1
121,223	53,044	0,000	5,058E+1	5,178E+1	5,157E+1	4,706E+1	5,671E+1	5,784E+1	4,814E+1	5,215E+1	5,375E+1	4,342E+1
123,311	53,033	0,000	5,058E+1	5,176E+1	5,159E+1	4,709E+1	5,666E+1	5,781E+1	4,811E+1	5,212E+1	5,373E+1	4,342E+1
123,311	53,033	0,000	5,058E+1	5,176E+1	5,159E+1	4,709E+1	5,666E+1	5,781E+1	4,811E+1	5,212E+1	5,373E+1	4,342E+1
125,400	53,048	0,000	5,058E+1	5,179E+1	5,153E+1	4,705E+1	5,672E+1	5,784E+1	4,808E+1	5,219E+1	5,375E+1	4,335E+1
125,400	53,048	0,000	5,058E+1	5,179E+1	5,153E+1	4,705E+1	5,672E+1	5,784E+1	4,808E+1	5,219E+1	5,375E+1	4,335E+1
127,495	53,036	0,000	5,057E+1	5,176E+1	5,156E+1	4,703E+1	5,671E+1	5,790E+1	4,808E+1	5,214E+1	5,370E+1	4,334E+1
127,495	53,036	0,000	5,057E+1	5,176E+1	5,156E+1	4,703E+1	5,671E+1	5,790E+1	4,808E+1	5,214E+1	5,370E+1	4,334E+1
129,583	53,083	0,000	5,053E+1	5,172E+1	5,157E+1	4,705E+1	5,675E+1	5,791E+1	4,809E+1	5,214E+1	5,374E+1	4,339E+1
129,583	53,083	0,000	5,053E+1	5,172E+1	5,157E+1	4,705E+1	5,675E+1	5,791E+1	4,809E+1	5,214E+1	5,374E+1	4,339E+1
131,674	52,987	0,000	5,050E+1	5,173E+1	5,155E+1	4,705E+1	5,677E+1	5,799E+1	4,811E+1	5,215E+1	5,374E+1	4,332E+1
131,674	52,987	0,000	5,050E+1	5,173E+1	5,155E+1	4,705E+1	5,677E+1	5,799E+1	4,811E+1	5,215E+1	5,374E+1	4,332E+1
133,765	53,098	0,000	5,049E+1	5,172E+1	5,159E+1	4,707E+1	5,694E+1	5,807E+1	4,805E+1	5,216E+1	5,377E+1	4,337E+1
133,765	53,098	0,000	5,049E+1	5,172E+1	5,159E+1	4,707E+1	5,694E+1	5,807E+1	4,805E+1	5,216E+1	5,377E+1	4,337E+1
135,857	53,022	0,000	5,052E+1	5,170E+1	5,160E+1	4,707E+1	5,685E+1	5,805E+1	4,809E+1	5,214E+1	5,375E+1	4,334E+1
135,857	53,022	0,000	5,052E+1	5,170E+1	5,160E+1	4,707E+1	5,685E+1	5,805E+1	4,809E+1	5,214E+1	5,375E+1	4,334E+1
137,952	53,056	0,000	5,048E+1	5,176E+1	5,165E+1	4,698E+1	5,679E+1	5,808E+1	4,806E+1	5,218E+1	5,380E+1	4,332E+1
137,952	53,056	0,000	5,048E+1	5,176E+1	5,165E+1	4,698E+1	5,679E+1	5,808E+1	4,806E+1	5,218E+1	5,380E+1	4,332E+1
137,952	53,056	0,000	5,048E+1	5,176E+1	5,165E+1	4,698E+1	5,679E+1	5,808E+1	4,806E+1	5,218E+1	5,380E+1	4,332E+1
140,043	52,979	0,000	5,045E+1	5,170E+1	5,158E+1	4,698E+1	5,682E+1	5,815E+1	4,805E+1	5,220E+1	5,382E+1	4,328E+1
140,043	52,979	0,000	5,045E+1	5,170E+1	5,158E+1	4,698E+1	5,682E+1	5,815E+1	4,805E+1	5,220E+1	5,382E+1	4,328E+1
142,133	52,992	0,000	5,048E+1	5,172E+1	5,152E+1	4,700E+1	5,683E+1	5,812E+1	4,801E+1	5,219E+1	5,383E+1	4,330E+1
142,133	52,992	0,000	5,048E+1	5,172E+1	5,152E+1	4,700E+1	5,683E+1	5,812E+1	4,801E+1	5,219E+1	5,383E+1	4,330E+1
144,224	52,918	0,000	5,051E+1	5,169E+1	5,157E+1	4,705E+1	5,680E+1	5,814E+1	4,803E+1	5,215E+1	5,380E+1	4,328E+1
144,224	52,918	0,000	5,051E+1	5,169E+1	5,157E+1	4,705E+1	5,680E+1	5,814E+1	4,803E+1	5,215E+1	5,380E+1	4,328E+1
146,313	53,028	0,000	5,052E+1	5,167E+1	5,162E+1	4,699E+1	5,688E+1	5,822E+1	4,800E+1	5,218E+1	5,379E+1	4,327E+1
146,313	53,028	0,000	5,052E+1	5,167E+1	5,162E+1	4,699E+1	5,688E+1	5,822E+1	4,800E+1	5,218E+1	5,379E+1	4,327E+1
148,405	53,005	0,000	5,051E+1	5,173E+1	5,163E+1	4,699E+1	5,691E+1	5,823E+1	4,801E+1	5,225E+1	5,378E+1	4,314E+1
148,405	53,005	0,000	5,051E+1	5,173E+1	5,163E+1	4,699E+1	5,691E+1	5,823E+1	4,801E+1	5,225E+1	5,378E+1	4,314E+1
150,496	53,153	0,000	5,051E+1	5,172E+1	5,166E+1	4,700E+1	5,688E+1	5,818E+1	4,798E+1	5,222E+1	5,377E+1	4,317E+1
150,496	53,153	0,000	5,051E+1	5,172E+1	5,166E+1	4,700E+1	5,688E+1	5,818E+1	4,798E+1	5,222E+1	5,377E+1	4,317E+1
152,585	53,033	0,000	5,050E+1	5,169E+1	5,165E+1	4,698E+1	5,688E+1	5,818E+1	4,796E+1	5,220E+1	5,371E+1	4,315E+1
152,585	53,033	0,000	5,050E+1	5,169E+1	5,165E+1	4,698E+1	5,688E+1	5,818E+1	4,796E+1	5,220E+1	5,371E+1	4,315E+1
154,677	53,036	0,000	5,043E+1	5,168E+1	5,172E+1	4,693E+1	5,680E+1	5,821E+1	4,795E+1	5,220E+1	5,374E+1	4,314E+1
154,677	53,036	0,000	5,043E+1	5,168E+1	5,172E+1	4,693E+1	5,680E+1	5,821E+1	4,795E+1	5,220E+1	5,374E+1	4,314E+1
156,766	52,982	0,000	5,036E+1	5,167E+1	5,162E+1	4,695E+1	5,685E+1	5,825E+1	4,797E+1	5,229E+1	5,378E+1	4,309E+1
156,766	52,982	0,000	5,036E+1	5,167E+1	5,162E+1	4,695E+1	5,685E+1	5,825E+1	4,797E+1	5,229E+1	5,378E+1	4,309E+1
158,857	52,989	0,000	5,041E+1	5,163E+1	5,158E+1	4,691E+1	5,695E+1	5,832E+1	4,794E+1	5,231E+1	5,379E+1	4,304E+1
158,857	52,989	0,000	5,041E+1	5,163E+1	5,158E+1	4,691E+1	5,695E+1	5,832E+1	4,794E+1	5,231E+1	5,379E+1	4,304E+1
160,947	53,041	0,000	5,041E+1	5,163E+1	5,143E+1	4,690E+1	5,703E+1	5,831E+1	4,791E+1	5,231E+1	5,377E+1	4,311E+1
160,947	53,041	0,000	5,041E+1	5,163E+1	5,143E+1	4,690E+1	5,703E+1	5,831E+1	4,791E+1	5,231E+1	5,377E+1	4,311E+1
163,036	53,059	0,000	5,037E+1	5,158E+1	5,138E+1	4,694E+1	5,712E+1	5,841E+1	4,792E+1	5,225E+1	5,378E+1	4,312E+1
163,036	53,059	0,000	5,037E+1	5,158E+1	5,138E+1	4,694E+1	5,712E+1	5,841E+1	4,792E+1	5,225E+1	5,378E+1	4,312E+1
163,036	53,059	0,000	5,037E+1	5,158E+1	5,138E+1	4,694E+1	5,712E+1	5,841E+1	4,792E+1	5,225E+1	5,378E+1	4,312E+1
165,127	53,156	0,000	5,041E+1	5,157E+1	5,127E+1	4,692E+1	5,718E+1	5,851E+1	4,788E+1	5,214E+1	5,376E+1	4,313E+1
165,127	53,156	0,000	5,041E+1	5,157E+1	5,127E+1	4,692E+1	5,718E+1	5,851E+1	4,788E+1	5,214E+1	5,376E+1	4,313E+1
167,220	53,109	0,000	5,045E+1	5,157E+1	5,122E+1	4,696E+1	5,731E+1	5,867E+1	4,788E+1	5,209E+1	5,378E+1	4,315E+1
167,220	53,109	0,000	5,045E+1	5,157E+1	5,122E+1	4,696E+1	5,731E+1	5,867E+1	4,788E+1	5,209E+1	5,378E+1	4,315E+1
169,312	53,071	0,000	5,046E+1	5,156E+1	5,118E+1	4,692E+1	5,743E+1	5,861E+1	4,787E+1	5,207E+1	5,378E+1	4,312E+1
169,312	53,071	0,000	5,046E+1	5,156E+1	5,118E+1	4,692E+1	5,743E+1	5,861E+1	4,787E+1	5,207E+1	5,378E+1	4,312E+1
171,401	53,034	0,000	5,045E+1	5,156E+1	5,116E+1	4,691E+1	5,745E+1	5,862E+1	4,784E+1	5,208E+1	5,377E+1	4,315E+1
171,401	53,034	0,000	5,045E+1	5,156E+1	5,116E+1	4,691E+1	5,745E+1	5,862E+1	4,784E+1	5,208E+1	5,377E+1	4,315E+1
173,492	53,002	0,000	5,042E+1	5,159E+1	5,122E+1	4,689E+1	5,737E+1	5,851E+1	4,781E+1	5,206E+1	5,369E+1	4,315E+1
173,492	53,002	0,000	5,042E+1	5,159E+1	5,122E+1	4,689E+1	5,737E+1	5,851E+1	4,781E+1	5,206E+1	5,369E+1	4,315E+1
175,583	52,957	0,000	5,039E+1	5,159E+1	5,131E+1	4,691E+1	5,716E+1	5,845E+1	4,783E+1	5,208E+1	5,376E+1	4,315E+1
175,583	52,957	0,000	5,039E+1	5,159E+1	5,131E+1	4,691E+1	5,716E+1	5,845E+1	4,783E+1	5,208E+1	5,376E+1	4,315E+1
177,671	53,018	0,000	5,041E+1	5,161E+1	5,136E+1	4,690E+1	5,717E+1	5,840E+1	4,781E+1	5,212E+1	5,380E+1	4,314E+1
177,671	53,018	0,000	5,041E+1	5,161E+1	5,136E+1	4,690E+1	5,717E+1	5,840E+1	4,781E+1	5,212E+1	5,380E+1	4,314E+1
179,764	52,913	0,000	5,041E+1	5,164E+1	5,141E+1	4,687E+1	5,719E+1	5,846E+1	4,781E+1	5,212E+1	5,379E+1	4,311E+1
179,764	52,913	0,000	5,041E+1	5,164E+1	5,141E+1	4,687E+1	5,719E+1	5,846E+1	4,781E+1	5,212E+1	5,379E+1	4,311E+1
181,853	52,975	0,000	5,036E+1	5,163E+1	5,147E+1	4,687E+1	5,717E+1	5,850E+1	4,784E+1	5,214E+1	5,378E+1	4,313E+1
181,853	52,975	0,000	5,036E+1	5,163E+1	5,147E+1	4,687E+1	5,717E+1	5,850E+1	4,784E+1	5,214E+1	5,378E+1	4,313E+1
183,941	52,900	0,000	5,032E+1	5,159E+1	5,147E+1	4,688E+1	5,725E+1	5,851E+1	4,784E+1	5,223E+1	5,381E+1	4,309E+1
183,941	52,900	0,000	5,032E+1	5,159E+1	5,147E+1	4,688E+1	5,725E+1	5,851E+1	4,784E+1	5,223E+1	5,381E+1	4,309E+1
186,032	52,918	0,000	5,032E+1	5,156E+1	5,145E+1	4,688E+1	5,729E+1	5,854E+1	4,784E+1	5,223E+1	5,380E+1	4,306E+1
186,032	52,918	0,000	5,032E+1	5,156E+1	5,145E+1	4,688E+1	5,729E+1	5,854E+1	4,784E+1	5,223E+1	5,380E+1	4,306E+1
186,032	52,918	0,000	5,032E+1	5,156E+1	5,145E+1	4,688E+1	5,729E+1	5,854E+1	4,784E+1	5,223E+1	5,380E+1	4,306E+1
188,123	52,938	0,000	5,033E+1	5,153E+1	5,146E+1	4,686E+1	5,721E+1	5,850E+1	4,782E+1	5,224E+1	5,379E+1	4,302E+1
188,123	52,938	0,000	5,033E+1	5,153E+1	5,146E+1	4,686E+1	5,721E+1	5,850E+1	4,782E+1	5,224E+1	5,379E+1	4,302E+1
190,212	52,861	0,000	5,029E+1	5,151E+1	5,149E+1	4,684E+1	5,707E+1	5,838E+1	4,783E+1	5,214E+1	5,380E+1	4,299E+1
190,212	52,861	0,000	5,029E+1	5,151E+1	5,149E+1	4,684E+1	5,707E+1	5,838E+1	4,783E+1	5,214E+1	5,380E+1	4,299E+1
192,302	52,908	0,000	5,025E+1	5,149E+1	5,156E+1	4,680E+1	5,700E+1	5,841E+1	4,781E+1	5,210E+1	5,381E+1	4,295E+1
192,302	52,908	0,000	5,025E+1	5,149E+1	5,156E+1	4,680E+1	5,700E+1	5,841E+1	4,781E+1	5,210E+1	5,381E+1	4,295E+1
194,397	52,853	0,000	5,032E+1	5,150E+1	5,156E+1	4,682E+1	5,683E+1	5,835E+1	4,779E+1	5,210E+1	5,381E+1	4,294E+1
194,397	52,853	0,000	5,032E+1	5,150E+1	5,156E+1	4,682E+1	5,683E+1	5,835E+1	4,779E+1	5,210E+1	5,381E+1	4,294E+1
196,488	52,836	0,000	5,026E+1	5,154E+1	5,154E+1	4,679E+1	5,684E+1	5,833E+1	4,778E+1	5,219E+1	5,381E+1	4,286E+1
196,488	52,836	0,000	5,026E+1	5,154E+1	5,154E+1	4,679E+1	5,684E+1	5,833E+1	4,778E+1	5,219E+1	5,381E+1	4,286E+1
198,578	52,821	0,000	5,017E+1	5,148E+1	5,146E+1	4,680E+1	5,690E+1	5,845E+1	4,776E+1	5,220E+1	5,382E+1	4,285E+1
198,578	52,712	0,000	5,016E+1	5,147E+1	5,144E+1	4,681E+1	5,691E+1	5,844E+1	4,776E+1	5,220E+1	5,380E+1	4,283E+1
200,631	52,712	0,000	5,016E+1	5,147E+1	5,144E+1	4,681E+1	5,691E+1	5,844E+1	4,776E+1	5,220E+1	5,380E+1	4,283E+1
200,631	52,712	0,000	5,016E+1	5,147E+1	5,144E+1	4,681E+1	5,691E+1	5,844E+1	4,776E+1	5,220E+1	5,380E+1	4,283E+1
202,730	52,839	0,000	5,014E+1	5,143E+1	5,139E+1	4,681E+1	5,703E+1	5,847E+1	4,777E+1	5,222E+1	5,379E+1	4,284E+1
202,730	52,839	0,000	5,014E+1	5,143E+1	5,139E+1	4,681E+1	5,703E+1	5,847E+1	4,777E+1	5,222E+1	5,379E+1	4,284E+1
204,821	52,861	0,000	5,016E+1	5,145E+1	5,140E+1	4,676E+1	5,713E+1	5,856E+1	4,772E+1	5,223E+1	5,383E+1	4,276E+1
204,821	52,861	0,000	5,016E+1	5,145E+1	5,140E+1	4,676E+1	5,713E+1	5,856E+1	4,772E+1	5,223E+1	5,383E+1	4,276E+1
206,911	52,811	0,000	5,022E+1	5,145E+1	5,144E+1	4,672E+1	5,713E+1	5,860E+1	4,771E+1	5,217E+1	5,385E+1	4,280E+1
206,911	52,811	0,000	5,022E+1	5,145E+1	5,144E+1	4,672E+1	5,713E+1	5,860E+1	4,771E+1	5,217E+1	5,385E+1	4,280E+1
209,002	52,806	0,000	5,023E+1	5,148E+1	5,146E+1	4,668E+1	5,706E+1	5,857E+1	4,771E+1	5,215E+1	5,387E+1	4,285E+1
209,002	52,806	0,000	5,023E+1	5,148E+1	5,146E+1	4,668E+1	5,706E+1	5,857E+1	4,771E+1	5,215E+1	5,387E+1	4,285E+1
209,002	52,806	0,000	5,023E+1	5,148E+1	5,146E+1	4,668E+1	5,706E+1	5,857E+1	4,771E+1	5,215E+1	5,387E+1	4,285E+1
211,091	52,749	0,000	5,020E+1	5,148E+1	5,151E+1	4,668E+1	5,699E+1	5,856E+1	4,772E+1	5,216E+1	5,386E+1	4,286E+1
211,091	52,749	0,000	5,020E+1	5,148E+1	5,151E+1	4,668E+1	5,699E+1	5,856E+1	4,772E+1	5,216E+1	5,386E+1	4,286E+1
213,184	52,873	0,000	5,015E+1	5,144E+1	5,145E+1	4,668E+1	5,713E+1	5,862E+1	4,769E+1	5,219E+1	5,387E+1	4,287E+1
213,184	52,873	0,000	5,015E+1	5,144E+1	5,145E+1	4,668E+1	5,713E+1	5,862E+1	4,769E+1	5,219E+1	5,387E+1	4,287E+1
215,270	52,844	0,000	5,013E+1	5,143E+1	5,135E+1	4,670E+1	5,723E+1	5,865E+1	4,769E+1	5,217E+1	5,386E+1	4,286E+1
215,270	52,844	0,000	5,013E+1	5,143E+1	5,135E+1	4,670E+1	5,723E+1	5,865E+1	4,769E+1	5,217E+1	5,386E+1	4,286E+1
217,361	52,834	0,000	5,012E+1	5,143E+1	5,139E+1	4,669E+1	5,725E+1	5,865E+1	4,769E+1	5,209E+1	5,383E+1	4,279E+1
217,361	52,834	0,000	5,012E+1	5,143E+1	5,139E+1	4,669E+1	5,725E+1	5,865E+1	4,769E+1	5,209E+1	5,383E+1	4,279E+1
219,450	52,754	0,000	5,009E+1	5,140E+1	5,143E+1	4,671E+1	5,721E+1	5,866E+1	4,765E+1	5,208E+1	5,381E+1	4,278E+1
219,450	52,754	0,000	5,009E+1	5,140E+1	5,143E+1	4,671E+1	5,721E+1	5,866E+1	4,765E+1	5,208E+1	5,381E+1	4,278E+1
221,540	52,745	0,000	5,009E+1	5,135E+1	5,146E+1	4,667E+1	5,721E+1	5,861E+1	4,766E+1	5,201E+1	5,378E+1	4,275E+1
221,540	52,745	0,000	5,009E+1	5,135E+1	5,146E+1	4,667E+1	5,721E+1	5,861E+1	4,766E+1	5,201E+1	5,378E+1	4,275E+1
223,631	52,803	0,000	5,004E+1	5,133E+1	5,128E+1	4,665E+1	5,732E+1	5,868E+1	4,761E+1	5,203E+1	5,377E+1	4,280E+1
223,631	52,803	0,000	5,004E+1	5,133E+1	5,128E+1	4,665E+1	5,732E+1	5,868E+1	4,761E+1	5,203E+1	5,377E+1	4,280E+1
225,720	52,769	0,000	5,008E+1	5,132E+1	5,128E+1	4,665E+1	5,737E+1	5,874E+1	4,761E+1	5,204E+1	5,373E+1	4,279E+1
225,720	52,769	0,000	5,008E+1	5,132E+1	5,128E+1	4,665E+1	5,737E+1	5,874E+1	4,761E+1	5,204E+1	5,373E+1	4,279E+1
227,811	52,816	0,000	5,007E+1	5,136E+1	5,127E+1	4,663E+1	5,744E+1	5,879E+1	4,762E+1	5,210E+1	5,373E+1	4,275E+1
227,811	52,816	0,000	5,007E+1	5,136E+1	5,127E+1	4,663E+1	5,744E+1	5,879E+1	4,762E+1	5,210E+1	5,373E+1	4,275E+1
229,901	52,762	0,000	5,008E+1	5,129E+1	5,117E+1	4,662E+1	5,752E+1	5,887E+1	4,762E+1	5,211E+1	5,376E+1	4,277E+1
229,901	52,762	0,000	5,008E+1	5,129E+1	5,117E+1	4,662E+1	5,752E+1	5,887E+1	4,762E+1	5,211E+1	5,376E+1	4,277E+1
231,992	52,834	0,000	5,010E+1	5,129E+1	5,109E+1	4,657E+1	5,763E+1	5,887E+1	4,760E+1	5,213E+1	5,375E+1	4,277E+1
231,992	52,834	0,000	5,010E+1	5,129E+1	5,109E+1	4,657E+1	5,763E+1	5,887E+1	4,760E+1	5,213E+1	5,375E+1	4,277E+1
234,083	52,725	0,000	5,006E+1	5,135E+1	5,109E+1	4,659E+1	5,752E+1	5,882E+1	4,759E+1	5,217E+1	5,372E+1	4,271E+1
234,083	52,725	0,000	5,006E+1	5,135E+1	5,109E+1	4,659E+1	5,752E+1	5,882E+1	4,759E+1	5,217E+1	5,372E+1	4,271E+1
234,083	52,725	0,000	5,006E+1	5,135E+1	5,109E+1	4,659E+1	5,752E+1	5,882E+1	4,759E+1	5,217E+1	5,372E+1	4,271E+1
236,171	52,784	0,000	5,003E+1	5,133E+1	5,116E+1	4,658E+1	5,753E+1	5,881E+1	4,755E+1	5,213E+1	5,373E+1	4,264E+1
236,171	52,784	0,000	5,003E+1	5,133E+1	5,116E+1	4,658E+1	5,753E+1	5,881E+1	4,755E+1	5,213E+1	5,373E+1	4,264E+1
238,262	52,702	0,000	5,005E+1	5,133E+1	5,121E+1	4,656E+1	5,742E+1	5,875E+1	4,755E+1	5,210E+1	5,372E+1	4,269E+1
238,262	52,702	0,000	5,005E+1	5,133E+1	5,121E+1	4,656E+1	5,742E+1	5,875E+1	4,755E+1	5,210E+1	5,372E+1	4,269E+1
240,351	52,721	0,000	5,003E+1	5,129E+1	5,124E+1	4,653E+1	5,744E+1	5,882E+1	4,755E+1	5,209E+1	5,373E+1	4,264E+1
240,351	52,721	0,000	5,003E+1	5,129E+1	5,124E+1	4,653E+1	5,744E+1	5,882E+1	4,755E+1	5,209E+1	5,373E+1	4,264E+1
242,442	52,769	0,000	5,001E+1	5,130E+1	5,115E+1	4,651E+1	5,757E+1	5,894E+1	4,753E+1	5,212E+1	5,376E+1	4,256E+1
242,442	52,769	0,000	5,001E+1	5,130E+1	5,115E+1	4,651E+1	5,757E+1	5,894E+1	4,753E+1	5,212E+1	5,376E+1	4,256E+1
244,532	52,710	0,000	4,996E+1	5,130E+1	5,115E+1	4,657E+1	5,769E+1	5,905E+1	4,754E+1	5,207E+1	5,373E+1	4,263E+1
244,532	52,710	0,000	4,996E+1	5,130E+1	5,115E+1	4,657E+1	5,769E+1	5,905E+1	4,754E+1	5,207E+1	5,373E+1	4,263E+1
246,621	52,851	0,000	5,000E+1	5,128E+1	5,109E+1	4,654E+1	5,778E+1	5,907E+1	4,753E+1	5,201E+1	5,372E+1	4,264E+1
246,621	52,851	0,000	5,000E+1	5,128E+1	5,109E+1	4,654E+1	5,778E+1	5,907E+1	4,753E+1	5,201E+1	5,372E+1	4,264E+1
248,712	52,797	0,000	5,003E+1	5,129E+1	5,110E+1	4,656E+1	5,783E+1	5,916E+1	4,750E+1	5,201E+1	5,374E+1	4,270E+1
248,712	52,797	0,000	5,003E+1	5,129E+1	5,110E+1	4,656E+1	5,783E+1	5,916E+1	4,750E+1	5,201E+1	5,374E+1	4,270E+1
250,803	52,829	0,000	5,000E+1	5,125E+1	5,115E+1	4,653E+1	5,780E+1	5,910E+1	4,753E+1	5,203E+1	5,373E+1	4,271E+1
250,803	52,829	0,000	5,000E+1	5,125E+1	5,115E+1	4,653E+1	5,780E+1	5,910E+1	4,753E+1	5,203E+1	5,373E+1	4,271E+1
252,891	52,745	0,000	4,996E+1	5,127E+1	5,123E+1	4,652E+1	5,768E+1	5,895E+1	4,750E+1	5,195E+1	5,374E+1	4,266E+1
252,891	52,745	0,000	4,996E+1	5,127E+1	5,123E+1	4,652E+1	5,768E+1	5,895E+1	4,750E+1	5,195E+1	5,374E+1	4,266E+1
254,982	52,750	0,000	5,002E+1	5,127E+1	5,109E+1	4,650E+1	5,768E+1	5,899E+1	4,749E+1	5,194E+1	5,372E+1	4,261E+1
254,982	52,750	0,000	5,002E+1	5,127E+1	5,109E+1	4,650E+1	5,768E+1	5,899E+1	4,749E+1	5,194E+1	5,372E+1	4,261E+1
257,075	52,817	0,000	5,006E+1	5,125E+1	5,092E+1	4,652E+1	5,770E+1	5,899E+1	4,746E+1	5,187E+1	5,372E+1	4,262E+1
257,075	52,817	0,000	5,006E+1	5,125E+1	5,092E+1	4,652E+1	5,770E+1	5,899E+1	4,746E+1	5,187E+1	5,372E+1	4,262E+1
257,075	52,817	0,000	5,006E+1	5,125E+1	5,092E+1	4,652E+1	5,770E+1	5,899E+1	4,746E+1	5,187E+1	5,372E+1	4,262E+1
259,165	52,744	0,000	5,004E+1	5,126E+1	5,098E+1	4,652E+1	5,756E+1	5,893E+1	4,748E+1	5,186E+1	5,365E+1	4,263E+1
259,165	52,744	0,000	5,004E+1	5,126E+1	5,098E+1	4,652E+1	5,756E+1	5,893E+1	4,748E+1	5,186E+1	5,365E+1	4,263E+1
261,252	52,851	0,000	5,001E+1	5,120E+1	5,097E+1	4,647E+1	5,762E+1	5,908E+1	4,746E+1	5,193E+1	5,366E+1	4,260E+1
261,252	52,851	0,000	5,001E+1	5,120E+1	5,097E+1	4,647E+1	5,762E+1	5,908E+1	4,746E+1	5,193E+1	5,366E+1	4,260E+1
263,345	52,747	0,000	4,994E+1	5,120E+1	5,087E+1	4,648E+1	5,764E+1	5,907E+1	4,747E+1	5,201E+1	5,366E+1	4,260E+1
263,345	52,747	0,000	4,994E+1	5,120E+1	5,087E+1	4,648E+1	5,764E+1	5,907E+1	4,747E+1	5,201E+1	5,366E+1	4,260E+1
265,433	52,804	0,000	4,993E+1	5,118E+1	5,081E+1	4,652E+1	5,774E+1	5,911E+1	4,745E+1	5,199E+1	5,366E+1	4,264E+1
265,433	52,804	0,000	4,993E+1	5,118E+1	5,081E+1	4,652E+1	5,774E+1	5,911E+1	4,745E+1	5,199E+1	5,366E+1	4,264E+1
267,528	52,743	0,000	4,992E+1	5,117E+1	5,080E+1	4,649E+1	5,762E+1	5,897E+1	4,741E+1	5,195E+1	5,367E+1	4,264E+1
267,528	52,743	0,000	4,992E+1	5,117E+1	5,080E+1	4,649E+1	5,762E+1	5,897E+1	4,741E+1	5,195E+1	5,367E+1	4,264E+1
269,615	52,685	0,000	4,993E+1	5,116E+1	5,092E+1	4,644E+1	5,752E+1	5,888E+1	4,740E+1	5,195E+1	5,368E+1	4,256E+1
269,615	52,685	0,000	4,993E+1	5,116E+1	5,092E+1	4,644E+1	5,752E+1	5,888E+1	4,740E+1	5,195E+1	5,368E+1	4,256E+1
271,703	52,705	0,000	4,991E+1	5,118E+1	5,099E+1	4,641E+1	5,749E+1	5,886E+1	4,741E+1	5,194E+1	5,367E+1	4,252E+1
271,703	52,705	0,000	4,991E+1	5,118E+1	5,099E+1	4,641E+1	5,749E+1	5,886E+1	4,741E+1	5,194E+1	5,367E+1	4,252E+1
273,794	52,620	0,000	4,992E+1	5,116E+1	5,102E+1	4,639E+1	5,752E+1	5,888E+1	4,738E+1	5,196E+1	5,366E+1	4,241E+1
273,794	52,620	0,000	4,992E+1	5,116E+1	5,102E+1	4,639E+1	5,752E+1	5,888E+1	4,738E+1	5,196E+1	5,366E+1	4,241E+1
275,883	52,660	0,000	4,988E+1	5,112E+1	5,096E+1	4,637E+1	5,760E+1	5,892E+1	4,736E+1	5,187E+1	5,363E+1	4,237E+1
275,883	52,660	0,000	4,988E+1	5,112E+1	5,096E+1	4,637E+1	5,760E+1	5,892E+1	4,736E+1	5,187E+1	5,363E+1	4,237E+1
277,974	52,653	0,000	4,990E+1	5,112E+1	5,102E+1	4,636E+1	5,754E+1	5,887E+1	4,736E+1	5,190E+1	5,361E+1	4,237E+1
277,974	52,653	0,000	4,990E+1	5,112E+1	5,102E+1	4,636E+1	5,754E+1	5,887E+1	4,736E+1	5,190E+1	5,361E+1	4,237E+1
279,988	52,613	0,000	4,987E+1	5,115E+1	5,111E+1	4,635E+1	5,761E+1	5,891E+1	4,733E+1	5,194E+1	5,361E+1	4,235E+1
279,988	52,613	0,000	4,987E+1	5,115E+1	5,111E+1	4,635E+1	5,761E+1	5,891E+1	4,733E+1	5,194E+1	5,361E+1	4,235E+1
282,007	52,653	0,000	4,985E+1	5,112E+1	5,117E+1	4,635E+1	5,766E+1	5,899E+1	4,734E+1	5,192E+1	5,359E+1	4,230E+1
282,007	52,653	0,000	4,985E+1	5,112E+1	5,117E+1	4,635E+1	5,766E+1	5,899E+1	4,734E+1	5,192E+1	5,359E+1	4,230E+1
284,024	52,658	0,000	4,982E+1	5,111E+1	5,120E+1	4,633E+1	5,770E+1	5,904E+1	4,731E+1	5,193E+1	5,362E+1	4,233E+1
284,024	52,658	0,000	4,982E+1	5,111E+1	5,120E+1	4,633E+1	5,770E+1	5,904E+1	4,731E+1	5,193E+1	5,362E+1	4,233E+1
286,044	52,623	0,000	4,977E+1	5,110E+1	5,116E+1	4,635E+1	5,776E+1	5,905E+1	4,731E+1	5,195E+1	5,362E+1	4,230E+1
286,044	52,623	0,000	4,977E+1	5,110E+1	5,116E+1	4,635E+1	5,776E+1	5,905E+1	4,731E+1	5,195E+1	5,362E+1	4,230E+1
288,061	52,596	0,000	4,979E+1	5,111E+1	5,115E+1	4,630E+1	5,770E+1	5,899E+1	4,731E+1	5,199E+1	5,361E+1	4,229E+1
288,061	52,596	0,000	4,979E+1	5,111E+1	5,115E+1	4,630E+1	5,770E+1	5,899E+1	4,731E+1	5,199E+1	5,361E+1	4,229E+1
290,079	52,616	0,000	4,982E+1	5,113E+1	5,116E+1	4,635E+1	5,762E+1	5,896E+1	4,730E+1	5,197E+1	5,366E+1	4,230E+1
290,079	52,616	0,000	4,982E+1	5,113E+1	5,116E+1	4,635E+1	5,762E+1	5,896E+1	4,730E+1	5,197E+1	5,366E+1	4,230E+1
292,096	52,608	0,000	4,982E+1	5,111E+1	5,119E+1	4,628E+1	5,742E+1	5,890E+1	4,730E+1	5,198E+1	5,366E+1	4,214E+1
292,096	52,608	0,000	4,982E+1	5,111E+1	5,119E+1	4,628E+1	5,742E+1	5,890E+1	4,730E+1	5,198E+1	5,366E+1	4,214E+1
292,096	52,608	0,000	4,982E+1	5,111E+1	5,119E+1	4,628E+1	5,742E+1	5,890E+1	4,730E+1	5,198E+1	5,366E+1	4,214E+1
294,115	52,636	0,000	4,987E+1	5,113E+1	5,120E+1	4,626E+1	5,738E+1	5,895E+1	4,728E+1	5,197E+1	5,370E+1	4,208E+1
294,115	52,636	0,000	4,987E+1	5,113E+1	5,120E+1	4,626E+1	5,738E+1	5,895E+1	4,728E+1	5,197E+1	5,370E+1	4,208E+1
296,133	52,671	0,000	4,983E+1	5,109E+1	5,125E+1	4,627E+1	5,742E+1	5,905E+1	4,729E+1	5,197E+1	5,366E+1	4,209E+1
296,133	52,671	0,000	4,983E+1	5,109E+1	5,125E+1	4,627E+1	5,742E+1	5,905E+1	4,729E+1	5,197E+1	5,366E+1	4,209E+1
298,228	52,735	0,000	4,982E+1	5,106E+1	5,121E+1	4,625E+1	5,745E+1	5,906E+1	4,724E+1	5,194E+1	5,366E+1	4,212E+1
298,228	52,735	0,000	4,982E+1	5,106E+1	5,121E+1	4,625E+1	5,745E+1	5,906E+1	4,724E+1	5,194E+1	5,366E+1	4,212E+1
300,241	52,742	0,000	4,988E+1	5,103E+1	5,118E+1	4,626E+1	5,747E+1	5,906E+1	4,727E+1	5,188E+1	5,368E+1	4,219E+1
300,241	52,742	0,000	4,988E+1	5,103E+1	5,118E+1	4,626E+1	5,747E+1	5,906E+1	4,727E+1	5,188E+1	5,368E+1	4,219E+1
302,261	52,762	0,000	4,985E+1	5,102E+1	5,111E+1	4,624E+1	5,762E+1	5,911E+1	4,726E+1	5,187E+1	5,369E+1	4,210E+1
302,261	52,762	0,000	4,985E+1	5,102E+1	5,111E+1	4,624E+1	5,762E+1	5,911E+1	4,726E+1	5,187E+1	5,369E+1	4,210E+1
304,278	52,710	0,000	4,981E+1	5,103E+1	5,116E+1	4,624E+1	5,767E+1	5,906E+1	4,721E+1	5,183E+1	5,368E+1	4,213E+1
304,278	52,710	0,000	4,981E+1	5,103E+1	5,116E+1	4,624E+1	5,767E+1	5,906E+1	4,721E+1	5,183E+1	5,368E+1	4,213E+1
306,298	52,596	0,000	4,975E+1	5,102E+1	5,118E+1	4,623E+1	5,761E+1	5,902E+1	4,722E+1	5,181E+1	5,370E+1	4,209E+1
306,298	52,596	0,000	4,975E+1	5,102E+1	5,118E+1	4,623E+1	5,761E+1	5,902E+1	4,722E+1	5,181E+1	5,370E+1	4,209E+1
308,315	52,567	0,000	4,971E+1	5,098E+1	5,118E+1	4,622E+1	5,765E+1	5,903E+1	4,720E+1	5,190E+1	5,364E+1	4,210E+1
308,315	52,567	0,000	4,971E+1	5,098E+1	5,118E+1	4,622E+1	5,765E+1	5,903E+1	4,720E+1	5,190E+1	5,364E+1	4,210E+1
310,334	52,568	0,000	4,980E+1	5,100E+1	5,113E+1	4,619E+1	5,770E+1	5,909E+1	4,720E+1	5,197E+1	5,362E+1	4,208E+1
310,334	52,568	0,000	4,980E+1	5,100E+1	5,113E+1	4,619E+1	5,770E+1	5,909E+1	4,720E+1	5,197E+1	5,362E+1	4,208E+1
312,350	52,611	0,000	4,984E+1	5,100E+1	5,101E+1	4,618E+1	5,784E+1	5,910E+1	4,719E+1	5,188E+1	5,362E+1	4,207E+1
312,350	52,611	0,000	4,984E+1	5,100E+1	5,101E+1	4,618E+1	5,784E+1	5,910E+1	4,719E+1	5,188E+1	5,362E+1	4,207E+1
314,369	52,673	0,000	4,986E+1	5,100E+1	5,089E+1	4,618E+1	5,790E+1	5,917E+1	4,716E+1	5,181E+1	5,360E+1	4,210E+1
314,369	52,673	0,000	4,986E+1	5,100E+1	5,089E+1	4,618E+1	5,790E+1	5,917E+1	4,716E+1	5,181E+1	5,360E+1	4,210E+1
316,386	52,638	0,000	4,987E+1	5,099E+1	5,084E+1	4,617E+1	5,790E+1	5,919E+1	4,717E+1	5,178E+1	5,359E+1	4,212E+1
316,386	52,638	0,000	4,987E+1	5,099E+1	5,084E+1	4,617E+1	5,790E+1	5,919E+1	4,717E+1	5,178E+1	5,359E+1	4,212E+1
318,404	52,596	0,000	4,981E+1	5,098E+1	5,089E+1	4,617E+1	5,786E+1	5,920E+1	4,716E+1	5,177E+1	5,362E+1	4,203E+1
318,404	52,596	0,000	4,981E+1	5,098E+1	5,089E+1	4,617E+1	5,786E+1	5,920E+1	4,716E+1	5,177E+1	5,362E+1	4,203E+1
320,421	52,601	0,000	4,981E+1	5,100E+1	5,098E+1	4,610E+1	5,770E+1	5,913E+1	4,717E+1	5,180E+1	5,364E+1	4,201E+1
320,421	52,601	0,000	4,981E+1	5,100E+1	5,098E+1	4,610E+1	5,770E+1	5,913E+1	4,717E+1	5,180E+1	5,364E+1	4,201E+1
322,442	52,606	0,000	4,977E+1	5,097E+1	5,092E+1	4,610E+1	5,771E+1	5,913E+1	4,714E+1	5,180E+1	5,359E+1	4,201E+1
322,442	52,606	0,000	4,977E+1	5,097E+1	5,092E+1	4,610E+1	5,771E+1	5,913E+1	4,714E+1	5,180E+1	5,359E+1	4,201E+1
324,458	52,584	0,000	4,977E+1	5,100E+1	5,098E+1	4,605E+1	5,765E+1	5,913E+1	4,713E+1	5,185E+1	5,357E+1	4,197E+1
324,458	52,584	0,000	4,977E+1	5,100E+1	5,098E+1	4,605E+1	5,765E+1	5,913E+1	4,713E+1	5,185E+1	5,357E+1	4,197E+1
326,477	52,530	0,000	4,980E+1	5,101E+1	5,103E+1	4,599E+1	5,751E+1	5,908E+1	4,712E+1	5,188E+1	5,357E+1	4,196E+1
326,477	52,530	0,000	4,980E+1	5,101E+1	5,103E+1	4,599E+1	5,751E+1	5,908E+1	4,712E+1	5,188E+1	5,357E+1	4,196E+1
328,495	52,470	0,000	4,980E+1	5,105E+1	5,104E+1	4,602E+1	5,733E+1	5,894E+1	4,714E+1	5,192E+1	5,354E+1	4,199E+1
328,495	52,470	0,000	4,980E+1	5,105E+1	5,104E+1	4,602E+1	5,733E+1	5,894E+1	4,714E+1	5,192E+1	5,354E+1	4,199E+1
330,514	52,480	0,000	4,977E+1	5,105E+1	5,104E+1	4,601E+1	5,721E+1	5,889E+1	4,715E+1	5,196E+1	5,356E+1	4,195E+1
330,514	52,480	0,000	4,977E+1	5,105E+1	5,104E+1	4,601E+1	5,721E+1	5,889E+1	4,715E+1	5,196E+1	5,356E+1	4,195E+1
332,531	52,497	0,000	4,973E+1	5,105E+1	5,105E+1	4,603E+1	5,703E+1	5,878E+1	4,713E+1	5,193E+1	5,361E+1	4,193E+1
332,531	52,497	0,000	4,973E+1	5,105E+1	5,105E+1	4,603E+1	5,703E+1	5,878E+1	4,713E+1	5,193E+1	5,361E+1	4,193E+1
334,549	52,442	0,000	4,971E+1	5,103E+1	5,106E+1	4,605E+1	5,687E+1	5,868E+1	4,716E+1	5,190E+1	5,357E+1	4,192E+1
334,549	52,442	0,000	4,971E+1	5,103E+1	5,106E+1	4,605E+1	5,687E+1	5,868E+1	4,716E+1	5,190E+1	5,357E+1	4,192E+1
336,568	52,403	0,000	4,963E+1	5,100E+1	5,106E+1	4,607E+1	5,675E+1	5,868E+1	4,714E+1	5,192E+1	5,355E+1	4,184E+1
336,568	52,403	0,000	4,963E+1	5,100E+1	5,106E+1	4,607E+1	5,675E+1	5,868E+1	4,714E+1	5,192E+1	5,355E+1	4,184E+1
338,585	52,386	0,000	4,958E+1	5,096E+1	5,110E+1	4,606E+1	5,675E+1	5,866E+1	4,712E+1	5,187E+1	5,352E+1	4,178E+1
338,585	52,386	0,000	4,958E+1	5,096E+1	5,110E+1	4,606E+1	5,675E+1	5,866E+1	4,712E+1	5,187E+1	5,352E+1	4,178E+1
340,607	52,393	0,000	4,960E+1	5,093E+1	5,111E+1	4,608E+1	5,694E+1	5,883E+1	4,710E+1	5,191E+1	5,353E+1	4,179E+1
340,607	52,393	0,000	4,960E+1	5,093E+1	5,111E+1	4,608E+1	5,694E+1	5,883E+1	4,710E+1	5,191E+1	5,353E+1	4,179E+1
342,626	52,433	0,000	4,960E+1	5,094E+1	5,117E+1	4,608E+1	5,702E+1	5,887E+1	4,710E+1	5,193E+1	5,350E+1	4,178E+1
342,626	52,433	0,000	4,960E+1	5,094E+1	5,117E+1	4,608E+1	5,702E+1	5,887E+1	4,710E+1	5,193E+1	5,350E+1	4,178E+1
344,645	52,495	0,000	4,968E+1	5,098E+1	5,106E+1	4,605E+1	5,713E+1	5,895E+1	4,709E+1	5,195E+1	5,349E+1	4,177E+1
344,645	52,495	0,000	4,968E+1	5,098E+1	5,106E+1	4,605E+1	5,713E+1	5,895E+1	4,709E+1	5,195E+1	5,349E+1	4,177E+1
346,663	52,532	0,000	4,972E+1	5,095E+1	5,101E+1	4,606E+1	5,728E+1	5,899E+1	4,706E+1	5,189E+1	5,350E+1	4,183E+1
346,663	52,532	0,000	4,972E+1	5,095E+1	5,101E+1	4,606E+1	5,728E+1	5,899E+1	4,706E+1	5,189E+1	5,350E+1	4,183E+1
348,680	52,535	0,000	4,970E+1	5,095E+1	5,094E+1	4,603E+1	5,739E+1	5,909E+1	4,708E+1	5,185E+1	5,352E+1	4,184E+1
348,680	52,535	0,000	4,970E+1	5,095E+1	5,094E+1	4,603E+1	5,739E+1	5,909E+1	4,708E+1	5,185E+1	5,352E+1	4,184E+1
350,698	52,592	0,000	4,973E+1	5,094E+1	5,078E+1	4,604E+1	5,749E+1	5,907E+1	4,707E+1	5,182E+1	5,351E+1	4,190E+1
350,698	52,592	0,000	4,973E+1	5,094E+1	5,078E+1	4,604E+1	5,749E+1	5,907E+1	4,707E+1	5,182E+1	5,351E+1	4,190E+1
352,717	52,554	0,000	4,964E+1	5,093E+1	5,078E+1	4,599E+1	5,748E+1	5,909E+1	4,705E+1	5,180E+1	5,346E+1	4,180E+1
352,717	52,554	0,000	4,964E+1	5,093E+1	5,078E+1	4,599E+1	5,748E+1	5,909E+1	4,705E+1	5,180E+1	5,346E+1	4,180E+1
354,736	52,549	0,000	4,956E+1	5,086E+1	5,074E+1	4,600E+1	5,757E+1	5,917E+1	4,703E+1	5,176E+1	5,348E+1	4,191E+1
354,736	52,549	0,000	4,956E+1	5,086E+1	5,074E+1	4,600E+1	5,757E+1	5,917E+1	4,703E+1	5,176E+1	5,348E+1	4,191E+1
356,754	52,475	0,000	4,961E+1	5,085E+1	5,080E+1	4,598E+1	5,752E+1	5,902E+1	4,703E+1	5,168E+1	5,342E+1	4,187E+1
356,754	52,475	0,000	4,961E+1	5,085E+1	5,080E+1	4,598E+1	5,752E+1	5,902E+1	4,703E+1	5,168E+1	5,342E+1	4,187E+1
358,771	52,368	0,000	4,957E+1	5,090E+1	5,082E+1	4,603E+1	5,734E+1	5,891E+1	4,700E+1	5,163E+1	5,340E+1	4,186E+1
358,771	52,368	0,000	4,957E+1	5,090E+1	5,082E+1	4,603E+1	5,734E+1	5,891E+1	4,700E+1	5,163E+1	5,340E+1	4,186E+1
360,790	52,340	0,000	4,951E+1	5,086E+1	5,082E+1	4,601E+1	5,730E+1	5,898E+1	4,700E+1	5,169E+1	5,342E+1	4,181E+1
360,790	52,340	0,000	4,951E+1	5,086E+1	5,082E+1	4,601E+1	5,730E+1	5,898E+1	4,700E+1	5,169E+1	5,342E+1	4,181E+1
362,808	52,346	0,000	4,953E+1	5,085E+1	5,092E+1	4,598E+1	5,709E+1	5,888E+1	4,699E+1	5,176E+1	5,341E+1	4,181E+1
362,808	52,346	0,000	4,953E+1	5,085E+1	5,092E+1	4,598E+1	5,709E+1	5,888E+1	4,699E+1	5,176E+1	5,341E+1	4,181E+1
364,825	52,378	0,000	4,950E+1	5,086E+1	5,097E+1	4,598E+1	5,698E+1	5,883E+1	4,700E+1	5,175E+1	5,344E+1	4,170E+1
364,825	52,378	0,000	4,950E+1	5,086E+1	5,097E+1	4,598E+1	5,698E+1	5,883E+1	4,700E+1	5,175E+1	5,344E+1	4,170E+1
366,842	52,400	0,000	4,949E+1	5,084E+1	5,102E+1	4,598E+1	5,705E+1	5,889E+1	4,701E+1	5,173E+1	5,341E+1	4,175E+1
366,842	52,400	0,000	4,949E+1	5,084E+1	5,102E+1	4,598E+1	5,705E+1	5,889E+1	4,701E+1	5,173E+1	5,341E+1	4,175E+1
368,862	52,462	0,000	4,954E+1	5,082E+1	5,091E+1	4,594E+1	5,715E+1	5,897E+1	4,695E+1	5,175E+1	5,345E+1	4,173E+1
368,862	52,462	0,000	4,954E+1	5,082E+1	5,091E+1	4,594E+1	5,715E+1	5,897E+1	4,695E+1	5,175E+1	5,345E+1	4,173E+1
370,879	52,455	0,000	4,951E+1	5,077E+1	5,075E+1	4,591E+1	5,731E+1	5,916E+1	4,696E+1	5,177E+1	5,351E+1	4,180E+1
370,879	52,455	0,000	4,951E+1	5,077E+1	5,075E+1	4,591E+1	5,731E+1	5,916E+1	4,696E+1	5,177E+1	5,351E+1	4,180E+1
372,902	52,368	0,000	4,951E+1	5,079E+1	5,075E+1	4,592E+1	5,715E+1	5,899E+1	4,694E+1	5,180E+1	5,346E+1	4,179E+1
372,902	52,368	0,000	4,951E+1	5,079E+1	5,075E+1	4,592E+1	5,715E+1	5,899E+1	4,694E+1	5,180E+1	5,346E+1	4,179E+1
374,918	52,324	0,000	4,954E+1	5,082E+1	5,076E+1	4,589E+1	5,712E+1	5,887E+1	4,696E+1	5,177E+1	5,348E+1	4,172E+1
374,918	52,324	0,000	4,954E+1	5,082E+1	5,076E+1	4,589E+1	5,712E+1	5,887E+1	4,696E+1	5,177E+1	5,348E+1	4,172E+1
376,939	52,403	0,000	4,956E+1	5,081E+1	5,076E+1	4,587E+1	5,721E+1	5,896E+1	4,694E+1	5,173E+1	5,351E+1	4,178E+1
376,939	52,403	0,000	4,956E+1	5,081E+1	5,076E+1	4,587E+1	5,721E+1	5,896E+1	4,694E+1	5,173E+1	5,351E+1	4,178E+1
378,958	52,440	0,000	4,960E+1	5,079E+1	5,068E+1	4,588E+1	5,729E+1	5,901E+1	4,693E+1	5,166E+1	5,352E+1	4,172E+1
378,958	52,440	0,000	4,960E+1	5,079E+1	5,068E+1	4,588E+1	5,729E+1	5,901E+1	4,693E+1	5,166E+1	5,352E+1	4,172E+1
380,978	52,410	0,000	4,963E+1	5,081E+1	5,072E+1	4,586E+1	5,732E+1	5,902E+1	4,692E+1	5,166E+1	5,351E+1	4,173E+1
380,978	52,410	0,000	4,963E+1	5,081E+1	5,072E+1	4,586E+1	5,732E+1	5,902E+1	4,692E+1	5,166E+1	5,351E+1	4,173E+1
382,995	52,388	0,000	4,964E+1	5,083E+1	5,071E+1	4,583E+1	5,739E+1	5,904E+1	4,691E+1	5,171E+1	5,357E+1	4,174E+1
382,995	52,388	0,000	4,964E+1	5,083E+1	5,071E+1	4,583E+1	5,739E+1	5,904E+1	4,691E+1	5,171E+1	5,357E+1	4,174E+1
385,016	52,422	0,000	4,958E+1	5,075E+1	5,058E+1	4,586E+1	5,742E+1	5,906E+1	4,690E+1	5,167E+1	5,355E+1	4,182E+1
385,016	52,422	0,000	4,958E+1	5,075E+1	5,058E+1	4,586E+1	5,742E+1	5,906E+1	4,690E+1	5,167E+1	5,355E+1	4,182E+1
387,032	52,386	0,000	4,957E+1	5,077E+1	5,068E+1	4,586E+1	5,730E+1	5,891E+1	4,687E+1	5,168E+1	5,353E+1	4,178E+1
387,032	52,386	0,000	4,957E+1	5,077E+1	5,068E+1	4,586E+1	5,730E+1	5,891E+1	4,687E+1	5,168E+1	5,353E+1	4,178E+1
389,053	52,374	0,000	4,957E+1	5,075E+1	5,074E+1	4,584E+1	5,719E+1	5,883E+1	4,689E+1	5,162E+1	5,353E+1	4,164E+1
389,053	52,374	0,000	4,957E+1	5,075E+1	5,074E+1	4,584E+1	5,719E+1	5,883E+1	4,689E+1	5,162E+1	5,353E+1	4,164E+1
391,071	52,378	0,000	4,967E+1	5,076E+1	5,067E+1	4,579E+1	5,723E+1	5,890E+1	4,687E+1	5,161E+1	5,349E+1	4,168E+1
391,071	52,378	0,000	4,967E+1	5,076E+1	5,067E+1	4,579E+1	5,723E+1	5,890E+1	4,687E+1	5,161E+1	5,349E+1	4,168E+1
393,090	52,369	0,000	4,961E+1	5,080E+1	5,069E+1	4,577E+1	5,723E+1	5,898E+1	4,685E+1	5,160E+1	5,345E+1	4,176E+1
393,090	52,369	0,000	4,961E+1	5,080E+1	5,069E+1	4,577E+1	5,723E+1	5,898E+1	4,685E+1	5,160E+1	5,345E+1	4,176E+1
395,109	52,356	0,000	4,957E+1	5,078E+1	5,066E+1	4,577E+1	5,719E+1	5,897E+1	4,685E+1	5,166E+1	5,343E+1	4,179E+1
395,109	52,356	0,000	4,957E+1	5,078E+1	5,066E+1	4,577E+1	5,719E+1	5,897E+1	4,685E+1	5,166E+1	5,343E+1	4,179E+1
397,128	52,338	0,000	4,948E+1	5,074E+1	5,061E+1	4,581E+1	5,728E+1	5,903E+1	4,684E+1	5,169E+1	5,343E+1	4,173E+1
397,128	52,338	0,000	4,948E+1	5,074E+1	5,061E+1	4,581E+1	5,728E+1	5,903E+1	4,684E+1	5,169E+1	5,343E+1	4,173E+1
397,128	52,338	0,000	4,948E+1	5,074E+1	5,061E+1	4,581E+1	5,728E+1	5,903E+1	4,684E+1	5,169E+1	5,343E+1	4,173E+1
399,144	52,348	0,000	4,948E+1	5,073E+1	5,055E+1	4,577E+1	5,741E+1	5,909E+1	4,684E+1	5,168E+1	5,338E+1	4,161E+1
399,144	52,348	0,000	4,948E+1	5,073E+1	5,055E+1	4,577E+1	5,741E+1	5,909E+1	4,684E+1	5,168E+1	5,338E+1	4,161E+1
401,164	52,361	0,000	4,946E+1	5,069E+1	5,052E+1	4,573E+1	5,753E+1	5,916E+1	4,681E+1	5,161E+1	5,339E+1	4,161E+1
401,164	52,361	0,000	4,946E+1	5,069E+1	5,052E+1	4,573E+1	5,753E+1	5,916E+1	4,681E+1	5,161E+1	5,339E+1	4,161E+1
403,181	52,284	0,000	4,938E+1	5,068E+1	5,064E+1	4,576E+1	5,743E+1	5,903E+1	4,678E+1	5,166E+1	5,343E+1	4,161E+1
403,181	52,284	0,000	4,938E+1	5,068E+1	5,064E+1	4,576E+1	5,743E+1	5,903E+1	4,678E+1	5,166E+1	5,343E+1	4,161E+1
405,202	52,289	0,000	4,940E+1	5,071E+1	5,066E+1	4,573E+1	5,738E+1	5,904E+1	4,679E+1	5,170E+1	5,343E+1	4,163E+1
405,202	52,289	0,000	4,940E+1	5,071E+1	5,066E+1	4,573E+1	5,738E+1	5,904E+1	4,679E+1	5,170E+1	5,343E+1	4,163E+1
407,218	52,329	0,000	4,938E+1	5,071E+1	5,055E+1	4,572E+1	5,741E+1	5,899E+1	4,680E+1	5,173E+1	5,341E+1	4,154E+1
407,218	52,329	0,000	4,938E+1	5,071E+1	5,055E+1	4,572E+1	5,741E+1	5,899E+1	4,680E+1	5,173E+1	5,341E+1	4,154E+1
409,237	52,264	0,000	4,934E+1	5,068E+1	5,052E+1	4,571E+1	5,724E+1	5,880E+1	4,679E+1	5,170E+1	5,339E+1	4,156E+1
409,237	52,264	0,000	4,934E+1	5,068E+1	5,052E+1	4,571E+1	5,724E+1	5,880E+1	4,679E+1	5,170E+1	5,339E+1	4,156E+1
411,256	52,260	0,000	4,932E+1	5,069E+1	5,060E+1	4,569E+1	5,709E+1	5,875E+1	4,677E+1	5,169E+1	5,334E+1	4,151E+1
411,256	52,260	0,000	4,932E+1	5,069E+1	5,060E+1	4,569E+1	5,709E+1	5,875E+1	4,677E+1	5,169E+1	5,334E+1	4,151E+1
413,275	52,307	0,000	4,933E+1	5,067E+1	5,065E+1	4,570E+1	5,709E+1	5,888E+1	4,677E+1	5,167E+1	5,336E+1	4,156E+1
413,275	52,307	0,000	4,933E+1	5,067E+1	5,065E+1	4,570E+1	5,709E+1	5,888E+1	4,677E+1	5,167E+1	5,336E+1	4,156E+1
415,293	52,237	0,000	4,932E+1	5,065E+1	5,078E+1	4,569E+1	5,704E+1	5,887E+1	4,675E+1	5,170E+1	5,335E+1	4,153E+1
415,293	52,237	0,000	4,932E+1	5,065E+1	5,078E+1	4,569E+1	5,704E+1	5,887E+1	4,675E+1	5,170E+1	5,335E+1	4,153E+1
417,310	52,175	0,000	4,928E+1	5,069E+1	5,084E+1	4,570E+1	5,685E+1	5,872E+1	4,674E+1	5,170E+1	5,334E+1	4,147E+1
417,310	52,175	0,000	4,928E+1	5,069E+1	5,084E+1	4,570E+1	5,685E+1	5,872E+1	4,674E+1	5,170E+1	5,334E+1	4,147E+1
419,330	52,232	0,000	4,933E+1	5,068E+1	5,079E+1	4,570E+1	5,687E+1	5,872E+1	4,673E+1	5,169E+1	5,335E+1	4,138E+1
419,330	52,232	0,000	4,933E+1	5,068E+1	5,079E+1	4,570E+1	5,687E+1	5,872E+1	4,673E+1	5,169E+1	5,335E+1	4,138E+1
421,349	52,197	0,000	4,933E+1	5,067E+1	5,080E+1	4,564E+1	5,695E+1	5,877E+1	4,673E+1	5,163E+1	5,332E+1	4,132E+1
421,349	52,197	0,000	4,933E+1	5,067E+1	5,080E+1	4,564E+1	5,695E+1	5,877E+1	4,673E+1	5,163E+1	5,332E+1	4,132E+1
423,366	52,206	0,000	4,927E+1	5,064E+1	5,080E+1	4,567E+1	5,709E+1	5,892E+1	4,676E+1	5,156E+1	5,331E+1	4,140E+1
423,366	52,206	0,000	4,927E+1	5,064E+1	5,080E+1	4,567E+1	5,709E+1	5,892E+1	4,676E+1	5,156E+1	5,331E+1	4,140E+1
425,382	52,194	0,000	4,926E+1	5,061E+1	5,083E+1	4,569E+1	5,718E+1	5,894E+1	4,674E+1	5,155E+1	5,320E+1	4,134E+1
425,382	52,194	0,000	4,926E+1	5,061E+1	5,083E+1	4,569E+1	5,718E+1	5,894E+1	4,674E+1	5,155E+1	5,320E+1	4,134E+1
427,401	52,219	0,000	4,931E+1	5,061E+1	5,073E+1	4,563E+1	5,728E+1	5,893E+1	4,670E+1	5,154E+1	5,321E+1	4,133E+1
427,401	52,219	0,000	4,931E+1	5,061E+1	5,073E+1	4,563E+1	5,728E+1	5,893E+1	4,670E+1	5,154E+1	5,321E+1	4,133E+1
429,419	52,266	0,000	4,935E+1	5,058E+1	5,059E+1	4,562E+1	5,737E+1	5,896E+1	4,671E+1	5,157E+1	5,326E+1	4,140E+1
429,419	52,266	0,000	4,935E+1	5,058E+1	5,059E+1	4,562E+1	5,737E+1	5,896E+1	4,671E+1	5,157E+1	5,326E+1	4,140E+1
431,438	52,259	0,000	4,929E+1	5,058E+1	5,062E+1	4,561E+1	5,727E+1	5,900E+1	4,669E+1	5,159E+1	5,330E+1	4,135E+1
431,438	52,259	0,000	4,929E+1	5,058E+1	5,062E+1	4,561E+1	5,727E+1	5,900E+1	4,669E+1	5,159E+1	5,330E+1	4,135E+1
433,455	52,265	0,000	4,928E+1	5,058E+1	5,067E+1	4,564E+1	5,737E+1	5,910E+1	4,668E+1	5,164E+1	5,336E+1	4,131E+1
433,455	52,265	0,000	4,928E+1	5,058E+1	5,067E+1	4,564E+1	5,737E+1	5,910E+1	4,668E+1	5,164E+1	5,336E+1	4,131E+1
435,473	52,284	0,000	4,923E+1	5,056E+1	5,067E+1	4,563E+1	5,748E+1	5,919E+1	4,668E+1	5,163E+1	5,336E+1	4,131E+1
435,473	52,284	0,000	4,923E+1	5,056E+1	5,067E+1	4,563E+1	5,748E+1	5,919E+1	4,668E+1	5,163E+1	5,336E+1	4,131E+1
437,490	52,329	0,000	4,924E+1	5,051E+1	5,058E+1	4,565E+1	5,751E+1	5,919E+1	4,665E+1	5,152E+1	5,332E+1	4,142E+1
437,490	52,329	0,000	4,924E+1	5,051E+1	5,058E+1	4,565E+1	5,751E+1	5,919E+1	4,665E+1	5,152E+1	5,332E+1	4,142E+1
439,509	52,274	0,000	4,925E+1	5,053E+1	5,059E+1	4,564E+1	5,759E+1	5,922E+1	4,663E+1	5,149E+1	5,327E+1	4,143E+1
439,509	52,274	0,000	4,925E+1	5,053E+1	5,059E+1	4,564E+1	5,759E+1	5,922E+1	4,663E+1	5,149E+1	5,327E+1	4,143E+1
441,526	52,230	0,000	4,926E+1	5,052E+1	5,056E+1	4,559E+1	5,759E+1	5,922E+1	4,661E+1	5,153E+1	5,332E+1	4,141E+1
441,526	52,230	0,000	4,926E+1	5,052E+1	5,056E+1	4,559E+1	5,759E+1	5,922E+1	4,661E+1	5,153E+1	5,332E+1	4,141E+1
443,546	52,210	0,000	4,929E+1	5,053E+1	5,045E+1	4,560E+1	5,763E+1	5,920E+1	4,663E+1	5,153E+1	5,330E+1	4,141E+1
443,546	52,210	0,000	4,929E+1	5,053E+1	5,045E+1	4,560E+1	5,763E+1	5,920E+1	4,663E+1	5,153E+1	5,330E+1	4,141E+1
445,563	52,222	0,000	4,931E+1	5,052E+1	5,029E+1	4,561E+1	5,771E+1	5,909E+1	4,658E+1	5,141E+1	5,329E+1	4,145E+1
445,563	52,222	0,000	4,931E+1	5,052E+1	5,029E+1	4,561E+1	5,771E+1	5,909E+1	4,658E+1	5,141E+1	5,329E+1	4,145E+1
447,581	52,219	0,000	4,930E+1	5,054E+1	5,030E+1	4,563E+1	5,770E+1	5,908E+1	4,661E+1	5,139E+1	5,325E+1	4,148E+1
447,581	52,219	0,000	4,930E+1	5,054E+1	5,030E+1	4,563E+1	5,770E+1	5,908E+1	4,661E+1	5,139E+1	5,325E+1	4,148E+1
449,600	52,217	0,000	4,924E+1	5,049E+1	5,034E+1	4,565E+1	5,770E+1	5,911E+1	4,660E+1	5,143E+1	5,320E+1	4,149E+1
449,600	52,217	0,000	4,924E+1	5,049E+1	5,034E+1	4,565E+1	5,770E+1	5,911E+1	4,660E+1	5,143E+1	5,320E+1	4,149E+1
451,619	52,149	0,000	4,928E+1	5,047E+1	5,027E+1	4,566E+1	5,770E+1	5,917E+1	4,661E+1	5,147E+1	5,322E+1	4,153E+1
451,619	52,149	0,000	4,928E+1	5,047E+1	5,027E+1	4,566E+1	5,770E+1	5,917E+1	4,661E+1	5,147E+1	5,322E+1	4,153E+1
453,635	52,135	0,000	4,937E+1	5,048E+1	5,029E+1	4,564E+1	5,772E+1	5,912E+1	4,660E+1	5,149E+1	5,320E+1	4,152E+1
453,635	52,135	0,000	4,937E+1	5,048E+1	5,029E+1	4,564E+1	5,772E+1	5,912E+1	4,660E+1	5,149E+1	5,320E+1	4,152E+1
455,654	52,212	0,000	4,940E+1	5,049E+1	5,026E+1	4,563E+1	5,759E+1	5,907E+1	4,660E+1	5,146E+1	5,320E+1	4,146E+1
455,654	52,212	0,000	4,940E+1	5,049E+1	5,026E+1	4,563E+1	5,759E+1	5,907E+1	4,660E+1	5,146E+1	5,320E+1	4,146E+1
457,671	52,148	0,000	4,938E+1	5,051E+1	5,038E+1	4,562E+1	5,756E+1	5,908E+1	4,659E+1	5,143E+1	5,319E+1	4,142E+1
457,671	52,148	0,000	4,938E+1	5,051E+1	5,038E+1	4,562E+1	5,756E+1	5,908E+1	4,659E+1	5,143E+1	5,319E+1	4,142E+1
459,691	52,227	0,000	4,934E+1	5,052E+1	5,045E+1	4,556E+1	5,751E+1	5,906E+1	4,658E+1	5,144E+1	5,323E+1	4,134E+1
459,691	52,227	0,000	4,934E+1	5,052E+1	5,045E+1	4,556E+1	5,751E+1	5,906E+1	4,658E+1	5,144E+1	5,323E+1	4,134E+1
461,708	52,269	0,000	4,928E+1	5,050E+1	5,044E+1	4,555E+1	5,753E+1	5,906E+1	4,656E+1	5,140E+1	5,322E+1	4,130E+1
461,708	52,269	0,000	4,928E+1	5,050E+1	5,044E+1	4,555E+1	5,753E+1	5,906E+1	4,656E+1	5,140E+1	5,322E+1	4,130E+1
463,729	52,187	0,000	4,921E+1	5,045E+1	5,051E+1	4,553E+1	5,753E+1	5,914E+1	4,655E+1	5,139E+1	5,317E+1	4,128E+1
463,729	52,187	0,000	4,921E+1	5,045E+1	5,051E+1	4,553E+1	5,753E+1	5,914E+1	4,655E+1	5,139E+1	5,317E+1	4,128E+1
465,746	52,167	0,000	4,912E+1	5,042E+1	5,055E+1	4,550E+1	5,756E+1	5,912E+1	4,652E+1	5,140E+1	5,317E+1	4,124E+1
465,746	52,167	0,000	4,912E+1	5,042E+1	5,055E+1	4,550E+1	5,756E+1	5,912E+1	4,652E+1	5,140E+1	5,317E+1	4,124E+1
467,764	52,098	0,000	4,915E+1	5,045E+1	5,058E+1	4,552E+1	5,740E+1	5,902E+1	4,654E+1	5,143E+1	5,314E+1	4,122E+1
467,764	52,098	0,000	4,915E+1	5,045E+1	5,058E+1	4,552E+1	5,740E+1	5,902E+1	4,654E+1	5,143E+1	5,314E+1	4,122E+1
469,783	52,053	0,000	4,925E+1	5,048E+1	5,062E+1	4,552E+1	5,726E+1	5,891E+1	4,652E+1	5,145E+1	5,315E+1	4,120E+1
469,783	52,053	0,000	4,925E+1	5,048E+1	5,062E+1	4,552E+1	5,726E+1	5,891E+1	4,652E+1	5,145E+1	5,315E+1	4,120E+1
471,803	52,030	0,000	4,922E+1	5,046E+1	5,068E+1	4,548E+1	5,714E+1	5,875E+1	4,653E+1	5,143E+1	5,311E+1	4,117E+1
471,803	52,030	0,000	4,922E+1	5,046E+1	5,068E+1	4,548E+1	5,714E+1	5,875E+1	4,653E+1	5,143E+1	5,311E+1	4,117E+1
473,820	52,025	0,000	4,921E+1	5,049E+1	5,072E+1	4,548E+1	5,707E+1	5,872E+1	4,652E+1	5,144E+1	5,312E+1	4,115E+1
473,820	52,025	0,000	4,921E+1	5,049E+1	5,072E+1	4,548E+1	5,707E+1	5,872E+1	4,652E+1	5,144E+1	5,312E+1	4,115E+1
475,841	52,045	0,000	4,920E+1	5,047E+1	5,077E+1	4,545E+1	5,698E+1	5,877E+1	4,652E+1	5,143E+1	5,314E+1	4,106E+1
475,841	52,045	0,000	4,920E+1	5,047E+1	5,077E+1	4,545E+1	5,698E+1	5,877E+1	4,652E+1	5,143E+1	5,314E+1	4,106E+1
477,857	52,032	0,000	4,917E+1	5,042E+1	5,078E+1	4,544E+1	5,680E+1	5,866E+1	4,651E+1	5,145E+1	5,317E+1	4,096E+1
477,857	52,032	0,000	4,917E+1	5,042E+1	5,078E+1	4,544E+1	5,680E+1	5,866E+1	4,651E+1	5,145E+1	5,317E+1	4,096E+1
479,876	52,053	0,000	4,924E+1	5,047E+1	5,085E+1	4,542E+1	5,679E+1	5,864E+1	4,650E+1	5,142E+1	5,317E+1	4,098E+1
479,876	52,053	0,000	4,924E+1	5,047E+1	5,085E+1	4,542E+1	5,679E+1	5,864E+1	4,650E+1	5,142E+1	5,317E+1	4,098E+1
481,893	52,075	0,000	4,920E+1	5,047E+1	5,092E+1	4,538E+1	5,672E+1	5,862E+1	4,652E+1	5,144E+1	5,317E+1	4,097E+1
481,893	52,075	0,000	4,920E+1	5,047E+1	5,092E+1	4,538E+1	5,672E+1	5,862E+1	4,652E+1	5,144E+1	5,317E+1	4,097E+1
483,909	52,130	0,000	4,920E+1	5,042E+1	5,073E+1	4,541E+1	5,679E+1	5,869E+1	4,650E+1	5,145E+1	5,319E+1	4,108E+1
483,909	52,130	0,000	4,920E+1	5,042E+1	5,073E+1	4,541E+1	5,679E+1	5,869E+1	4,650E+1	5,145E+1	5,319E+1	4,108E+1
485,928	52,165	0,000	4,925E+1	5,043E+1	5,060E+1	4,543E+1	5,676E+1	5,868E+1	4,647E+1	5,147E+1	5,319E+1	4,119E+1
485,928	52,165	0,000	4,925E+1	5,043E+1	5,060E+1	4,543E+1	5,676E+1	5,868E+1	4,647E+1	5,147E+1	5,319E+1	4,119E+1
487,947	52,140	0,000	4,918E+1	5,045E+1	5,057E+1	4,542E+1	5,678E+1	5,877E+1	4,645E+1	5,154E+1	5,319E+1	4,112E+1
487,947	52,140	0,000	4,918E+1	5,045E+1	5,057E+1	4,542E+1	5,678E+1	5,877E+1	4,645E+1	5,154E+1	5,319E+1	4,112E+1
489,965	52,081	0,000	4,913E+1	5,043E+1	5,041E+1	4,543E+1	5,689E+1	5,884E+1	4,645E+1	5,148E+1	5,316E+1	4,115E+1
489,965	52,081	0,000	4,913E+1	5,043E+1	5,041E+1	4,543E+1	5,689E+1	5,884E+1	4,645E+1	5,148E+1	5,316E+1	4,115E+1
491,982	52,071	0,000	4,909E+1	5,041E+1	5,048E+1	4,543E+1	5,684E+1	5,881E+1	4,645E+1	5,146E+1	5,309E+1	4,110E+1
491,982	52,071	0,000	4,909E+1	5,041E+1	5,048E+1	4,543E+1	5,684E+1	5,881E+1	4,645E+1	5,146E+1	5,309E+1	4,110E+1
494,001	52,058	0,000	4,904E+1	5,041E+1	5,045E+1	4,540E+1	5,690E+1	5,881E+1	4,642E+1	5,146E+1	5,306E+1	4,114E+1
494,001	52,058	0,000	4,904E+1	5,041E+1	5,045E+1	4,540E+1	5,690E+1	5,881E+1	4,642E+1	5,146E+1	5,306E+1	4,114E+1
496,017	52,038	0,000	4,901E+1	5,037E+1	5,043E+1	4,537E+1	5,702E+1	5,888E+1	4,645E+1	5,143E+1	5,311E+1	4,121E+1
496,017	52,038	0,000	4,901E+1	5,037E+1	5,043E+1	4,537E+1	5,702E+1	5,888E+1	4,645E+1	5,143E+1	5,311E+1	4,121E+1
498,038	52,033	0,000	4,907E+1	5,036E+1	5,052E+1	4,539E+1	5,694E+1	5,886E+1	4,645E+1	5,141E+1	5,313E+1	4,124E+1
498,038	52,033	0,000	4,907E+1	5,036E+1	5,052E+1	4,539E+1	5,694E+1	5,886E+1	4,645E+1	5,141E+1	5,313E+1	4,124E+1
500,055	52,043	0,000	4,913E+1	5,040E+1	5,057E+1	4,537E+1	5,682E+1	5,873E+1	4,645E+1	5,135E+1	5,310E+1	4,123E+1
500,055	52,043	0,000	4,913E+1	5,040E+1	5,057E+1	4,537E+1	5,682E+1	5,873E+1	4,645E+1	5,135E+1	5,310E+1	4,123E+1
502,075	52,016	0,000	4,918E+1	5,042E+1	5,064E+1	4,532E+1	5,687E+1	5,882E+1	4,645E+1	5,133E+1	5,311E+1	4,107E+1
502,075	52,016	0,000	4,918E+1	5,042E+1	5,064E+1	4,532E+1	5,687E+1	5,882E+1	4,645E+1	5,133E+1	5,311E+1	4,107E+1
504,092	52,055	0,000	4,914E+1	5,040E+1	5,066E+1	4,536E+1	5,686E+1	5,884E+1	4,644E+1	5,133E+1	5,315E+1	4,104E+1
504,092	52,055	0,000	4,914E+1	5,040E+1	5,066E+1	4,536E+1	5,686E+1	5,884E+1	4,644E+1	5,133E+1	5,315E+1	4,104E+1
506,111	52,058	0,000	4,919E+1	5,040E+1	5,060E+1	4,530E+1	5,672E+1	5,879E+1	4,641E+1	5,132E+1	5,315E+1	4,098E+1
506,111	52,058	0,000	4,919E+1	5,040E+1	5,060E+1	4,530E+1	5,672E+1	5,879E+1	4,641E+1	5,132E+1	5,315E+1	4,098E+1
508,127	52,038	0,000	4,912E+1	5,042E+1	5,064E+1	4,532E+1	5,664E+1	5,872E+1	4,641E+1	5,136E+1	5,313E+1	4,094E+1
508,127	52,038	0,000	4,912E+1	5,042E+1	5,064E+1	4,532E+1	5,664E+1	5,872E+1	4,641E+1	5,136E+1	5,313E+1	4,094E+1
510,146	52,045	0,000	4,903E+1	5,038E+1	5,065E+1	4,532E+1	5,675E+1	5,885E+1	4,640E+1	5,145E+1	5,313E+1	4,095E+1
510,146	52,045	0,000	4,903E+1	5,038E+1	5,065E+1	4,532E+1	5,675E+1	5,885E+1	4,640E+1	5,145E+1	5,313E+1	4,095E+1
512,163	52,001	0,000	4,903E+1	5,036E+1	5,070E+1	4,532E+1	5,681E+1	5,886E+1	4,635E+1	5,143E+1	5,312E+1	4,097E+1
512,163	52,001	0,000	4,903E+1	5,036E+1	5,070E+1	4,532E+1	5,681E+1	5,886E+1	4,635E+1	5,143E+1	5,312E+1	4,097E+1
512,163	52,001	0,000	4,903E+1	5,036E+1	5,070E+1	4,532E+1	5,681E+1	5,886E+1	4,635E+1	5,143E+1	5,312E+1	4,097E+1
514,182	52,060	0,000	4,905E+1	5,033E+1	5,049E+1	4,531E+1	5,694E+1	5,892E+1	4,636E+1	5,141E+1	5,314E+1	4,104E+1
514,182	52,060	0,000	4,905E+1	5,033E+1	5,049E+1	4,531E+1	5,694E+1	5,892E+1	4,636E+1	5,141E+1	5,314E+1	4,104E+1
516,198	52,038	0,000	4,910E+1	5,034E+1	5,037E+1	4,530E+1	5,707E+1	5,893E+1	4,636E+1	5,134E+1	5,310E+1	4,112E+1
516,198	52,038	0,000	4,910E+1	5,034E+1	5,037E+1	4,530E+1	5,707E+1	5,893E+1	4,636E+1	5,134E+1	5,310E+1	4,112E+1
518,217	51,989	0,000	4,914E+1	5,037E+1	5,044E+1	4,526E+1	5,699E+1	5,881E+1	4,633E+1	5,128E+1	5,309E+1	4,108E+1
518,217	51,989	0,000	4,914E+1	5,037E+1	5,044E+1	4,526E+1	5,699E+1	5,881E+1	4,633E+1	5,128E+1	5,309E+1	4,108E+1
520,233	52,023	0,000	4,912E+1	5,039E+1	5,045E+1	4,519E+1	5,703E+1	5,891E+1	4,631E+1	5,130E+1	5,307E+1	4,102E+1
520,233	52,023	0,000	4,912E+1	5,039E+1	5,045E+1	4,519E+1	5,703E+1	5,891E+1	4,631E+1	5,130E+1	5,307E+1	4,102E+1
522,254	51,976	0,000	4,903E+1	5,041E+1	5,032E+1	4,518E+1	5,719E+1	5,896E+1	4,632E+1	5,132E+1	5,307E+1	4,103E+1
522,254	51,976	0,000	4,903E+1	5,041E+1	5,032E+1	4,518E+1	5,719E+1	5,896E+1	4,632E+1	5,132E+1	5,307E+1	4,103E+1
524,270	52,001	0,000	4,907E+1	5,038E+1	5,026E+1	4,522E+1	5,719E+1	5,897E+1	4,631E+1	5,135E+1	5,305E+1	4,102E+1
524,270	52,001	0,000	4,907E+1	5,038E+1	5,026E+1	4,522E+1	5,719E+1	5,897E+1	4,631E+1	5,135E+1	5,305E+1	4,102E+1
526,291	51,981	0,000	4,903E+1	5,032E+1	5,016E+1	4,525E+1	5,728E+1	5,901E+1	4,630E+1	5,138E+1	5,306E+1	4,097E+1
526,291	51,981	0,000	4,903E+1	5,032E+1	5,016E+1	4,525E+1	5,728E+1	5,901E+1	4,630E+1	5,138E+1	5,306E+1	4,097E+1
528,310	52,018	0,000	4,903E+1	5,027E+1	5,001E+1	4,526E+1	5,740E+1	5,902E+1	4,633E+1	5,123E+1	5,306E+1	4,104E+1
528,310	52,018	0,000	4,903E+1	5,027E+1	5,001E+1	4,526E+1	5,740E+1	5,902E+1	4,633E+1	5,123E+1	5,306E+1	4,104E+1
530,328	51,978	0,000	4,905E+1	5,029E+1	5,005E+1	4,527E+1	5,725E+1	5,883E+1	4,629E+1	5,122E+1	5,301E+1	4,102E+1
530,328	51,978	0,000	4,905E+1	5,029E+1	5,005E+1	4,527E+1	5,725E+1	5,883E+1	4,629E+1	5,122E+1	5,301E+1	4,102E+1
532,345	51,929	0,000	4,899E+1	5,025E+1	5,017E+1	4,526E+1	5,719E+1	5,883E+1	4,630E+1	5,128E+1	5,303E+1	4,096E+1
532,345	51,929	0,000	4,899E+1	5,025E+1	5,017E+1	4,526E+1	5,719E+1	5,883E+1	4,630E+1	5,128E+1	5,303E+1	4,096E+1
534,364	51,961	0,000	4,896E+1	5,023E+1	5,008E+1	4,524E+1	5,719E+1	5,873E+1	4,629E+1	5,131E+1	5,301E+1	4,099E+1
534,364	51,961	0,000	4,896E+1	5,023E+1	5,008E+1	4,524E+1	5,719E+1	5,873E+1	4,629E+1	5,131E+1	5,301E+1	4,099E+1
536,380	51,932	0,000	4,901E+1	5,025E+1	5,012E+1	4,525E+1	5,694E+1	5,864E+1	4,630E+1	5,135E+1	5,301E+1	4,096E+1
536,380	51,932	0,000	4,901E+1	5,025E+1	5,012E+1	4,525E+1	5,694E+1	5,864E+1	4,630E+1	5,135E+1	5,301E+1	4,096E+1
538,399	51,951	0,000	4,896E+1	5,024E+1	5,014E+1	4,520E+1	5,697E+1	5,865E+1	4,628E+1	5,134E+1	5,302E+1	4,089E+1
538,399	51,951	0,000	4,896E+1	5,024E+1	5,014E+1	4,520E+1	5,697E+1	5,865E+1	4,628E+1	5,134E+1	5,302E+1	4,089E+1
540,415	51,980	0,000	4,895E+1	5,020E+1	5,006E+1	4,520E+1	5,707E+1	5,873E+1	4,629E+1	5,127E+1	5,302E+1	4,095E+1
540,415	51,980	0,000	4,895E+1	5,020E+1	5,006E+1	4,520E+1	5,707E+1	5,873E+1	4,629E+1	5,127E+1	5,302E+1	4,095E+1
542,434	51,978	0,000	4,894E+1	5,019E+1	5,008E+1	4,519E+1	5,714E+1	5,876E+1	4,627E+1	5,125E+1	5,304E+1	4,098E+1
542,434	51,978	0,000	4,894E+1	5,019E+1	5,008E+1	4,519E+1	5,714E+1	5,876E+1	4,627E+1	5,125E+1	5,304E+1	4,098E+1
544,451	51,934	0,000	4,890E+1	5,019E+1	5,015E+1	4,521E+1	5,702E+1	5,861E+1	4,626E+1	5,120E+1	5,300E+1	4,097E+1
544,451	51,934	0,000	4,890E+1	5,019E+1	5,015E+1	4,521E+1	5,702E+1	5,861E+1	4,626E+1	5,120E+1	5,300E+1	4,097E+1
546,469	51,887	0,000	4,892E+1	5,021E+1	5,026E+1	4,518E+1	5,699E+1	5,861E+1	4,621E+1	5,118E+1	5,297E+1	4,079E+1
546,469	51,887	0,000	4,892E+1	5,021E+1	5,026E+1	4,518E+1	5,699E+1	5,861E+1	4,621E+1	5,118E+1	5,297E+1	4,079E+1
548,486	51,872	0,000	4,882E+1	5,017E+1	5,033E+1	4,512E+1	5,708E+1	5,875E+1	4,621E+1	5,123E+1	5,297E+1	4,076E+1
548,486	51,872	0,000	4,882E+1	5,017E+1	5,033E+1	4,512E+1	5,708E+1	5,875E+1	4,621E+1	5,123E+1	5,297E+1	4,076E+1
550,507	51,855	0,000	4,877E+1	5,015E+1	5,033E+1	4,514E+1	5,719E+1	5,880E+1	4,619E+1	5,130E+1	5,298E+1	4,076E+1
550,507	51,855	0,000	4,877E+1	5,015E+1	5,033E+1	4,514E+1	5,719E+1	5,880E+1	4,619E+1	5,130E+1	5,298E+1	4,076E+1
552,523	51,860	0,000	4,879E+1	5,015E+1	5,032E+1	4,512E+1	5,716E+1	5,877E+1	4,618E+1	5,122E+1	5,296E+1	4,080E+1
552,523	51,860	0,000	4,879E+1	5,015E+1	5,032E+1	4,512E+1	5,716E+1	5,877E+1	4,618E+1	5,122E+1	5,296E+1	4,080E+1
554,542	51,872	0,000	4,880E+1	5,015E+1	5,037E+1	4,515E+1	5,704E+1	5,871E+1	4,618E+1	5,123E+1	5,296E+1	4,081E+1
554,542	51,872	0,000	4,880E+1	5,015E+1	5,037E+1	4,515E+1	5,704E+1	5,871E+1	4,618E+1	5,123E+1	5,296E+1	4,081E+1
556,561	51,832	0,000	4,885E+1	5,012E+1	5,045E+1	4,515E+1	5,680E+1	5,860E+1	4,616E+1	5,125E+1	5,302E+1	4,084E+1
556,561	51,832	0,000	4,885E+1	5,012E+1	5,045E+1	4,515E+1	5,680E+1	5,860E+1	4,616E+1	5,125E+1	5,302E+1	4,084E+1
558,579	51,818	0,000	4,883E+1	5,019E+1	5,045E+1	4,508E+1	5,668E+1	5,858E+1	4,616E+1	5,127E+1	5,303E+1	4,076E+1
558,579	51,818	0,000	4,883E+1	5,019E+1	5,045E+1	4,508E+1	5,668E+1	5,858E+1	4,616E+1	5,127E+1	5,303E+1	4,076E+1
560,596	51,817	0,000	4,888E+1	5,023E+1	5,049E+1	4,506E+1	5,656E+1	5,850E+1	4,614E+1	5,122E+1	5,301E+1	4,078E+1
560,596	51,817	0,000	4,888E+1	5,023E+1	5,049E+1	4,506E+1	5,656E+1	5,850E+1	4,614E+1	5,122E+1	5,301E+1	4,078E+1
562,614	51,780	0,000	4,887E+1	5,023E+1	5,051E+1	4,505E+1	5,639E+1	5,836E+1	4,614E+1	5,122E+1	5,299E+1	4,071E+1
562,614	51,780	0,000	4,887E+1	5,023E+1	5,051E+1	4,505E+1	5,639E+1	5,836E+1	4,614E+1	5,122E+1	5,299E+1	4,071E+1
564,631	51,697	0,000	4,884E+1	5,023E+1	5,058E+1	4,505E+1	5,640E+1	5,838E+1	4,614E+1	5,118E+1	5,299E+1	4,064E+1
564,631	51,697	0,000	4,884E+1	5,023E+1	5,058E+1	4,505E+1	5,640E+1	5,838E+1	4,614E+1	5,118E+1	5,299E+1	4,064E+1
566,650	51,780	0,000	4,884E+1	5,017E+1	5,048E+1	4,505E+1	5,658E+1	5,851E+1	4,615E+1	5,113E+1	5,294E+1	4,064E+1
566,650	51,780	0,000	4,884E+1	5,017E+1	5,048E+1	4,505E+1	5,658E+1	5,851E+1	4,615E+1	5,113E+1	5,294E+1	4,064E+1
568,666	51,848	0,000	4,887E+1	5,014E+1	5,035E+1	4,508E+1	5,671E+1	5,867E+1	4,613E+1	5,107E+1	5,291E+1	4,070E+1
568,666	51,848	0,000	4,887E+1	5,014E+1	5,035E+1	4,508E+1	5,671E+1	5,867E+1	4,613E+1	5,107E+1	5,291E+1	4,070E+1
570,685	51,875	0,000	4,886E+1	5,012E+1	5,031E+1	4,513E+1	5,680E+1	5,868E+1	4,615E+1	5,102E+1	5,292E+1	4,077E+1
570,685	51,875	0,000	4,886E+1	5,012E+1	5,031E+1	4,513E+1	5,680E+1	5,868E+1	4,615E+1	5,102E+1	5,292E+1	4,077E+1
572,701	51,870	0,000	4,881E+1	5,011E+1	5,034E+1	4,513E+1	5,679E+1	5,865E+1	4,610E+1	5,099E+1	5,292E+1	4,069E+1
572,701	51,870	0,000	4,881E+1	5,011E+1	5,034E+1	4,513E+1	5,679E+1	5,865E+1	4,610E+1	5,099E+1	5,292E+1	4,069E+1
574,720	51,874	0,000	4,893E+1	5,011E+1	5,038E+1	4,508E+1	5,685E+1	5,865E+1	4,610E+1	5,097E+1	5,292E+1	4,072E+1
574,720	51,874	0,000	4,893E+1	5,011E+1	5,038E+1	4,508E+1	5,685E+1	5,865E+1	4,610E+1	5,097E+1	5,292E+1	4,072E+1
576,739	51,768	0,000	4,898E+1	5,012E+1	5,044E+1	4,510E+1	5,666E+1	5,853E+1	4,610E+1	5,095E+1	5,288E+1	4,074E+1
576,739	51,768	0,000	4,898E+1	5,012E+1	5,044E+1	4,510E+1	5,666E+1	5,853E+1	4,610E+1	5,095E+1	5,288E+1	4,074E+1
578,756	51,708	0,000	4,900E+1	5,019E+1	5,047E+1	4,505E+1	5,645E+1	5,836E+1	4,607E+1	5,099E+1	5,281E+1	4,064E+1
578,756	51,708	0,000	4,900E+1	5,019E+1	5,047E+1	4,505E+1	5,645E+1	5,836E+1	4,607E+1	5,099E+1	5,281E+1	4,064E+1
580,774	51,733	0,000	4,895E+1	5,023E+1	5,046E+1	4,505E+1	5,628E+1	5,837E+1	4,608E+1	5,107E+1	5,278E+1	4,057E+1
580,774	51,733	0,000	4,895E+1	5,023E+1	5,046E+1	4,505E+1	5,628E+1	5,837E+1	4,608E+1	5,107E+1	5,278E+1	4,057E+1
582,793	51,708	0,000	4,891E+1	5,024E+1	5,050E+1	4,506E+1	5,630E+1	5,842E+1	4,608E+1	5,114E+1	5,279E+1	4,059E+1
582,793	51,708	0,000	4,891E+1	5,024E+1	5,050E+1	4,506E+1	5,630E+1	5,842E+1	4,608E+1	5,114E+1	5,279E+1	4,059E+1
584,809	51,743	0,000	4,885E+1	5,018E+1	5,051E+1	4,505E+1	5,644E+1	5,847E+1	4,607E+1	5,111E+1	5,278E+1	4,061E+1
584,809	51,743	0,000	4,885E+1	5,018E+1	5,051E+1	4,505E+1	5,644E+1	5,847E+1	4,607E+1	5,111E+1	5,278E+1	4,061E+1
586,828	51,773	0,000	4,881E+1	5,010E+1	5,033E+1	4,503E+1	5,658E+1	5,859E+1	4,608E+1	5,110E+1	5,276E+1	4,062E+1
586,828	51,773	0,000	4,881E+1	5,010E+1	5,033E+1	4,503E+1	5,658E+1	5,859E+1	4,608E+1	5,110E+1	5,276E+1	4,062E+1
588,845	51,812	0,000	4,874E+1	5,007E+1	5,017E+1	4,502E+1	5,673E+1	5,872E+1	4,607E+1	5,110E+1	5,279E+1	4,069E+1
588,845	51,812	0,000	4,874E+1	5,007E+1	5,017E+1	4,502E+1	5,673E+1	5,872E+1	4,607E+1	5,110E+1	5,279E+1	4,069E+1
590,863	51,800	0,000	4,873E+1	5,002E+1	5,010E+1	4,505E+1	5,690E+1	5,882E+1	4,605E+1	5,104E+1	5,278E+1	4,071E+1
590,863	51,800	0,000	4,873E+1	5,002E+1	5,010E+1	4,505E+1	5,690E+1	5,882E+1	4,605E+1	5,104E+1	5,278E+1	4,071E+1
592,882	51,830	0,000	4,871E+1	5,000E+1	5,010E+1	4,506E+1	5,693E+1	5,883E+1	4,603E+1	5,102E+1	5,278E+1	4,072E+1
592,882	51,830	0,000	4,871E+1	5,000E+1	5,010E+1	4,506E+1	5,693E+1	5,883E+1	4,603E+1	5,102E+1	5,278E+1	4,072E+1
594,900	51,822	0,000	4,871E+1	4,995E+1	5,005E+1	4,501E+1	5,699E+1	5,877E+1	4,601E+1	5,105E+1	5,277E+1	4,056E+1
594,900	51,822	0,000	4,871E+1	4,995E+1	5,005E+1	4,501E+1	5,699E+1	5,877E+1	4,601E+1	5,105E+1	5,277E+1	4,056E+1
596,917	51,810	0,000	4,869E+1	4,997E+1	5,012E+1	4,500E+1	5,702E+1	5,883E+1	4,598E+1	5,102E+1	5,280E+1	4,056E+1
596,917	51,810	0,000	4,869E+1	4,997E+1	5,012E+1	4,500E+1	5,702E+1	5,883E+1	4,598E+1	5,102E+1	5,280E+1	4,056E+1
598,936	51,762	0,000	4,871E+1	4,997E+1	5,017E+1	4,499E+1	5,698E+1	5,878E+1	4,600E+1	5,103E+1	5,277E+1	4,056E+1
598,936	51,762	0,000	4,871E+1	4,997E+1	5,017E+1	4,499E+1	5,698E+1	5,878E+1	4,600E+1	5,103E+1	5,277E+1	4,056E+1
600,952	51,685	0,000	4,865E+1	4,995E+1	5,031E+1	4,496E+1	5,693E+1	5,868E+1	4,597E+1	5,105E+1	5,277E+1	4,062E+1
600,952	51,685	0,000	4,865E+1	4,995E+1	5,031E+1	4,496E+1	5,693E+1	5,868E+1	4,597E+1	5,105E+1	5,277E+1	4,062E+1
602,969	51,623	0,000	4,864E+1	5,002E+1	5,031E+1	4,493E+1	5,666E+1	5,849E+1	4,598E+1	5,110E+1	5,275E+1	4,057E+1
602,969	51,623	0,000	4,864E+1	5,002E+1	5,031E+1	4,493E+1	5,666E+1	5,849E+1	4,598E+1	5,110E+1	5,275E+1	4,057E+1
604,988	51,676	0,000	4,864E+1	5,005E+1	5,035E+1	4,496E+1	5,666E+1	5,855E+1	4,595E+1	5,111E+1	5,276E+1	4,054E+1
604,988	51,676	0,000	4,864E+1	5,005E+1	5,035E+1	4,496E+1	5,666E+1	5,855E+1	4,595E+1	5,111E+1	5,276E+1	4,054E+1
607,006	51,707	0,000	4,860E+1	5,003E+1	5,038E+1	4,490E+1	5,669E+1	5,856E+1	4,596E+1	5,113E+1	5,278E+1	4,043E+1
607,006	51,707	0,000	4,860E+1	5,003E+1	5,038E+1	4,490E+1	5,669E+1	5,856E+1	4,596E+1	5,113E+1	5,278E+1	4,043E+1
609,023	51,711	0,000	4,866E+1	5,002E+1	5,024E+1	4,489E+1	5,674E+1	5,861E+1	4,594E+1	5,112E+1	5,278E+1	4,047E+1
609,023	51,711	0,000	4,866E+1	5,002E+1	5,024E+1	4,489E+1	5,674E+1	5,861E+1	4,594E+1	5,112E+1	5,278E+1	4,047E+1
611,042	51,676	0,000	4,864E+1	4,998E+1	5,018E+1	4,495E+1	5,670E+1	5,858E+1	4,596E+1	5,106E+1	5,277E+1	4,055E+1
611,042	51,676	0,000	4,864E+1	4,998E+1	5,018E+1	4,495E+1	5,670E+1	5,858E+1	4,596E+1	5,106E+1	5,277E+1	4,055E+1
613,062	51,636	0,000	4,865E+1	5,000E+1	5,021E+1	4,497E+1	5,659E+1	5,854E+1	4,596E+1	5,098E+1	5,274E+1	4,052E+1
613,062	51,636	0,000	4,865E+1	5,000E+1	5,021E+1	4,497E+1	5,659E+1	5,854E+1	4,596E+1	5,098E+1	5,274E+1	4,052E+1
615,080	51,664	0,000	4,866E+1	5,002E+1	5,023E+1	4,499E+1	5,664E+1	5,853E+1	4,595E+1	5,100E+1	5,271E+1	4,051E+1
615,080	51,664	0,000	4,866E+1	5,002E+1	5,023E+1	4,499E+1	5,664E+1	5,853E+1	4,595E+1	5,100E+1	5,271E+1	4,051E+1
617,098	51,723	0,000	4,862E+1	5,004E+1	5,029E+1	4,492E+1	5,658E+1	5,850E+1	4,596E+1	5,100E+1	5,275E+1	4,049E+1
617,098	51,723	0,000	4,862E+1	5,004E+1	5,029E+1	4,492E+1	5,658E+1	5,850E+1	4,596E+1	5,100E+1	5,275E+1	4,049E+1
619,114	51,671	0,000	4,863E+1	4,999E+1	5,038E+1	4,495E+1	5,654E+1	5,843E+1	4,594E+1	5,101E+1	5,275E+1	4,045E+1
619,114	51,671	0,000	4,863E+1	4,999E+1	5,038E+1	4,495E+1	5,654E+1	5,843E+1	4,594E+1	5,101E+1	5,275E+1	4,045E+1
621,133	51,678	0,000	4,873E+1	4,999E+1	5,034E+1	4,496E+1	5,653E+1	5,849E+1	4,594E+1	5,097E+1	5,277E+1	4,048E+1
621,133	51,678	0,000	4,873E+1	4,999E+1	5,034E+1	4,496E+1	5,653E+1	5,849E+1	4,594E+1	5,097E+1	5,277E+1	4,048E+1
623,153	51,698	0,000	4,866E+1	4,998E+1	5,031E+1	4,491E+1	5,665E+1	5,860E+1	4,595E+1	5,095E+1	5,276E+1	4,039E+1
623,153	51,698	0,000	4,866E+1	4,998E+1	5,031E+1	4,491E+1	5,665E+1	5,860E+1	4,595E+1	5,095E+1	5,276E+1	4,039E+1
625,170	51,676	0,000	4,862E+1	4,993E+1	5,031E+1	4,491E+1	5,673E+1	5,865E+1	4,589E+1	5,090E+1	5,272E+1	4,048E+1
625,170	51,676	0,000	4,862E+1	4,993E+1	5,031E+1	4,491E+1	5,673E+1	5,865E+1	4,589E+1	5,090E+1	5,272E+1	4,048E+1
627,187	51,695	0,000	4,855E+1	4,987E+1	5,020E+1	4,488E+1	5,674E+1	5,858E+1	4,591E+1	5,095E+1	5,272E+1	4,045E+1
627,187	51,695	0,000	4,855E+1	4,987E+1	5,020E+1	4,488E+1	5,674E+1	5,858E+1	4,591E+1	5,095E+1	5,272E+1	4,045E+1
627,187	51,695	0,000	4,855E+1	4,987E+1	5,020E+1	4,488E+1	5,674E+1	5,858E+1	4,591E+1	5,095E+1	5,272E+1	4,045E+1
629,205	51,760	0,000	4,852E+1	4,987E+1	5,009E+1	4,487E+1	5,676E+1	5,857E+1	4,586E+1	5,091E+1	5,270E+1	4,044E+1
629,205	51,760	0,000	4,852E+1	4,987E+1	5,009E+1	4,487E+1	5,676E+1	5,857E+1	4,586E+1	5,091E+1	5,270E+1	4,044E+1
631,225	51,671	0,000	4,853E+1	4,986E+1	5,015E+1	4,488E+1	5,674E+1	5,864E+1	4,588E+1	5,092E+1	5,270E+1	4,050E+1
631,225	51,671	0,000	4,853E+1	4,986E+1	5,015E+1	4,488E+1	5,674E+1	5,864E+1	4,588E+1	5,092E+1	5,270E+1	4,050E+1
633,243	51,576	0,000	4,854E+1	4,989E+1	5,018E+1	4,490E+1	5,657E+1	5,849E+1	4,587E+1	5,099E+1	5,264E+1	4,049E+1
633,243	51,576	0,000	4,854E+1	4,989E+1	5,018E+1	4,490E+1	5,657E+1	5,849E+1	4,587E+1	5,099E+1	5,264E+1	4,049E+1
635,259	51,544	0,000	4,861E+1	4,994E+1	5,024E+1	4,487E+1	5,642E+1	5,837E+1	4,588E+1	5,103E+1	5,264E+1	4,040E+1
635,259	51,544	0,000	4,861E+1	4,994E+1	5,024E+1	4,487E+1	5,642E+1	5,837E+1	4,588E+1	5,103E+1	5,264E+1	4,040E+1
637,278	51,586	0,000	4,862E+1	4,994E+1	5,021E+1	4,483E+1	5,642E+1	5,848E+1	4,588E+1	5,106E+1	5,270E+1	4,037E+1
637,278	51,586	0,000	4,862E+1	4,994E+1	5,021E+1	4,483E+1	5,642E+1	5,848E+1	4,588E+1	5,106E+1	5,270E+1	4,037E+1
639,297	51,648	0,000	4,858E+1	4,988E+1	5,017E+1	4,483E+1	5,645E+1	5,857E+1	4,586E+1	5,107E+1	5,274E+1	4,044E+1
639,297	51,648	0,000	4,858E+1	4,988E+1	5,017E+1	4,483E+1	5,645E+1	5,857E+1	4,586E+1	5,107E+1	5,274E+1	4,044E+1
641,316	51,631	0,000	4,858E+1	4,989E+1	5,025E+1	4,483E+1	5,640E+1	5,852E+1	4,586E+1	5,105E+1	5,278E+1	4,050E+1
641,316	51,631	0,000	4,858E+1	4,989E+1	5,025E+1	4,483E+1	5,640E+1	5,852E+1	4,586E+1	5,105E+1	5,278E+1	4,050E+1
643,336	51,589	0,000	4,850E+1	4,990E+1	5,013E+1	4,482E+1	5,650E+1	5,850E+1	4,585E+1	5,103E+1	5,277E+1	4,035E+1
643,336	51,589	0,000	4,850E+1	4,990E+1	5,013E+1	4,482E+1	5,650E+1	5,850E+1	4,585E+1	5,103E+1	5,277E+1	4,035E+1
645,355	51,584	0,000	4,847E+1	4,986E+1	5,009E+1	4,479E+1	5,651E+1	5,845E+1	4,583E+1	5,098E+1	5,270E+1	4,037E+1
645,355	51,584	0,000	4,847E+1	4,986E+1	5,009E+1	4,479E+1	5,651E+1	5,845E+1	4,583E+1	5,098E+1	5,270E+1	4,037E+1
647,374	51,577	0,000	4,848E+1	4,983E+1	5,019E+1	4,482E+1	5,633E+1	5,827E+1	4,580E+1	5,092E+1	5,266E+1	4,035E+1
647,374	51,577	0,000	4,848E+1	4,983E+1	5,019E+1	4,482E+1	5,633E+1	5,827E+1	4,580E+1	5,092E+1	5,266E+1	4,035E+1
649,394	51,567	0,000	4,847E+1	4,986E+1	5,029E+1	4,481E+1	5,628E+1	5,825E+1	4,579E+1	5,088E+1	5,263E+1	4,037E+1
649,394	51,567	0,000	4,847E+1	4,986E+1	5,029E+1	4,481E+1	5,628E+1	5,825E+1	4,579E+1	5,088E+1	5,263E+1	4,037E+1
651,413	51,511	0,000	4,853E+1	4,988E+1	5,034E+1	4,478E+1	5,626E+1	5,826E+1	4,578E+1	5,085E+1	5,262E+1	4,023E+1
651,413	51,511	0,000	4,853E+1	4,988E+1	5,034E+1	4,478E+1	5,626E+1	5,826E+1	4,578E+1	5,085E+1	5,262E+1	4,023E+1
653,431	51,452	0,000	4,851E+1	4,990E+1	5,041E+1	4,475E+1	5,613E+1	5,814E+1	4,577E+1	5,080E+1	5,258E+1	4,022E+1
653,431	51,452	0,000	4,851E+1	4,990E+1	5,041E+1	4,475E+1	5,613E+1	5,814E+1	4,577E+1	5,080E+1	5,258E+1	4,022E+1
655,450	51,455	0,000	4,848E+1	4,988E+1	5,039E+1	4,476E+1	5,613E+1	5,820E+1	4,580E+1	5,083E+1	5,257E+1	4,021E+1
655,450	51,455	0,000	4,848E+1	4,988E+1	5,039E+1	4,476E+1	5,613E+1	5,820E+1	4,580E+1	5,083E+1	5,257E+1	4,021E+1
657,469	51,567	0,000	4,846E+1	4,982E+1	5,035E+1	4,479E+1	5,623E+1	5,824E+1	4,577E+1	5,074E+1	5,254E+1	4,019E+1
657,469	51,567	0,000	4,846E+1	4,982E+1	5,035E+1	4,479E+1	5,623E+1	5,824E+1	4,577E+1	5,074E+1	5,254E+1	4,019E+1
659,489	51,586	0,000	4,843E+1	4,980E+1	5,028E+1	4,475E+1	5,640E+1	5,833E+1	4,576E+1	5,069E+1	5,254E+1	4,028E+1
659,489	51,586	0,000	4,843E+1	4,980E+1	5,028E+1	4,475E+1	5,640E+1	5,833E+1	4,576E+1	5,069E+1	5,254E+1	4,028E+1
661,508	51,534	0,000	4,845E+1	4,979E+1	5,027E+1	4,476E+1	5,658E+1	5,842E+1	4,574E+1	5,065E+1	5,254E+1	4,036E+1
661,508	51,534	0,000	4,845E+1	4,979E+1	5,027E+1	4,476E+1	5,658E+1	5,842E+1	4,574E+1	5,065E+1	5,254E+1	4,036E+1
663,525	51,487	0,000	4,841E+1	4,980E+1	5,034E+1	4,474E+1	5,659E+1	5,849E+1	4,575E+1	5,072E+1	5,255E+1	4,030E+1
663,525	51,487	0,000	4,841E+1	4,980E+1	5,034E+1	4,474E+1	5,659E+1	5,849E+1	4,575E+1	5,072E+1	5,255E+1	4,030E+1
665,543	51,447	0,000	4,847E+1	4,981E+1	5,032E+1	4,474E+1	5,645E+1	5,842E+1	4,575E+1	5,074E+1	5,261E+1	4,019E+1
665,543	51,447	0,000	4,847E+1	4,981E+1	5,032E+1	4,474E+1	5,645E+1	5,842E+1	4,575E+1	5,074E+1	5,261E+1	4,019E+1
667,562	51,556	0,000	4,847E+1	4,976E+1	5,017E+1	4,468E+1	5,649E+1	5,847E+1	4,574E+1	5,082E+1	5,265E+1	4,017E+1
667,562	51,556	0,000	4,847E+1	4,976E+1	5,017E+1	4,468E+1	5,649E+1	5,847E+1	4,574E+1	5,082E+1	5,265E+1	4,017E+1
669,581	51,532	0,000	4,845E+1	4,973E+1	4,996E+1	4,467E+1	5,663E+1	5,847E+1	4,573E+1	5,076E+1	5,264E+1	4,016E+1
669,581	51,532	0,000	4,845E+1	4,973E+1	4,996E+1	4,467E+1	5,663E+1	5,847E+1	4,573E+1	5,076E+1	5,264E+1	4,016E+1
671,597	51,569	0,000	4,845E+1	4,975E+1	4,982E+1	4,469E+1	5,663E+1	5,844E+1	4,568E+1	5,070E+1	5,257E+1	4,027E+1
671,597	51,569	0,000	4,845E+1	4,975E+1	4,982E+1	4,469E+1	5,663E+1	5,844E+1	4,568E+1	5,070E+1	5,257E+1	4,027E+1
673,614	51,536	0,000	4,841E+1	4,976E+1	4,983E+1	4,465E+1	5,658E+1	5,834E+1	4,569E+1	5,069E+1	5,252E+1	4,014E+1
673,614	51,536	0,000	4,841E+1	4,976E+1	4,983E+1	4,465E+1	5,658E+1	5,834E+1	4,569E+1	5,069E+1	5,252E+1	4,014E+1
675,634	51,482	0,000	4,838E+1	4,980E+1	4,987E+1	4,462E+1	5,650E+1	5,833E+1	4,568E+1	5,071E+1	5,248E+1	4,012E+1
675,634	51,482	0,000	4,838E+1	4,980E+1	4,987E+1	4,462E+1	5,650E+1	5,833E+1	4,568E+1	5,071E+1	5,248E+1	4,012E+1
677,653	51,529	0,000	4,840E+1	4,976E+1	4,990E+1	4,462E+1	5,659E+1	5,832E+1	4,571E+1	5,069E+1	5,249E+1	4,011E+1
677,653	51,529	0,000	4,840E+1	4,976E+1	4,990E+1	4,462E+1	5,659E+1	5,832E+1	4,571E+1	5,069E+1	5,249E+1	4,011E+1
679,672	51,492	0,000	4,835E+1	4,971E+1	5,005E+1	4,462E+1	5,657E+1	5,836E+1	4,568E+1	5,068E+1	5,244E+1	4,006E+1
679,672	51,492	0,000	4,835E+1	4,971E+1	5,005E+1	4,462E+1	5,657E+1	5,836E+1	4,568E+1	5,068E+1	5,244E+1	4,006E+1
681,688	51,511	0,000	4,837E+1	4,971E+1	5,003E+1	4,464E+1	5,663E+1	5,838E+1	4,565E+1	5,066E+1	5,246E+1	4,019E+1
681,688	51,511	0,000	4,837E+1	4,971E+1	5,003E+1	4,464E+1	5,663E+1	5,838E+1	4,565E+1	5,066E+1	5,246E+1	4,019E+1
683,707	51,517	0,000	4,840E+1	4,970E+1	4,997E+1	4,462E+1	5,672E+1	5,843E+1	4,563E+1	5,063E+1	5,244E+1	4,017E+1
683,707	51,517	0,000	4,840E+1	4,970E+1	4,997E+1	4,462E+1	5,672E+1	5,843E+1	4,563E+1	5,063E+1	5,244E+1	4,017E+1
685,724	51,549	0,000	4,842E+1	4,971E+1	4,984E+1	4,463E+1	5,682E+1	5,845E+1	4,563E+1	5,063E+1	5,244E+1	4,021E+1
685,724	51,549	0,000	4,842E+1	4,971E+1	4,984E+1	4,463E+1	5,682E+1	5,845E+1	4,563E+1	5,063E+1	5,244E+1	4,021E+1
687,742	51,512	0,000	4,842E+1	4,970E+1	4,983E+1	4,462E+1	5,681E+1	5,841E+1	4,563E+1	5,064E+1	5,241E+1	4,012E+1
687,742	51,512	0,000	4,842E+1	4,970E+1	4,983E+1	4,462E+1	5,681E+1	5,841E+1	4,563E+1	5,064E+1	5,241E+1	4,012E+1
689,761	51,442	0,000	4,842E+1	4,970E+1	5,001E+1	4,463E+1	5,676E+1	5,834E+1	4,562E+1	5,062E+1	5,241E+1	4,018E+1
689,761	51,442	0,000	4,842E+1	4,970E+1	5,001E+1	4,463E+1	5,676E+1	5,834E+1	4,562E+1	5,062E+1	5,241E+1	4,018E+1
691,780	51,507	0,000	4,844E+1	4,973E+1	5,016E+1	4,466E+1	5,662E+1	5,833E+1	4,561E+1	5,059E+1	5,246E+1	4,017E+1
691,780	51,507	0,000	4,844E+1	4,973E+1	5,016E+1	4,466E+1	5,662E+1	5,833E+1	4,561E+1	5,059E+1	5,246E+1	4,017E+1
693,799	51,450	0,000	4,836E+1	4,970E+1	5,021E+1	4,465E+1	5,658E+1	5,833E+1	4,563E+1	5,064E+1	5,253E+1	4,018E+1
693,799	51,450	0,000	4,836E+1	4,970E+1	5,021E+1	4,465E+1	5,658E+1	5,833E+1	4,563E+1	5,064E+1	5,253E+1	4,018E+1
695,819	51,452	0,000	4,842E+1	4,973E+1	5,022E+1	4,465E+1	5,638E+1	5,828E+1	4,561E+1	5,071E+1	5,254E+1	4,014E+1
695,819	51,452	0,000	4,842E+1	4,973E+1	5,022E+1	4,465E+1	5,638E+1	5,828E+1	4,561E+1	5,071E+1	5,254E+1	4,014E+1
697,836	51,460	0,000	4,848E+1	4,975E+1	5,016E+1	4,460E+1	5,630E+1	5,823E+1	4,561E+1	5,078E+1	5,255E+1	4,017E+1
697,836	51,460	0,000	4,848E+1	4,975E+1	5,016E+1	4,460E+1	5,630E+1	5,823E+1	4,561E+1	5,078E+1	5,255E+1	4,017E+1
699,854	51,422	0,000	4,850E+1	4,977E+1	5,010E+1	4,461E+1	5,629E+1	5,821E+1	4,560E+1	5,077E+1	5,254E+1	4,013E+1
699,854	51,422	0,000	4,850E+1	4,977E+1	5,010E+1	4,461E+1	5,629E+1	5,821E+1	4,560E+1	5,077E+1	5,254E+1	4,013E+1
701,871	51,385	0,000	4,844E+1	4,974E+1	5,009E+1	4,459E+1	5,643E+1	5,828E+1	4,560E+1	5,074E+1	5,252E+1	4,014E+1
701,871	51,385	0,000	4,844E+1	4,974E+1	5,009E+1	4,459E+1	5,643E+1	5,828E+1	4,560E+1	5,074E+1	5,252E+1	4,014E+1
703,890	51,457	0,000	4,842E+1	4,969E+1	4,990E+1	4,458E+1	5,658E+1	5,831E+1	4,560E+1	5,067E+1	5,251E+1	4,009E+1
