t	PV [ºC]	SP [ºC]	MV[%] 
0,000	0,000	50,000	9,990E+1
1,000	49,915	50,000	9,990E+1
2,000	49,961	50,000	1,000E-2
3,000	49,949	50,000	1,000E-2
4,000	49,928	50,000	4,872E-1
5,000	49,913	50,000	1,302E+0
6,000	49,887	50,000	1,919E+0
7,000	49,904	50,000	2,953E+0
8,000	49,912	50,000	2,285E+0
9,000	49,906	50,000	1,992E+0
10,000	49,910	50,000	2,214E+0
11,000	49,855	50,000	2,060E+0
12,000	49,791	50,000	4,263E+0
13,000	49,809	50,000	6,805E+0
14,000	49,820	50,000	6,062E+0
15,001	49,861	50,000	5,674E+0
16,001	49,892	50,000	4,058E+0
17,001	49,877	50,000	2,836E+0
18,001	49,853	50,000	3,395E+0
19,001	49,783	50,000	4,392E+0
20,001	49,785	50,000	7,152E+0
21,001	49,823	50,000	7,082E+0
22,001	49,895	50,000	5,587E+0
23,001	49,880	50,000	2,742E+0
24,001	49,880	50,000	3,361E+0
25,001	49,816	50,000	3,346E+0
26,001	49,790	50,000	5,887E+0
27,001	49,822	50,000	6,946E+0
28,001	49,778	50,000	5,668E+0
29,001	49,752	50,000	7,439E+0
30,001	49,747	50,000	8,459E+0
31,001	49,800	50,000	8,669E+0
32,001	49,839	50,000	6,560E+0
33,001	49,813	50,000	5,044E+0
34,001	49,832	50,000	6,081E+0
35,001	49,841	50,000	5,317E+0
36,001	49,828	50,000	4,988E+0
37,001	49,782	50,000	5,530E+0
38,001	49,806	50,000	7,360E+0
39,001	49,802	50,000	6,419E+0
40,001	49,800	50,000	6,586E+0
41,001	49,799	50,000	6,655E+0
42,001	49,785	50,000	6,684E+0
43,001	49,763	50,000	7,247E+0
44,001	49,710	50,000	8,168E+0
45,002	49,692	50,000	1,026E+1
46,002	49,668	50,000	1,099E+1
47,002	49,698	50,000	1,197E+1
48,002	49,660	50,000	1,080E+1
49,002	49,658	50,000	1,232E+1
50,002	49,651	50,000	1,239E+1
51,002	49,620	50,000	1,266E+1
52,002	49,621	50,000	1,393E+1
53,002	49,559	50,000	1,389E+1
54,002	49,574	50,000	1,640E+1
55,002	49,554	50,000	1,580E+1
56,002	49,516	50,000	1,660E+1
57,002	49,579	50,000	1,816E+1
58,002	49,571	50,000	1,567E+1
59,002	49,565	50,000	1,600E+1
60,002	49,607	50,000	1,628E+1
61,002	49,647	50,000	1,462E+1
62,002	49,645	50,000	1,307E+1
63,002	49,657	50,000	1,314E+1
64,002	49,611	50,000	1,266E+1
65,002	49,596	50,000	1,450E+1
66,002	49,620	50,000	1,513E+1
67,003	49,645	50,000	1,420E+1
68,003	49,658	50,000	1,321E+1
69,003	49,678	50,000	1,273E+1
70,003	49,608	50,000	1,193E+1
71,003	49,599	50,000	1,476E+1
72,003	49,565	50,000	1,513E+1
73,003	49,581	50,000	1,650E+1
74,003	49,528	50,000	1,585E+1
75,003	49,511	50,000	1,798E+1
76,003	49,536	50,000	1,868E+1
77,003	49,561	50,000	1,771E+1
78,003	49,575	50,000	1,674E+1
79,003	49,533	50,000	1,623E+1
80,003	49,583	50,000	1,789E+1
81,003	49,620	50,000	1,593E+1
82,003	49,645	50,000	1,446E+1
83,003	49,624	50,000	1,349E+1
84,003	49,631	50,000	1,436E+1
85,003	49,621	50,000	1,410E+1
86,003	49,649	50,000	1,451E+1
87,003	49,656	50,000	1,342E+1
88,003	49,597	50,000	1,318E+1
89,003	49,611	50,000	1,553E+1
90,003	49,614	50,000	1,495E+1
91,003	49,626	50,000	1,485E+1
92,003	49,610	50,000	1,441E+1
93,003	49,593	50,000	1,506E+1
94,003	49,547	50,000	1,578E+1
95,004	49,532	50,000	1,760E+1
96,004	49,530	50,000	1,821E+1
97,004	49,537	50,000	1,831E+1
98,004	49,531	50,000	1,804E+1
99,004	49,516	50,000	1,831E+1
100,004	49,506	50,000	1,893E+1
101,004	49,487	50,000	1,935E+1
102,004	49,453	50,000	2,010E+1
103,004	49,411	50,000	2,151E+1
104,004	49,409	50,000	2,318E+1
105,004	49,413	50,000	2,327E+1
106,004	49,391	50,000	2,314E+1
107,004	49,428	50,000	2,407E+1
108,004	49,404	50,000	2,260E+1
109,004	49,388	50,000	2,359E+1
110,004	49,414	50,000	2,427E+1
111,004	49,418	50,000	2,325E+1
112,004	49,371	50,000	2,312E+1
113,004	49,346	50,000	2,501E+1
114,004	49,343	50,000	2,603E+1
115,004	49,349	50,000	2,619E+1
116,004	49,350	50,000	2,595E+1
117,004	49,325	50,000	2,594E+1
118,004	49,311	50,000	2,696E+1
119,004	49,304	50,000	2,758E+1
120,004	49,352	50,000	2,787E+1
121,004	49,349	50,000	2,598E+1
122,005	49,313	50,000	2,613E+1
123,005	49,317	50,000	2,760E+1
124,005	49,294	50,000	2,748E+1
125,005	49,250	50,000	2,840E+1
126,005	49,236	50,000	3,019E+1
127,005	49,284	50,000	3,080E+1
128,005	49,280	50,000	2,893E+1
129,005	49,296	50,000	2,911E+1
130,005	49,352	50,000	2,850E+1
131,006	49,367	50,000	2,630E+1
132,006	49,359	50,000	2,577E+1
133,006	49,302	50,000	2,610E+1
134,006	49,281	50,000	2,837E+1
135,006	49,300	50,000	2,927E+1
136,006	49,359	50,000	2,851E+1
137,006	49,431	50,000	2,620E+1
138,006	49,487	50,000	2,340E+1
139,006	49,462	50,000	2,120E+1
140,006	49,478	50,000	2,220E+1
141,006	49,462	50,000	2,161E+1
142,006	49,444	50,000	2,225E+1
143,006	49,425	50,000	2,300E+1
144,006	49,403	50,000	2,376E+1
145,006	49,376	50,000	2,468E+1
146,006	49,406	50,000	2,578E+1
147,006	49,419	50,000	2,464E+1
148,006	49,422	50,000	2,411E+1
149,006	49,428	50,000	2,403E+1
150,006	49,441	50,000	2,384E+1
151,006	49,425	50,000	2,335E+1
152,006	49,410	50,000	2,397E+1
153,006	49,403	50,000	2,461E+1
154,007	49,386	50,000	2,492E+1
155,007	49,395	50,000	2,560E+1
156,007	49,380	50,000	2,527E+1
157,007	49,413	50,000	2,591E+1
158,007	49,384	50,000	2,461E+1
159,007	49,394	50,000	2,581E+1
160,007	49,402	50,000	2,546E+1
161,007	49,437	50,000	2,515E+1
162,007	49,377	50,000	2,381E+1
163,007	49,431	50,000	2,617E+1
164,007	49,459	50,000	2,406E+1
165,007	49,508	50,000	2,302E+1
166,007	49,450	50,000	2,108E+1
167,007	49,419	50,000	2,338E+1
168,007	49,449	50,000	2,465E+1
169,007	49,432	50,000	2,349E+1
170,007	49,423	50,000	2,419E+1
171,007	49,377	50,000	2,455E+1
172,007	49,351	50,000	2,642E+1
173,007	49,377	50,000	2,748E+1
174,007	49,371	50,000	2,646E+1
175,007	49,413	50,000	2,672E+1
176,007	49,435	50,000	2,513E+1
177,007	49,428	50,000	2,426E+1
178,007	49,466	50,000	2,455E+1
179,007	49,501	50,000	2,309E+1
180,007	49,455	50,000	2,172E+1
181,007	49,457	50,000	2,359E+1
182,007	49,365	50,000	2,351E+1
183,007	49,374	50,000	2,716E+1
184,007	49,319	50,000	2,685E+1
185,007	49,301	50,000	2,906E+1
186,008	49,315	50,000	2,979E+1
187,008	49,350	50,000	2,928E+1
188,008	49,296	50,000	2,791E+1
189,008	49,191	50,000	3,012E+1
190,008	49,234	50,000	3,431E+1
191,008	49,288	50,000	3,260E+1
192,008	49,311	50,000	3,054E+1
193,008	49,324	50,000	2,964E+1
194,008	49,257	50,000	2,915E+1
195,008	49,321	50,000	3,186E+1
196,008	49,275	50,000	2,936E+1
197,008	49,293	50,000	3,119E+1
198,008	49,261	50,000	3,051E+1
199,008	49,256	50,000	3,179E+1
200,008	49,282	50,000	3,204E+1
201,008	49,296	50,000	3,106E+1
202,008	49,234	50,000	3,054E+1
203,008	49,242	50,000	3,301E+1
204,008	49,210	50,000	3,275E+1
205,008	49,279	50,000	3,401E+1
206,008	49,297	50,000	3,131E+1
207,008	49,307	50,000	3,065E+1
208,008	49,344	50,000	3,029E+1
209,008	49,354	50,000	2,887E+1
210,008	49,328	50,000	2,848E+1
211,008	49,351	50,000	2,952E+1
212,008	49,362	50,000	2,866E+1
213,008	49,287	50,000	2,826E+1
214,008	49,285	50,000	3,126E+1
215,008	49,258	50,000	3,139E+1
216,010	49,296	50,000	3,247E+1
217,010	49,367	50,000	3,100E+1
218,010	49,340	50,000	2,820E+1
219,010	49,338	50,000	2,932E+1
220,010	49,365	50,000	2,942E+1
221,010	49,384	50,000	2,836E+1
222,010	49,368	50,000	2,766E+1
223,010	49,349	50,000	2,832E+1
224,010	49,413	50,000	2,908E+1
225,010	49,359	50,000	2,658E+1
226,010	49,331	50,000	2,874E+1
227,010	49,269	50,000	2,992E+1
228,010	49,292	50,000	3,237E+1
229,010	49,291	50,000	3,151E+1
230,010	49,301	50,000	3,156E+1
231,010	49,307	50,000	3,122E+1
232,010	49,298	50,000	3,101E+1
233,010	49,312	50,000	3,140E+1
234,010	49,306	50,000	3,086E+1
235,010	49,335	50,000	3,113E+1
236,010	49,338	50,000	3,001E+1
237,010	49,342	50,000	2,994E+1
238,010	49,379	50,000	2,981E+1
239,010	49,371	50,000	2,839E+1
240,010	49,359	50,000	2,872E+1
241,010	49,330	50,000	2,922E+1
242,010	49,355	50,000	3,040E+1
243,010	49,387	50,000	2,942E+1
244,010	49,388	50,000	2,820E+1
245,011	49,325	50,000	2,819E+1
246,011	49,293	50,000	3,073E+1
247,011	49,311	50,000	3,203E+1
248,011	49,373	50,000	3,133E+1
249,011	49,376	50,000	2,890E+1
250,011	49,328	50,000	2,881E+1
251,011	49,389	50,000	3,076E+1
252,011	49,340	50,000	2,836E+1
253,011	49,343	50,000	3,033E+1
254,012	49,321	50,000	3,026E+1
255,012	49,320	50,000	3,114E+1
256,012	49,364	50,000	3,123E+1
257,012	49,387	50,000	2,952E+1
258,012	49,432	50,000	2,861E+1
259,012	49,424	50,000	2,686E+1
260,012	49,398	50,000	2,720E+1
261,012	49,407	50,000	2,826E+1
262,012	49,398	50,000	2,791E+1
263,012	49,346	50,000	2,831E+1
264,012	49,376	50,000	3,042E+1
265,012	49,383	50,000	2,926E+1
266,012	49,396	50,000	2,899E+1
267,012	49,397	50,000	2,850E+1
268,012	49,430	50,000	2,851E+1
269,012	49,439	50,000	2,723E+1
270,012	49,441	50,000	2,690E+1
271,012	49,449	50,000	2,683E+1
272,012	49,519	50,000	2,653E+1
273,012	49,540	50,000	2,379E+1
274,012	49,600	50,000	2,300E+1
275,012	49,547	50,000	2,062E+1
276,012	49,549	50,000	2,274E+1
277,012	49,567	50,000	2,268E+1
278,012	49,610	50,000	2,199E+1
279,012	49,540	50,000	2,030E+1
280,012	49,540	50,000	2,309E+1
281,013	49,507	50,000	2,313E+1
282,013	49,492	50,000	2,446E+1
283,013	49,538	50,000	2,506E+1
284,013	49,537	50,000	2,326E+1
285,013	49,522	50,000	2,330E+1
286,013	49,540	50,000	2,393E+1
287,013	49,628	50,000	2,326E+1
288,013	49,590	50,000	1,978E+1
289,013	49,593	50,000	2,132E+1
290,013	49,621	50,000	2,120E+1
291,013	49,567	50,000	2,011E+1
292,013	49,534	50,000	2,226E+1
293,013	49,510	50,000	2,361E+1
294,013	49,481	50,000	2,458E+1
295,013	49,510	50,000	2,573E+1
296,013	49,501	50,000	2,461E+1
297,013	49,542	50,000	2,499E+1
298,013	49,519	50,000	2,339E+1
299,013	49,509	50,000	2,432E+1
300,013	49,544	50,000	2,474E+1
301,013	49,566	50,000	2,337E+1
302,013	49,535	50,000	2,254E+1
303,013	49,489	50,000	2,375E+1
304,013	49,398	50,000	2,563E+1
305,013	49,390	50,000	2,926E+1
306,013	49,397	50,000	2,958E+1
307,013	49,367	50,000	2,931E+1
308,013	49,308	50,000	3,057E+1
309,013	49,343	50,000	3,294E+1
310,013	49,369	50,000	3,158E+1
311,014	49,364	50,000	3,056E+1
312,014	49,377	50,000	3,077E+1
313,014	49,410	50,000	3,030E+1
314,014	49,423	50,000	2,902E+1
315,014	49,423	50,000	2,853E+1
316,014	49,383	50,000	2,856E+1
317,014	49,441	50,000	3,019E+1
318,014	49,490	50,000	2,792E+1
319,014	49,480	50,000	2,596E+1
320,014	49,462	50,000	2,638E+1
321,014	49,411	50,000	2,712E+1
322,014	49,431	50,000	2,918E+1
323,014	49,421	50,000	2,842E+1
324,014	49,447	50,000	2,882E+1
325,014	49,472	50,000	2,786E+1
326,014	49,460	50,000	2,689E+1
327,014	49,513	50,000	2,739E+1
328,014	49,495	50,000	2,529E+1
329,014	49,431	50,000	2,603E+1
330,014	49,370	50,000	2,861E+1
331,014	49,325	50,000	3,105E+1
332,014	49,305	50,000	3,286E+1
333,014	49,353	50,000	3,369E+1
334,014	49,356	50,000	3,178E+1
335,014	49,362	50,000	3,169E+1
336,014	49,320	50,000	3,150E+1
337,014	49,287	50,000	3,319E+1
338,014	49,298	50,000	3,455E+1
339,014	49,242	50,000	3,412E+1
340,014	49,233	50,000	3,677E+1
341,014	49,264	50,000	3,555E+1
342,014	49,261	50,000	3,570E+1
343,015	49,281	50,000	3,496E+1
344,015	49,282	50,000	3,494E+1
345,015	49,319	50,000	3,352E+1
346,015	49,343	50,000	3,352E+1
347,015	49,334	50,000	3,297E+1
348,015	49,355	50,000	3,221E+1
349,015	49,361	50,000	3,200E+1
350,015	49,341	50,000	3,278E+1
351,015	49,401	50,000	3,043E+1
352,015	49,389	50,000	3,094E+1
353,015	49,367	50,000	3,187E+1
354,015	49,336	50,000	3,311E+1
355,015	49,356	50,000	3,235E+1
356,015	49,376	50,000	3,161E+1
357,015	49,427	50,000	2,961E+1
358,015	49,426	50,000	2,964E+1
359,015	49,401	50,000	3,070E+1
360,015	49,396	50,000	3,090E+1
361,015	49,412	50,000	3,031E+1
362,015	49,389	50,000	3,125E+1
363,015	49,398	50,000	3,092E+1
364,015	49,430	50,000	2,968E+1
365,015	49,469	50,000	2,812E+1
366,015	49,430	50,000	2,973E+1
367,015	49,468	50,000	2,823E+1
368,015	49,487	50,000	2,750E+1
369,015	49,487	50,000	2,753E+1
370,015	49,472	50,000	2,814E+1
371,015	49,413	50,000	3,051E+1
372,015	49,379	50,000	3,188E+1
373,015	49,433	50,000	2,975E+1
374,015	49,434	50,000	2,975E+1
375,016	49,440	50,000	2,956E+1
376,016	49,447	50,000	2,931E+1
377,016	49,406	50,000	3,094E+1
378,016	49,415	50,000	3,061E+1
379,016	49,395	50,000	3,141E+1
380,016	49,446	50,000	2,945E+1
381,016	49,447	50,000	2,942E+1
382,016	49,448	50,000	2,939E+1
383,016	49,459	50,000	2,899E+1
384,016	49,538	50,000	2,591E+1
385,016	49,577	50,000	2,438E+1
386,016	49,538	50,000	2,593E+1
387,016	49,564	50,000	2,492E+1
388,016	49,518	50,000	2,676E+1
389,016	49,553	50,000	2,540E+1
390,016	49,514	50,000	2,694E+1
391,016	49,514	50,000	2,698E+1
392,016	49,556	50,000	2,536E+1
393,016	49,534	50,000	2,623E+1
394,016	49,427	50,000	3,047E+1
395,016	49,464	50,000	2,905E+1
396,016	49,537	50,000	2,621E+1
397,016	49,585	50,000	2,430E+1
398,016	49,578	50,000	2,462E+1
399,016	49,606	50,000	2,351E+1
400,017	49,549	50,000	2,579E+1
401,017	49,540	50,000	2,618E+1
402,017	49,581	50,000	2,454E+1
403,017	49,555	50,000	2,559E+1
404,017	49,538	50,000	2,630E+1
405,017	49,541	50,000	2,620E+1
406,017	49,511	50,000	2,743E+1
407,017	49,513	50,000	2,736E+1
408,017	49,538	50,000	2,641E+1
409,018	49,556	50,000	2,568E+1
410,018	49,502	50,000	2,784E+1
411,018	49,496	50,000	2,812E+1
412,018	49,507	50,000	2,770E+1
413,018	49,498	50,000	2,808E+1
414,018	49,508	50,000	2,769E+1
415,018	49,511	50,000	2,761E+1
416,018	49,490	50,000	2,847E+1
417,018	49,446	50,000	3,023E+1
418,018	49,452	50,000	3,002E+1
419,018	49,503	50,000	2,802E+1
420,018	49,477	50,000	2,908E+1
421,018	49,409	50,000	3,181E+1
422,018	49,456	50,000	2,996E+1
423,018	49,466	50,000	2,961E+1
424,018	49,435	50,000	3,082E+1
425,018	49,380	50,000	3,302E+1
426,018	49,395	50,000	3,250E+1
427,018	49,402	50,000	3,223E+1
428,018	49,429	50,000	3,118E+1
429,018	49,406	50,000	3,212E+1
430,018	49,437	50,000	3,092E+1
431,018	49,446	50,000	3,059E+1
432,018	49,428	50,000	3,131E+1
433,018	49,404	50,000	3,230E+1
434,018	49,400	50,000	3,249E+1
435,018	49,382	50,000	3,323E+1
436,019	49,377	50,000	3,348E+1
437,019	49,416	50,000	3,194E+1
438,019	49,428	50,000	3,151E+1
439,019	49,434	50,000	3,126E+1
440,019	49,462	50,000	3,019E+1
441,019	49,484	50,000	2,933E+1
442,019	49,471	50,000	2,986E+1
443,019	49,430	50,000	3,153E+1
444,019	49,451	50,000	3,071E+1
445,019	49,434	50,000	3,141E+1
446,019	49,388	50,000	3,329E+1
447,019	49,388	50,000	3,332E+1
448,019	49,373	50,000	3,390E+1
449,019	49,401	50,000	3,286E+1
450,019	49,422	50,000	3,206E+1
451,019	49,440	50,000	3,135E+1
452,019	49,447	50,000	3,112E+1
453,019	49,474	50,000	3,005E+1
454,019	49,489	50,000	2,946E+1
455,019	49,427	50,000	3,196E+1
456,019	49,407	50,000	3,278E+1
457,019	49,454	50,000	3,094E+1
458,019	49,466	50,000	3,049E+1
459,019	49,483	50,000	2,986E+1
460,019	49,522	50,000	2,834E+1
461,019	49,492	50,000	2,955E+1
462,019	49,511	50,000	2,878E+1
463,020	49,498	50,000	2,934E+1
464,020	49,538	50,000	2,776E+1
465,020	49,466	50,000	3,065E+1
466,020	49,484	50,000	2,996E+1
467,020	49,522	50,000	2,848E+1
468,020	49,548	50,000	2,747E+1
469,020	49,584	50,000	2,607E+1
470,020	49,511	50,000	2,896E+1
471,020	49,534	50,000	2,809E+1
472,020	49,560	50,000	2,708E+1
473,020	49,537	50,000	2,803E+1
474,020	49,507	50,000	2,924E+1
475,020	49,565	50,000	2,694E+1
476,020	49,552	50,000	2,748E+1
477,020	49,568	50,000	2,686E+1
478,020	49,549	50,000	2,764E+1
479,020	49,540	50,000	2,801E+1
480,020	49,572	50,000	2,679E+1
481,020	49,599	50,000	2,572E+1
482,021	49,576	50,000	2,665E+1
483,021	49,563	50,000	2,718E+1
484,021	49,575	50,000	2,670E+1
485,021	49,579	50,000	2,658E+1
486,021	49,582	50,000	2,648E+1
487,021	49,570	50,000	2,698E+1
488,021	49,538	50,000	2,827E+1
489,021	49,561	50,000	2,738E+1
490,021	49,592	50,000	2,617E+1
491,021	49,560	50,000	2,745E+1
492,021	49,582	50,000	2,658E+1
493,021	49,599	50,000	2,597E+1
494,021	49,608	50,000	2,559E+1
495,021	49,596	50,000	2,612E+1
496,021	49,584	50,000	2,662E+1
497,021	49,605	50,000	2,580E+1
498,021	49,626	50,000	2,497E+1
499,021	49,630	50,000	2,485E+1
500,021	49,630	50,000	2,482E+1
501,021	49,583	50,000	2,672E+1
502,021	49,612	50,000	2,559E+1
503,021	49,630	50,000	2,490E+1
504,021	49,566	50,000	2,745E+1
505,021	49,555	50,000	2,790E+1
506,021	49,581	50,000	2,689E+1
507,021	49,601	50,000	2,612E+1
508,021	49,660	50,000	2,378E+1
509,021	49,617	50,000	2,554E+1
510,022	49,629	50,000	2,506E+1
511,022	49,622	50,000	2,536E+1
512,022	49,630	50,000	2,506E+1
513,022	49,602	50,000	2,618E+1
514,022	49,607	50,000	2,600E+1
515,022	49,641	50,000	2,465E+1
516,022	49,633	50,000	2,501E+1
517,022	49,742	50,000	2,068E+1
518,022	49,657	50,000	2,410E+1
519,022	49,662	50,000	2,390E+1
520,022	49,620	50,000	2,556E+1
521,022	49,642	50,000	2,471E+1
522,022	49,685	50,000	2,302E+1
523,022	49,659	50,000	2,408E+1
524,022	49,597	50,000	2,653E+1
525,022	49,609	50,000	2,608E+1
526,022	49,627	50,000	2,538E+1
527,022	49,605	50,000	2,627E+1
528,022	49,583	50,000	2,718E+1
529,022	49,563	50,000	2,799E+1
530,022	49,564	50,000	2,797E+1
531,022	49,581	50,000	2,734E+1
532,022	49,571	50,000	2,773E+1
533,022	49,596	50,000	2,676E+1
534,022	49,554	50,000	2,844E+1
535,022	49,501	50,000	3,056E+1
536,022	49,518	50,000	2,991E+1
537,022	49,518	50,000	2,993E+1
538,023	49,543	50,000	2,898E+1
539,023	49,525	50,000	2,972E+1
540,023	49,549	50,000	2,879E+1
541,023	49,556	50,000	2,851E+1
542,024	49,499	50,000	3,077E+1
543,024	49,553	50,000	2,867E+1
544,024	49,598	50,000	2,691E+1
545,024	49,631	50,000	2,562E+1
546,024	49,578	50,000	2,774E+1
547,024	49,558	50,000	2,855E+1
548,024	49,582	50,000	2,762E+1
549,024	49,558	50,000	2,861E+1
550,024	49,538	50,000	2,942E+1
551,024	49,514	50,000	3,035E+1
552,024	49,513	50,000	3,043E+1
553,024	49,477	50,000	3,190E+1
554,024	49,567	50,000	2,834E+1
555,024	49,587	50,000	2,759E+1
556,024	49,560	50,000	2,866E+1
557,024	49,522	50,000	3,020E+1
558,024	49,590	50,000	2,751E+1
559,024	49,599	50,000	2,717E+1
560,024	49,510	50,000	3,074E+1
561,024	49,526	50,000	3,008E+1
562,025	49,554	50,000	2,902E+1
563,025	49,525	50,000	3,020E+1
564,025	49,530	50,000	3,001E+1
565,025	49,510	50,000	3,084E+1
566,025	49,547	50,000	2,936E+1
567,025	49,559	50,000	2,894E+1
568,025	49,536	50,000	2,985E+1
569,025	49,540	50,000	2,974E+1
570,025	49,617	50,000	2,669E+1
571,025	49,557	50,000	2,908E+1
572,025	49,546	50,000	2,952E+1
573,025	49,540	50,000	2,980E+1
574,025	49,566	50,000	2,879E+1
575,025	49,605	50,000	2,724E+1
576,025	49,618	50,000	2,676E+1
577,025	49,651	50,000	2,545E+1
578,025	49,589	50,000	2,794E+1
579,025	49,428	50,000	3,432E+1
580,025	49,433	50,000	3,419E+1
581,025	49,491	50,000	3,190E+1
582,025	49,560	50,000	2,919E+1
583,025	49,540	50,000	3,000E+1
584,025	49,549	50,000	2,968E+1
585,025	49,579	50,000	2,848E+1
586,025	49,620	50,000	2,691E+1
587,025	49,590	50,000	2,812E+1
588,025	49,590	50,000	2,809E+1
589,025	49,648	50,000	2,583E+1
590,025	49,635	50,000	2,635E+1
591,025	49,633	50,000	2,646E+1
592,025	49,635	50,000	2,640E+1
593,025	49,671	50,000	2,499E+1
594,026	49,666	50,000	2,520E+1
595,026	49,686	50,000	2,442E+1
596,026	49,678	50,000	2,474E+1
597,026	49,656	50,000	2,566E+1
598,026	49,697	50,000	2,403E+1
599,026	49,710	50,000	2,351E+1
600,026	49,644	50,000	2,618E+1
601,026	49,609	50,000	2,758E+1
602,026	49,596	50,000	2,809E+1
603,026	49,595	50,000	2,815E+1
604,026	49,582	50,000	2,867E+1
605,026	49,620	50,000	2,718E+1
606,026	49,654	50,000	2,585E+1
607,026	49,620	50,000	2,723E+1
608,026	49,623	50,000	2,711E+1
609,026	49,587	50,000	2,855E+1
610,026	49,562	50,000	2,958E+1
611,026	49,600	50,000	2,808E+1
612,026	49,583	50,000	2,879E+1
613,026	49,564	50,000	2,954E+1
614,026	49,567	50,000	2,944E+1
615,026	49,615	50,000	2,756E+1
616,026	49,667	50,000	2,554E+1
617,026	49,620	50,000	2,741E+1
618,026	49,635	50,000	2,686E+1
619,026	49,606	50,000	2,798E+1
620,027	49,559	50,000	2,986E+1
621,027	49,560	50,000	2,984E+1
622,027	49,609	50,000	2,792E+1
623,027	49,615	50,000	2,772E+1
624,027	49,578	50,000	2,920E+1
625,027	49,544	50,000	3,057E+1
626,027	49,553	50,000	3,021E+1
627,027	49,525	50,000	3,138E+1
628,027	49,529	50,000	3,123E+1
629,027	49,521	50,000	3,156E+1
630,027	49,517	50,000	3,174E+1
631,027	49,544	50,000	3,072E+1
632,027	49,532	50,000	3,121E+1
633,027	49,552	50,000	3,040E+1
634,027	49,579	50,000	2,935E+1
635,027	49,543	50,000	3,082E+1
636,027	49,438	50,000	3,500E+1
637,027	49,408	50,000	3,621E+1
638,027	49,419	50,000	3,582E+1
639,027	49,492	50,000	3,292E+1
640,027	49,493	50,000	3,292E+1
641,027	49,527	50,000	3,160E+1
642,027	49,506	50,000	3,245E+1
643,027	49,514	50,000	3,213E+1
644,027	49,532	50,000	3,148E+1
645,027	49,578	50,000	2,966E+1
646,027	49,543	50,000	3,107E+1
647,027	49,549	50,000	3,087E+1
648,028	49,578	50,000	2,974E+1
649,028	49,567	50,000	3,020E+1
650,028	49,608	50,000	2,855E+1
651,028	49,600	50,000	2,891E+1
652,028	49,588	50,000	2,942E+1
653,028	49,571	50,000	3,011E+1
654,028	49,544	50,000	3,116E+1
655,028	49,567	50,000	3,029E+1
656,028	49,584	50,000	2,962E+1
657,028	49,544	50,000	3,124E+1
658,028	49,524	50,000	3,205E+1
659,028	49,543	50,000	3,134E+1
660,028	49,547	50,000	3,118E+1
661,028	49,520	50,000	3,227E+1
662,028	49,577	50,000	3,006E+1
663,028	49,549	50,000	3,117E+1
664,028	49,563	50,000	3,063E+1
665,028	49,567	50,000	3,049E+1
666,028	49,597	50,000	2,930E+1
667,028	49,645	50,000	2,742E+1
668,028	49,652	50,000	2,718E+1
669,028	49,616	50,000	2,862E+1
670,028	49,641	50,000	2,767E+1
671,028	49,673	50,000	2,640E+1
672,028	49,615	50,000	2,869E+1
673,028	49,662	50,000	2,688E+1
674,028	49,617	50,000	2,868E+1
675,028	49,616	50,000	2,872E+1
676,028	49,612	50,000	2,889E+1
677,028	49,618	50,000	2,865E+1
678,028	49,660	50,000	2,703E+1
679,028	49,615	50,000	2,881E+1
680,028	49,651	50,000	2,740E+1
681,028	49,666	50,000	2,684E+1
682,028	49,646	50,000	2,765E+1
683,029	49,638	50,000	2,798E+1
684,029	49,659	50,000	2,716E+1
685,029	49,589	50,000	2,995E+1
686,029	49,551	50,000	3,148E+1
687,029	49,550	50,000	3,152E+1
688,029	49,553	50,000	3,142E+1
689,029	49,512	50,000	3,308E+1
690,029	49,497	50,000	3,370E+1
691,029	49,538	50,000	3,210E+1
692,029	49,560	50,000	3,125E+1
693,029	49,533	50,000	3,234E+1
694,029	49,463	50,000	3,511E+1
695,029	49,492	50,000	3,399E+1
696,029	49,484	50,000	3,433E+1
697,029	49,468	50,000	3,502E+1
698,029	49,508	50,000	3,342E+1
699,029	49,489	50,000	3,422E+1
700,029	49,552	50,000	3,176E+1
701,029	49,553	50,000	3,170E+1
702,029	49,596	50,000	3,002E+1
703,029	49,626	50,000	2,889E+1
704,029	49,631	50,000	2,869E+1
705,029	49,636	50,000	2,849E+1
706,029	49,615	50,000	2,934E+1
707,029	49,645	50,000	2,817E+1
708,029	49,608	50,000	2,965E+1
709,029	49,621	50,000	2,915E+1
710,029	49,633	50,000	2,873E+1
711,029	49,649	50,000	2,809E+1
712,029	49,653	50,000	2,795E+1
713,029	49,573	50,000	3,114E+1
714,030	49,607	50,000	2,981E+1
715,030	49,553	50,000	3,197E+1
716,030	49,604	50,000	2,997E+1
717,030	49,556	50,000	3,187E+1
718,030	49,523	50,000	3,319E+1
719,030	49,611	50,000	2,975E+1
720,030	49,602	50,000	3,010E+1
721,030	49,539	50,000	3,264E+1
722,030	49,591	50,000	3,062E+1
723,030	49,571	50,000	3,141E+1
724,030	49,547	50,000	3,238E+1
725,030	49,582	50,000	3,103E+1
726,030	49,597	50,000	3,042E+1
727,030	49,604	50,000	3,018E+1
728,030	49,580	50,000	3,115E+1
729,030	49,588	50,000	3,083E+1
730,030	49,597	50,000	3,049E+1
731,030	49,636	50,000	2,900E+1
732,030	49,569	50,000	3,165E+1
733,030	49,617	50,000	2,979E+1
734,030	49,644	50,000	2,874E+1
735,030	49,638	50,000	2,899E+1
736,030	49,648	50,000	2,857E+1
737,030	49,685	50,000	2,714E+1
738,030	49,712	50,000	2,607E+1
739,030	49,766	50,000	2,396E+1
740,030	49,762	50,000	2,413E+1
741,030	49,745	50,000	2,483E+1
742,030	49,724	50,000	2,568E+1
743,031	49,760	50,000	2,426E+1
744,031	49,785	50,000	2,324E+1
745,031	49,684	50,000	2,728E+1
746,031	49,740	50,000	2,505E+1
747,031	49,654	50,000	2,849E+1
748,031	49,570	50,000	3,183E+1
749,031	49,570	50,000	3,185E+1
750,031	49,535	50,000	3,326E+1
751,031	49,450	50,000	3,667E+1
752,031	49,481	50,000	3,544E+1
753,031	49,588	50,000	3,123E+1
754,031	49,596	50,000	3,093E+1
755,031	49,573	50,000	3,188E+1
756,031	49,591	50,000	3,115E+1
757,031	49,619	50,000	3,007E+1
758,031	49,696	50,000	2,704E+1
759,031	49,629	50,000	2,971E+1
760,031	49,615	50,000	3,028E+1
761,031	49,552	50,000	3,277E+1
762,031	49,599	50,000	3,093E+1
763,031	49,609	50,000	3,055E+1
764,031	49,607	50,000	3,067E+1
765,031	49,560	50,000	3,255E+1
766,031	49,593	50,000	3,128E+1
767,031	49,593	50,000	3,126E+1
768,031	49,596	50,000	3,120E+1
769,032	49,627	50,000	2,999E+1
770,032	49,617	50,000	3,036E+1
771,032	49,568	50,000	3,234E+1
772,032	49,586	50,000	3,165E+1
773,032	49,602	50,000	3,103E+1
774,032	49,578	50,000	3,202E+1
775,032	49,602	50,000	3,105E+1
776,032	49,562	50,000	3,267E+1
777,032	49,541	50,000	3,353E+1
778,032	49,476	50,000	3,612E+1
779,032	49,586	50,000	3,179E+1
780,032	49,587	50,000	3,179E+1
781,032	49,615	50,000	3,066E+1
782,032	49,585	50,000	3,190E+1
783,032	49,566	50,000	3,267E+1
784,032	49,638	50,000	2,982E+1
785,032	49,663	50,000	2,887E+1
786,032	49,654	50,000	2,920E+1
787,032	49,716	50,000	2,678E+1
788,032	49,679	50,000	2,826E+1
789,032	49,635	50,000	3,001E+1
790,032	49,641	50,000	2,981E+1
791,032	49,623	50,000	3,050E+1
792,032	49,594	50,000	3,167E+1
793,032	49,558	50,000	3,313E+1
794,032	49,505	50,000	3,525E+1
795,032	49,493	50,000	3,573E+1
796,032	49,508	50,000	3,516E+1
797,032	49,490	50,000	3,589E+1
798,032	49,501	50,000	3,552E+1
799,032	49,588	50,000	3,206E+1
800,033	49,628	50,000	3,051E+1
801,033	49,617	50,000	3,096E+1
802,033	49,572	50,000	3,274E+1
803,033	49,534	50,000	3,429E+1
804,033	49,582	50,000	3,243E+1
805,033	49,556	50,000	3,344E+1
806,033	49,499	50,000	3,574E+1
807,033	49,471	50,000	3,689E+1
808,033	49,508	50,000	3,541E+1
809,033	49,496	50,000	3,590E+1
810,033	49,560	50,000	3,341E+1
811,033	49,575	50,000	3,284E+1
812,033	49,605	50,000	3,167E+1
813,033	49,655	50,000	2,970E+1
814,033	49,680	50,000	2,871E+1
815,033	49,718	50,000	2,726E+1
816,033	49,719	50,000	2,719E+1
817,033	49,741	50,000	2,635E+1
818,033	49,739	50,000	2,642E+1
819,033	49,800	50,000	2,402E+1
820,034	49,759	50,000	2,567E+1
821,034	49,724	50,000	2,709E+1
822,034	49,725	50,000	2,702E+1
823,034	49,690	50,000	2,846E+1
824,034	49,675	50,000	2,903E+1
825,034	49,724	50,000	2,714E+1
826,034	49,682	50,000	2,878E+1
827,034	49,749	50,000	2,614E+1
828,034	49,706	50,000	2,787E+1
829,034	49,718	50,000	2,743E+1
830,034	49,744	50,000	2,639E+1
831,034	49,755	50,000	2,597E+1
832,034	49,689	50,000	2,861E+1
833,034	49,665	50,000	2,956E+1
834,034	49,646	50,000	3,033E+1
835,034	49,674	50,000	2,925E+1
836,034	49,660	50,000	2,978E+1
837,034	49,651	50,000	3,020E+1
838,034	49,667	50,000	2,954E+1
839,034	49,620	50,000	3,141E+1
840,034	49,629	50,000	3,111E+1
841,034	49,630	50,000	3,105E+1
842,034	49,590	50,000	3,269E+1
843,034	49,553	50,000	3,418E+1
844,034	49,550	50,000	3,428E+1
845,034	49,582	50,000	3,305E+1
846,034	49,636	50,000	3,095E+1
847,034	49,566	50,000	3,370E+1
848,034	49,517	50,000	3,568E+1
849,034	49,518	50,000	3,566E+1
850,034	49,513	50,000	3,590E+1
851,034	49,531	50,000	3,521E+1
852,035	49,587	50,000	3,297E+1
853,035	49,614	50,000	3,196E+1
854,035	49,653	50,000	3,041E+1
855,035	49,624	50,000	3,156E+1
856,035	49,649	50,000	3,061E+1
857,035	49,695	50,000	2,880E+1
858,035	49,721	50,000	2,776E+1
859,035	49,705	50,000	2,843E+1
860,035	49,712	50,000	2,814E+1
861,035	49,693	50,000	2,893E+1
862,035	49,753	50,000	2,657E+1
863,035	49,682	50,000	2,939E+1
864,035	49,660	50,000	3,030E+1
865,035	49,674	50,000	2,974E+1
866,035	49,665	50,000	3,009E+1
867,035	49,662	50,000	3,022E+1
868,035	49,672	50,000	2,984E+1
869,035	49,663	50,000	3,021E+1
870,035	49,723	50,000	2,787E+1
871,035	49,707	50,000	2,850E+1
872,035	49,680	50,000	2,958E+1
873,035	49,645	50,000	3,100E+1
874,035	49,716	50,000	2,821E+1
875,035	49,727	50,000	2,778E+1
876,035	49,703	50,000	2,875E+1
877,035	49,710	50,000	2,848E+1
878,035	49,715	50,000	2,830E+1
879,035	49,718	50,000	2,821E+1
880,035	49,682	50,000	2,961E+1
881,035	49,731	50,000	2,770E+1
882,035	49,761	50,000	2,653E+1
883,035	49,756	50,000	2,673E+1
884,035	49,797	50,000	2,510E+1
885,036	49,751	50,000	2,695E+1
886,036	49,745	50,000	2,718E+1
887,036	49,760	50,000	2,664E+1
888,036	49,775	50,000	2,606E+1
889,036	49,807	50,000	2,478E+1
890,036	49,792	50,000	2,538E+1
891,036	49,764	50,000	2,652E+1
892,036	49,745	50,000	2,726E+1
893,036	49,712	50,000	2,858E+1
894,036	49,715	50,000	2,850E+1
895,036	49,730	50,000	2,790E+1
896,036	49,718	50,000	2,838E+1
897,036	49,782	50,000	2,584E+1
898,036	49,767	50,000	2,648E+1
899,036	49,788	50,000	2,566E+1
900,036	49,823	50,000	2,428E+1
901,036	49,748	50,000	2,726E+1
902,037	49,734	50,000	2,781E+1
903,037	49,773	50,000	2,628E+1
904,037	49,761	50,000	2,674E+1
905,037	49,741	50,000	2,757E+1
906,038	49,734	50,000	2,786E+1
907,038	49,765	50,000	2,664E+1
908,038	49,764	50,000	2,667E+1
909,038	49,721	50,000	2,842E+1
910,038	49,752	50,000	2,721E+1
911,038	49,734	50,000	2,789E+1
912,038	49,740	50,000	2,767E+1
913,038	49,724	50,000	2,835E+1
914,038	49,698	50,000	2,938E+1
915,038	49,720	50,000	2,852E+1
916,038	49,752	50,000	2,724E+1
917,038	49,754	50,000	2,721E+1
918,038	49,693	50,000	2,962E+1
919,038	49,695	50,000	2,956E+1
920,038	49,730	50,000	2,818E+1
921,038	49,735	50,000	2,800E+1
922,038	49,720	50,000	2,860E+1
923,038	49,722	50,000	2,852E+1
924,038	49,768	50,000	2,673E+1
925,038	49,800	50,000	2,545E+1
926,038	49,799	50,000	2,554E+1
927,038	49,792	50,000	2,580E+1
928,038	49,768	50,000	2,677E+1
929,038	49,739	50,000	2,791E+1
930,039	49,716	50,000	2,883E+1
931,039	49,779	50,000	2,636E+1
932,039	49,784	50,000	2,620E+1
933,039	49,719	50,000	2,878E+1
934,039	49,755	50,000	2,737E+1
935,039	49,724	50,000	2,859E+1
936,039	49,727	50,000	2,850E+1
937,039	49,724	50,000	2,861E+1
938,039	49,708	50,000	2,926E+1
939,039	49,727	50,000	2,854E+1
940,039	49,704	50,000	2,942E+1
941,039	49,715	50,000	2,900E+1
942,039	49,685	50,000	3,022E+1
943,039	49,715	50,000	2,903E+1
944,039	49,675	50,000	3,066E+1
945,039	49,686	50,000	3,024E+1
946,039	49,746	50,000	2,786E+1
947,039	49,742	50,000	2,805E+1
948,039	49,734	50,000	2,834E+1
949,039	49,728	50,000	2,859E+1
950,039	49,654	50,000	3,157E+1
951,039	49,625	50,000	3,272E+1
952,039	49,641	50,000	3,210E+1
953,039	49,600	50,000	3,374E+1
954,039	49,615	50,000	3,317E+1
955,039	49,609	50,000	3,340E+1
956,039	49,617	50,000	3,312E+1
957,039	49,657	50,000	3,157E+1
958,039	49,676	50,000	3,082E+1
959,041	49,769	50,000	2,717E+1
960,041	49,822	50,000	2,508E+1
961,041	49,861	50,000	2,354E+1
962,041	49,817	50,000	2,525E+1
963,041	49,799	50,000	2,597E+1
964,041	49,799	50,000	2,598E+1
965,041	49,791	50,000	2,633E+1
966,041	49,798	50,000	2,606E+1
967,041	49,749	50,000	2,801E+1
968,041	49,807	50,000	2,572E+1
969,041	49,759	50,000	2,763E+1
970,041	49,648	50,000	3,204E+1
971,041	49,556	50,000	3,570E+1
972,041	49,589	50,000	3,441E+1
973,041	49,616	50,000	3,336E+1
974,041	49,586	50,000	3,457E+1
975,042	49,546	50,000	3,615E+1
976,042	49,611	50,000	3,360E+1
977,042	49,689	50,000	3,054E+1
978,042	49,715	50,000	2,955E+1
979,042	49,792	50,000	2,649E+1
980,042	49,785	50,000	2,680E+1
981,042	49,769	50,000	2,742E+1
982,042	49,747	50,000	2,830E+1
983,042	49,691	50,000	3,055E+1
984,042	49,677	50,000	3,110E+1
985,042	49,687	50,000	3,070E+1
986,042	49,722	50,000	2,935E+1
987,042	49,716	50,000	2,958E+1
988,042	49,642	50,000	3,256E+1
989,042	49,594	50,000	3,444E+1
990,042	49,589	50,000	3,468E+1
991,042	49,600	50,000	3,424E+1
992,042	49,627	50,000	3,323E+1
993,042	49,617	50,000	3,362E+1
994,042	49,620	50,000	3,354E+1
995,042	49,604	50,000	3,417E+1
996,042	49,707	50,000	3,011E+1
997,042	49,660	50,000	3,200E+1
998,042	49,682	50,000	3,113E+1
999,042	49,680	50,000	3,124E+1
1000,042	49,663	50,000	3,191E+1
1001,042	49,677	50,000	3,139E+1
1002,042	49,675	50,000	3,146E+1
1003,043	49,666	50,000	3,183E+1
1004,043	49,632	50,000	3,322E+1
1005,043	49,606	50,000	3,424E+1
1006,043	49,647	50,000	3,266E+1
1007,043	49,618	50,000	3,380E+1
1008,043	49,556	50,000	3,626E+1
1009,043	49,511	50,000	3,808E+1
1010,043	49,564	50,000	3,598E+1
1011,043	49,620	50,000	3,378E+1
1012,043	49,566	50,000	3,594E+1
1013,043	49,545	50,000	3,681E+1
1014,043	49,635	50,000	3,326E+1
1015,043	49,671	50,000	3,183E+1
1016,043	49,762	50,000	2,826E+1
1017,043	49,761	50,000	2,831E+1
1018,043	49,758	50,000	2,844E+1
1019,043	49,709	50,000	3,040E+1
1020,043	49,697	50,000	3,090E+1
1021,043	49,751	50,000	2,876E+1
1022,043	49,794	50,000	2,707E+1
1023,043	49,754	50,000	2,866E+1
1024,043	49,736	50,000	2,938E+1
1025,043	49,730	50,000	2,965E+1
1026,043	49,704	50,000	3,068E+1
1027,043	49,764	50,000	2,831E+1
1028,043	49,796	50,000	2,706E+1
1029,043	49,812	50,000	2,643E+1
1030,043	49,835	50,000	2,551E+1
1031,043	49,794	50,000	2,718E+1
1032,043	49,797	50,000	2,703E+1
1033,043	49,742	50,000	2,924E+1
1034,044	49,749	50,000	2,897E+1
1035,044	49,768	50,000	2,823E+1
1036,044	49,658	50,000	3,260E+1
1037,044	49,645	50,000	3,315E+1
1038,044	49,671	50,000	3,210E+1
1039,044	49,679	50,000	3,181E+1
1040,044	49,695	50,000	3,120E+1
1041,044	49,662	50,000	3,254E+1
1042,044	49,712	50,000	3,057E+1
1043,044	49,719	50,000	3,027E+1
1044,044	49,716	50,000	3,040E+1
1045,044	49,709	50,000	3,071E+1
1046,044	49,659	50,000	3,272E+1
1047,044	49,618	50,000	3,434E+1
1048,044	49,635	50,000	3,369E+1
1049,044	49,596	50,000	3,527E+1
1050,044	49,592	50,000	3,542E+1
1051,044	49,690	50,000	3,156E+1
1052,044	49,731	50,000	2,995E+1
1053,044	49,744	50,000	2,945E+1
1054,044	49,760	50,000	2,882E+1
1055,044	49,702	50,000	3,113E+1
1056,044	49,668	50,000	3,251E+1
1057,044	49,650	50,000	3,322E+1
1058,044	49,611	50,000	3,480E+1
1059,044	49,657	50,000	3,300E+1
1060,044	49,701	50,000	3,127E+1
1061,044	49,675	50,000	3,227E+1
1062,044	49,724	50,000	3,039E+1
1063,044	49,718	50,000	3,062E+1
1064,044	49,736	50,000	2,994E+1
1065,044	49,731	50,000	3,013E+1
1066,044	49,768	50,000	2,867E+1
1067,045	49,788	50,000	2,791E+1
1068,045	49,744	50,000	2,964E+1
1069,045	49,718	50,000	3,071E+1
1070,045	49,763	50,000	2,892E+1
1071,045	49,778	50,000	2,833E+1
1072,045	49,816	50,000	2,686E+1
1073,045	49,718	50,000	3,075E+1
1074,045	49,788	50,000	2,797E+1
1075,045	49,755	50,000	2,930E+1
1076,045	49,684	50,000	3,213E+1
1077,045	49,684	50,000	3,210E+1
1078,045	49,710	50,000	3,113E+1
1079,045	49,706	50,000	3,126E+1
1080,045	49,752	50,000	2,947E+1
1081,045	49,761	50,000	2,910E+1
1082,045	49,751	50,000	2,953E+1
1083,045	49,771	50,000	2,875E+1
1084,045	49,773	50,000	2,870E+1
1085,045	49,758	50,000	2,930E+1
1086,045	49,823	50,000	2,672E+1
1087,045	49,766	50,000	2,899E+1
1088,045	49,749	50,000	2,965E+1
1089,045	49,775	50,000	2,865E+1
1090,045	49,776	50,000	2,860E+1
1091,045	49,828	50,000	2,659E+1
1092,045	49,869	50,000	2,496E+1
1093,045	49,863	50,000	2,520E+1
1094,045	49,859	50,000	2,536E+1
1095,045	49,843	50,000	2,598E+1
1096,045	49,873	50,000	2,482E+1
1097,045	49,843	50,000	2,604E+1
1098,045	49,825	50,000	2,674E+1
1099,045	49,800	50,000	2,772E+1
1100,046	49,798	50,000	2,782E+1
1101,046	49,788	50,000	2,821E+1
1102,046	49,772	50,000	2,887E+1
1103,046	49,755	50,000	2,954E+1
1104,046	49,755	50,000	2,955E+1
1105,046	49,772	50,000	2,892E+1
1106,046	49,761	50,000	2,935E+1
1107,046	49,737	50,000	3,031E+1
1108,046	49,629	50,000	3,460E+1
1109,046	49,690	50,000	3,220E+1
1110,046	49,749	50,000	2,988E+1
1111,046	49,751	50,000	2,981E+1
1112,046	49,748	50,000	2,994E+1
1113,046	49,763	50,000	2,934E+1
1114,046	49,758	50,000	2,955E+1
1115,046	49,725	50,000	3,087E+1
1116,046	49,719	50,000	3,112E+1
1117,046	49,770	50,000	2,911E+1
1118,046	49,791	50,000	2,833E+1
1119,046	49,757	50,000	2,968E+1
1120,046	49,798	50,000	2,803E+1
1121,046	49,766	50,000	2,933E+1
1122,046	49,799	50,000	2,803E+1
1123,046	49,778	50,000	2,889E+1
1124,046	49,835	50,000	2,660E+1
1125,046	49,873	50,000	2,512E+1
1126,046	49,821	50,000	2,719E+1
1127,046	49,823	50,000	2,710E+1
1128,046	49,826	50,000	2,701E+1
1129,046	49,779	50,000	2,888E+1
1130,046	49,817	50,000	2,738E+1
1131,046	49,785	50,000	2,864E+1
1132,046	49,799	50,000	2,809E+1
1133,047	49,800	50,000	2,806E+1
1134,047	49,752	50,000	2,997E+1
1135,047	49,758	50,000	2,977E+1
1136,047	49,771	50,000	2,926E+1
1137,047	49,760	50,000	2,973E+1
1138,047	49,709	50,000	3,176E+1
1139,047	49,691	50,000	3,249E+1
1140,047	49,730	50,000	3,094E+1
1141,047	49,793	50,000	2,847E+1
1142,047	49,806	50,000	2,795E+1
1143,047	49,762	50,000	2,970E+1
1144,047	49,699	50,000	3,223E+1
1145,047	49,727	50,000	3,109E+1
1146,047	49,704	50,000	3,201E+1
1147,047	49,740	50,000	3,060E+1
1148,047	49,775	50,000	2,927E+1
1149,047	49,800	50,000	2,825E+1
1150,047	49,717	50,000	3,156E+1
1151,047	49,676	50,000	3,320E+1
1152,047	49,715	50,000	3,169E+1
1153,047	49,733	50,000	3,095E+1
1154,047	49,769	50,000	2,956E+1
1155,047	49,738	50,000	3,079E+1
1156,047	49,742	50,000	3,065E+1
1157,047	49,711	50,000	3,189E+1
1158,047	49,687	50,000	3,285E+1
1159,047	49,715	50,000	3,178E+1
1160,047	49,749	50,000	3,042E+1
1161,047	49,733	50,000	3,109E+1
1162,047	49,739	50,000	3,086E+1
1163,047	49,725	50,000	3,139E+1
1164,047	49,743	50,000	3,071E+1
1165,047	49,740	50,000	3,082E+1
1166,047	49,686	50,000	3,299E+1
1167,048	49,666	50,000	3,382E+1
1168,048	49,668	50,000	3,375E+1
1169,048	49,653	50,000	3,434E+1
1170,048	49,694	50,000	3,271E+1
1171,048	49,709	50,000	3,213E+1
1172,048	49,653	50,000	3,440E+1
1173,048	49,620	50,000	3,571E+1
1174,048	49,627	50,000	3,545E+1
1175,048	49,635	50,000	3,515E+1
1176,048	49,620	50,000	3,578E+1
1177,048	49,616	50,000	3,593E+1
1178,048	49,615	50,000	3,597E+1
1179,048	49,627	50,000	3,555E+1
1180,048	49,596	50,000	3,678E+1
1181,048	49,663	50,000	3,414E+1
1182,048	49,656	50,000	3,443E+1
1183,048	49,707	50,000	3,243E+1
1184,048	49,713	50,000	3,220E+1
1185,048	49,695	50,000	3,293E+1
1186,048	49,733	50,000	3,146E+1
1187,048	49,796	50,000	2,897E+1
1188,048	49,790	50,000	2,922E+1
1189,048	49,781	50,000	2,955E+1
1190,048	49,773	50,000	2,987E+1
1191,048	49,792	50,000	2,915E+1
1192,048	49,781	50,000	2,960E+1
1193,048	49,787	50,000	2,939E+1
1194,048	49,721	50,000	3,199E+1
1195,048	49,741	50,000	3,121E+1
1196,049	49,811	50,000	2,843E+1
1197,049	49,806	50,000	2,864E+1
1198,049	49,803	50,000	2,877E+1
1199,049	49,775	50,000	2,988E+1
1200,049	49,800	50,000	2,892E+1
1201,049	49,788	50,000	2,939E+1
1202,049	49,784	50,000	2,958E+1
1203,049	49,730	50,000	3,172E+1
1204,049	49,720	50,000	3,213E+1
1205,049	49,737	50,000	3,149E+1
1206,049	49,648	50,000	3,499E+1
1207,049	49,725	50,000	3,196E+1
1208,049	49,693	50,000	3,326E+1
1209,049	49,715	50,000	3,242E+1
1210,049	49,742	50,000	3,132E+1
1211,049	49,697	50,000	3,314E+1
1212,049	49,690	50,000	3,343E+1
1213,049	49,672	50,000	3,417E+1
1214,049	49,677	50,000	3,397E+1
1215,049	49,716	50,000	3,242E+1
1216,049	49,700	50,000	3,309E+1
1217,049	49,737	50,000	3,161E+1
1218,049	49,770	50,000	3,034E+1
1219,049	49,754	50,000	3,098E+1
1220,049	49,784	50,000	2,981E+1
1221,049	49,752	50,000	3,106E+1
1222,049	49,779	50,000	3,004E+1
1223,049	49,764	50,000	3,065E+1
1224,049	49,776	50,000	3,016E+1
1225,049	49,757	50,000	3,095E+1
1226,049	49,730	50,000	3,201E+1
1227,049	49,725	50,000	3,222E+1
1228,049	49,710	50,000	3,284E+1
1229,050	49,769	50,000	3,050E+1
1230,050	49,806	50,000	2,904E+1
1231,050	49,782	50,000	3,000E+1
1232,050	49,851	50,000	2,728E+1
1233,050	49,813	50,000	2,877E+1
1234,050	49,818	50,000	2,860E+1
1235,050	49,877	50,000	2,629E+1
1236,050	49,893	50,000	2,564E+1
1237,050	49,857	50,000	2,708E+1
1238,050	49,833	50,000	2,803E+1
1239,050	49,876	50,000	2,636E+1
1240,050	49,892	50,000	2,569E+1
1241,050	49,832	50,000	2,811E+1
1242,050	49,845	50,000	2,758E+1
1243,050	49,773	50,000	3,042E+1
1244,050	49,764	50,000	3,081E+1
1245,050	49,789	50,000	2,983E+1
1246,050	49,787	50,000	2,992E+1
1247,050	49,755	50,000	3,118E+1
1248,050	49,778	50,000	3,032E+1
1249,050	49,850	50,000	2,745E+1
1250,050	49,857	50,000	2,718E+1
1251,050	49,825	50,000	2,848E+1
1252,050	49,806	50,000	2,922E+1
1253,050	49,818	50,000	2,875E+1
1254,050	49,735	50,000	3,205E+1
1255,051	49,730	50,000	3,226E+1
1256,051	49,700	50,000	3,344E+1
1257,051	49,682	50,000	3,419E+1
1258,051	49,648	50,000	3,553E+1
1259,051	49,610	50,000	3,707E+1
1260,051	49,583	50,000	3,816E+1
1261,051	49,667	50,000	3,485E+1
1262,051	49,683	50,000	3,421E+1
1263,051	49,670	50,000	3,476E+1
1264,051	49,704	50,000	3,344E+1
1265,051	49,733	50,000	3,231E+1
1266,051	49,750	50,000	3,163E+1
1267,051	49,718	50,000	3,289E+1
1268,051	49,644	50,000	3,587E+1
1269,051	49,622	50,000	3,674E+1
1270,051	49,602	50,000	3,753E+1
1271,051	49,585	50,000	3,822E+1
1272,051	49,586	50,000	3,822E+1
1273,051	49,617	50,000	3,699E+1
1274,051	49,606	50,000	3,744E+1
1275,051	49,602	50,000	3,764E+1
1276,051	49,520	50,000	4,089E+1
1277,051	49,545	50,000	3,994E+1
1278,051	49,627	50,000	3,669E+1
1279,051	49,641	50,000	3,617E+1
1280,051	49,651	50,000	3,579E+1
1281,051	49,696	50,000	3,402E+1
1282,051	49,660	50,000	3,548E+1
1283,051	49,617	50,000	3,720E+1
1284,051	49,710	50,000	3,352E+1
1285,051	49,703	50,000	3,383E+1
1286,051	49,675	50,000	3,493E+1
1287,052	49,618	50,000	3,718E+1
1288,052	49,650	50,000	3,597E+1
1289,052	49,635	50,000	3,658E+1
1290,052	49,675	50,000	3,497E+1
1291,052	49,693	50,000	3,431E+1
1292,052	49,678	50,000	3,490E+1
1293,052	49,713	50,000	3,353E+1
1294,052	49,802	50,000	3,004E+1
1295,052	49,832	50,000	2,884E+1
1296,052	49,857	50,000	2,785E+1
1297,052	49,909	50,000	2,582E+1
1298,052	49,815	50,000	2,953E+1
1299,052	49,791	50,000	3,049E+1
1300,052	49,823	50,000	2,925E+1
1301,052	49,834	50,000	2,878E+1
1302,052	49,823	50,000	2,923E+1
1303,052	49,811	50,000	2,973E+1
1304,052	49,792	50,000	3,047E+1
1305,052	49,827	50,000	2,911E+1
1306,052	49,800	50,000	3,017E+1
1307,052	49,893	50,000	2,651E+1
1308,052	49,895	50,000	2,644E+1
1309,052	49,876	50,000	2,720E+1
1310,052	49,850	50,000	2,823E+1
1311,052	49,797	50,000	3,034E+1
1312,052	49,809	50,000	2,985E+1
1313,052	49,879	50,000	2,713E+1
1314,052	49,834	50,000	2,890E+1
1315,052	49,823	50,000	2,936E+1
1316,053	49,808	50,000	2,996E+1
1317,053	49,858	50,000	2,799E+1
1318,053	49,804	50,000	3,012E+1
1319,053	49,814	50,000	2,973E+1
1320,053	49,791	50,000	3,063E+1
1321,053	49,820	50,000	2,949E+1
1322,053	49,846	50,000	2,849E+1
1323,053	49,773	50,000	3,137E+1
1324,053	49,854	50,000	2,819E+1
1325,053	49,874	50,000	2,740E+1
1326,053	49,888	50,000	2,685E+1
1327,053	49,862	50,000	2,791E+1
1328,053	49,886	50,000	2,692E+1
1329,053	49,904	50,000	2,626E+1
1330,053	49,845	50,000	2,858E+1
1331,053	49,802	50,000	3,027E+1
1332,053	49,841	50,000	2,875E+1
1333,053	49,838	50,000	2,886E+1
1334,053	49,822	50,000	2,954E+1
1335,053	49,817	50,000	2,975E+1
1336,053	49,856	50,000	2,819E+1
1337,053	49,937	50,000	2,497E+1
1338,053	49,939	50,000	2,493E+1
1339,053	50,008	50,000	2,220E+1
1340,053	49,988	50,000	2,297E+1
1341,053	50,011	50,000	2,208E+1
1342,053	49,992	50,000	2,283E+1
1343,053	50,019	50,000	2,176E+1
1344,054	49,996	50,000	2,263E+1
1345,054	50,096	50,000	1,871E+1
1346,054	50,044	50,000	2,075E+1
1347,054	50,043	50,000	2,080E+1
1348,054	49,986	50,000	2,306E+1
1349,054	49,937	50,000	2,496E+1
1350,054	49,953	50,000	2,437E+1
1351,054	50,006	50,000	2,225E+1
1352,054	49,982	50,000	2,320E+1
1353,054	50,020	50,000	2,170E+1
1354,054	50,025	50,000	2,148E+1
1355,054	50,056	50,000	2,029E+1
1356,054	50,019	50,000	2,175E+1
1357,054	50,001	50,000	2,247E+1
1358,054	50,012	50,000	2,201E+1
1359,054	50,026	50,000	2,146E+1
1360,054	49,956	50,000	2,425E+1
1361,054	49,921	50,000	2,560E+1
1362,054	50,016	50,000	2,186E+1
1363,054	50,020	50,000	2,170E+1
1364,054	49,987	50,000	2,300E+1
1365,054	50,005	50,000	2,229E+1
1366,054	49,977	50,000	2,340E+1
1367,054	49,948	50,000	2,455E+1
1368,054	49,915	50,000	2,586E+1
1369,054	49,863	50,000	2,792E+1
1370,054	49,810	50,000	3,003E+1
1371,054	49,802	50,000	3,038E+1
1372,054	49,772	50,000	3,155E+1
1373,054	49,811	50,000	3,002E+1
1374,054	49,760	50,000	3,205E+1
1375,054	49,823	50,000	2,956E+1
1376,054	49,773	50,000	3,155E+1
1377,054	49,767	50,000	3,178E+1
1378,054	49,803	50,000	3,040E+1
1379,055	49,853	50,000	2,843E+1
1380,055	49,814	50,000	2,994E+1
1381,055	49,847	50,000	2,866E+1
1382,055	49,788	50,000	3,101E+1
1383,055	49,796	50,000	3,072E+1
1384,055	49,802	50,000	3,047E+1
1385,055	49,811	50,000	3,011E+1
1386,055	49,876	50,000	2,758E+1
1387,055	49,914	50,000	2,606E+1
1388,055	49,891	50,000	2,697E+1
1389,055	49,921	50,000	2,581E+1
1390,055	49,858	50,000	2,831E+1
1391,055	49,874	50,000	2,766E+1
1392,055	49,929	50,000	2,547E+1
1393,055	49,909	50,000	2,628E+1
1394,055	49,859	50,000	2,825E+1
1395,055	49,855	50,000	2,845E+1
1396,055	49,885	50,000	2,725E+1
1397,055	49,876	50,000	2,763E+1
1398,055	49,831	50,000	2,942E+1
1399,055	49,809	50,000	3,030E+1
1400,055	49,846	50,000	2,885E+1
1401,055	49,819	50,000	2,990E+1
1402,055	49,789	50,000	3,110E+1
1403,055	49,743	50,000	3,293E+1
1404,055	49,739	50,000	3,310E+1
1405,055	49,700	50,000	3,468E+1
1406,055	49,760	50,000	3,231E+1
1407,055	49,750	50,000	3,270E+1
1408,055	49,742	50,000	3,303E+1
1409,055	49,828	50,000	2,965E+1
1410,056	49,840	50,000	2,915E+1
1411,056	49,814	50,000	3,020E+1
1412,056	49,809	50,000	3,041E+1
1413,056	49,808	50,000	3,044E+1
1414,056	49,829	50,000	2,962E+1
1415,056	49,810	50,000	3,040E+1
1416,056	49,803	50,000	3,068E+1
1417,056	49,755	50,000	3,257E+1
1418,056	49,725	50,000	3,381E+1
1419,056	49,716	50,000	3,414E+1
1420,056	49,751	50,000	3,281E+1
1421,056	49,798	50,000	3,094E+1
1422,056	49,787	50,000	3,138E+1
1423,056	49,785	50,000	3,147E+1
1424,056	49,810	50,000	3,047E+1
1425,056	49,766	50,000	3,224E+1
1426,056	49,722	50,000	3,399E+1
1427,056	49,751	50,000	3,288E+1
1428,056	49,728	50,000	3,376E+1
1429,056	49,724	50,000	3,397E+1
1430,056	49,745	50,000	3,313E+1
1431,056	49,716	50,000	3,429E+1
1432,056	49,758	50,000	3,266E+1
1433,056	49,726	50,000	3,392E+1
1434,056	49,702	50,000	3,488E+1
1435,056	49,783	50,000	3,169E+1
1436,056	49,769	50,000	3,225E+1
1437,056	49,743	50,000	3,327E+1
1438,056	49,730	50,000	3,382E+1
1439,056	49,755	50,000	3,286E+1
1440,056	49,710	50,000	3,462E+1
1441,056	49,776	50,000	3,201E+1
1442,057	49,772	50,000	3,220E+1
1443,057	49,755	50,000	3,291E+1
1444,057	49,773	50,000	3,216E+1
1445,057	49,787	50,000	3,166E+1
1446,057	49,822	50,000	3,024E+1
1447,057	49,805	50,000	3,096E+1
1448,057	49,852	50,000	2,909E+1
1449,057	49,873	50,000	2,826E+1
1450,057	49,847	50,000	2,930E+1
1451,057	49,828	50,000	3,008E+1
1452,057	49,791	50,000	3,151E+1
1453,057	49,748	50,000	3,323E+1
1454,057	49,766	50,000	3,255E+1
1455,057	49,752	50,000	3,311E+1
1456,057	49,678	50,000	3,605E+1
1457,057	49,678	50,000	3,607E+1
1458,057	49,722	50,000	3,434E+1
1459,057	49,779	50,000	3,209E+1
1460,057	49,791	50,000	3,161E+1
1461,057	49,814	50,000	3,073E+1
1462,057	49,802	50,000	3,121E+1
1463,057	49,849	50,000	2,934E+1
1464,057	49,795	50,000	3,150E+1
1465,057	49,844	50,000	2,955E+1
1466,057	49,866	50,000	2,871E+1
1467,057	49,925	50,000	2,635E+1
1468,057	49,917	50,000	2,669E+1
1469,057	49,942	50,000	2,571E+1
1470,057	49,903	50,000	2,728E+1
1471,057	49,840	50,000	2,978E+1
1472,057	49,825	50,000	3,038E+1
1473,057	49,782	50,000	3,205E+1
1474,057	49,820	50,000	3,055E+1
1475,057	49,853	50,000	2,927E+1
1476,057	49,873	50,000	2,851E+1
1477,057	49,816	50,000	3,077E+1
1478,058	49,801	50,000	3,136E+1
1479,058	49,831	50,000	3,020E+1
1480,058	49,848	50,000	2,951E+1
1481,058	49,858	50,000	2,914E+1
1482,058	49,873	50,000	2,855E+1
1483,058	49,850	50,000	2,943E+1
1484,058	49,827	50,000	3,039E+1
1485,058	49,843	50,000	2,976E+1
1486,058	49,831	50,000	3,022E+1
1487,058	49,811	50,000	3,102E+1
1488,058	49,800	50,000	3,145E+1
1489,058	49,754	50,000	3,332E+1
1490,058	49,718	50,000	3,472E+1
1491,058	49,707	50,000	3,521E+1
1492,058	49,745	50,000	3,367E+1
1493,058	49,727	50,000	3,444E+1
1494,058	49,782	50,000	3,223E+1
1495,058	49,815	50,000	3,095E+1
1496,058	49,811	50,000	3,110E+1
1497,058	49,820	50,000	3,077E+1
1498,058	49,825	50,000	3,058E+1
1499,058	49,818	50,000	3,087E+1
1500,058	49,802	50,000	3,149E+1
1501,058	49,770	50,000	3,277E+1
1502,058	49,855	50,000	2,945E+1
1503,058	49,847	50,000	2,973E+1
1504,058	49,782	50,000	3,234E+1
1505,058	49,773	50,000	3,270E+1
1506,058	49,772	50,000	3,275E+1
1507,058	49,778	50,000	3,254E+1
1508,058	49,715	50,000	3,501E+1
1509,059	49,763	50,000	3,314E+1
1510,059	49,796	50,000	3,186E+1
1511,059	49,771	50,000	3,284E+1
1512,059	49,785	50,000	3,230E+1
1513,059	49,785	50,000	3,231E+1
1514,059	49,780	50,000	3,252E+1
1515,059	49,770	50,000	3,294E+1
1516,059	49,788	50,000	3,220E+1
1517,059	49,861	50,000	2,934E+1
1518,059	49,864	50,000	2,925E+1
1519,059	49,880	50,000	2,862E+1
1520,059	49,861	50,000	2,934E+1
1521,059	49,838	50,000	3,025E+1
1522,059	49,800	50,000	3,181E+1
1523,059	49,773	50,000	3,289E+1
1524,059	49,775	50,000	3,280E+1
1525,059	49,749	50,000	3,382E+1
1526,059	49,791	50,000	3,220E+1
1527,059	49,837	50,000	3,037E+1
1528,059	49,863	50,000	2,935E+1
1529,059	49,870	50,000	2,908E+1
1530,059	49,831	50,000	3,061E+1
1531,059	49,844	50,000	3,014E+1
1532,059	49,838	50,000	3,035E+1
1533,059	49,866	50,000	2,926E+1
1534,059	49,844	50,000	3,014E+1
1535,059	49,899	50,000	2,797E+1
1536,059	49,938	50,000	2,643E+1
1537,059	49,925	50,000	2,693E+1
1538,060	49,872	50,000	2,905E+1
1539,060	49,903	50,000	2,781E+1
1540,060	49,909	50,000	2,761E+1
1541,060	49,946	50,000	2,615E+1
1542,060	49,923	50,000	2,705E+1
1543,060	49,960	50,000	2,558E+1
1544,060	49,993	50,000	2,426E+1
1545,060	49,947	50,000	2,608E+1
1546,060	49,894	50,000	2,820E+1
1547,060	49,932	50,000	2,670E+1
1548,060	49,954	50,000	2,585E+1
1549,060	49,920	50,000	2,718E+1
1550,060	49,914	50,000	2,742E+1
1551,060	49,884	50,000	2,862E+1
1552,060	49,857	50,000	2,969E+1
1553,060	49,919	50,000	2,724E+1
1554,060	49,927	50,000	2,693E+1
1555,060	49,983	50,000	2,469E+1
1556,060	49,978	50,000	2,493E+1
1557,060	49,931	50,000	2,675E+1
1558,060	49,951	50,000	2,597E+1
1559,060	49,978	50,000	2,490E+1
1560,060	49,970	50,000	2,524E+1
1561,060	49,922	50,000	2,716E+1
1562,060	49,884	50,000	2,865E+1
1563,060	49,861	50,000	2,958E+1
1564,060	49,900	50,000	2,805E+1
1565,060	49,912	50,000	2,757E+1
1566,060	49,901	50,000	2,799E+1
1567,060	49,945	50,000	2,628E+1
1568,060	49,886	50,000	2,858E+1
1569,061	49,894	50,000	2,830E+1
1570,061	49,868	50,000	2,934E+1
1571,061	49,837	50,000	3,057E+1
1572,061	49,862	50,000	2,957E+1
1573,061	49,855	50,000	2,985E+1
1574,061	49,824	50,000	3,109E+1
1575,061	49,802	50,000	3,197E+1
1576,061	49,825	50,000	3,107E+1
1577,061	49,893	50,000	2,838E+1
1578,061	49,880	50,000	2,890E+1
1579,061	49,784	50,000	3,271E+1
1580,061	49,797	50,000	3,218E+1
1581,061	49,787	50,000	3,261E+1
1582,061	49,787	50,000	3,262E+1
1583,061	49,824	50,000	3,118E+1
1584,061	49,813	50,000	3,161E+1
1585,061	49,880	50,000	2,896E+1
1586,061	49,884	50,000	2,881E+1
1587,061	49,867	50,000	2,948E+1
1588,061	49,841	50,000	3,052E+1
1589,061	49,854	50,000	3,001E+1
1590,061	49,849	50,000	3,024E+1
1591,061	49,895	50,000	2,840E+1
1592,061	49,903	50,000	2,811E+1
1593,061	49,861	50,000	2,978E+1
1594,061	49,841	50,000	3,054E+1
1595,061	49,849	50,000	3,023E+1
1596,062	49,850	50,000	3,021E+1
1597,062	49,858	50,000	2,992E+1
1598,062	49,846	50,000	3,039E+1
1599,062	49,859	50,000	2,988E+1
1600,062	49,844	50,000	3,048E+1
1601,062	49,877	50,000	2,916E+1
1602,062	49,904	50,000	2,811E+1
1603,062	49,855	50,000	3,004E+1
1604,062	49,797	50,000	3,236E+1
1605,062	49,758	50,000	3,390E+1
1606,062	49,752	50,000	3,415E+1
1607,062	49,787	50,000	3,277E+1
1608,062	49,779	50,000	3,310E+1
1609,062	49,791	50,000	3,267E+1
1610,062	49,792	50,000	3,262E+1
1611,062	49,788	50,000	3,277E+1
1612,062	49,806	50,000	3,207E+1
1613,062	49,761	50,000	3,388E+1
1614,062	49,769	50,000	3,355E+1
1615,062	49,777	50,000	3,327E+1
1616,062	49,761	50,000	3,393E+1
1617,062	49,794	50,000	3,259E+1
1618,062	49,779	50,000	3,320E+1
1619,062	49,822	50,000	3,150E+1
1620,062	49,817	50,000	3,175E+1
1621,062	49,954	50,000	2,629E+1
1622,062	49,882	50,000	2,918E+1
1623,062	49,894	50,000	2,867E+1
1624,062	49,897	50,000	2,860E+1
1625,062	49,885	50,000	2,906E+1
1626,062	49,862	50,000	2,996E+1
1627,062	49,793	50,000	3,272E+1
1628,062	49,745	50,000	3,465E+1
1629,063	49,766	50,000	3,381E+1
1630,063	49,759	50,000	3,410E+1
1631,063	49,794	50,000	3,270E+1
1632,063	49,822	50,000	3,164E+1
1633,063	49,789	50,000	3,293E+1
1634,063	49,831	50,000	3,128E+1
1635,063	49,860	50,000	3,014E+1
1636,063	49,826	50,000	3,149E+1
1637,063	49,802	50,000	3,247E+1
1638,063	49,692	50,000	3,682E+1
1639,063	49,730	50,000	3,533E+1
1640,063	49,736	50,000	3,510E+1
1641,063	49,731	50,000	3,531E+1
1642,064	49,723	50,000	3,564E+1
1643,064	49,776	50,000	3,357E+1
1644,064	49,778	50,000	3,348E+1
1645,064	49,808	50,000	3,230E+1
1646,064	49,849	50,000	3,071E+1
1647,064	49,857	50,000	3,038E+1
1648,064	49,892	50,000	2,902E+1
1649,064	49,904	50,000	2,853E+1
1650,064	49,930	50,000	2,748E+1
1651,064	49,980	50,000	2,552E+1
1652,064	49,986	50,000	2,529E+1
1653,064	50,001	50,000	2,469E+1
1654,064	49,960	50,000	2,632E+1
1655,064	49,966	50,000	2,606E+1
1656,064	49,984	50,000	2,535E+1
1657,064	49,975	50,000	2,571E+1
1658,064	49,951	50,000	2,668E+1
1659,064	49,922	50,000	2,785E+1
1660,064	49,948	50,000	2,678E+1
1661,064	50,002	50,000	2,467E+1
1662,064	50,064	50,000	2,219E+1
1663,064	50,114	50,000	2,025E+1
1664,064	50,127	50,000	1,969E+1
1665,064	50,117	50,000	2,008E+1
1666,064	50,102	50,000	2,071E+1
1667,064	50,097	50,000	2,090E+1
1668,064	50,168	50,000	1,808E+1
1669,064	50,161	50,000	1,833E+1
1670,064	50,150	50,000	1,878E+1
1671,064	50,111	50,000	2,028E+1
1672,064	50,074	50,000	2,176E+1
1673,065	50,058	50,000	2,239E+1
1674,065	50,034	50,000	2,336E+1
1675,065	49,951	50,000	2,663E+1
1676,065	49,960	50,000	2,625E+1
1677,065	49,933	50,000	2,732E+1
1678,065	49,886	50,000	2,919E+1
1679,065	49,857	50,000	3,036E+1
1680,065	49,776	50,000	3,356E+1
1681,065	49,806	50,000	3,240E+1
1682,065	49,875	50,000	2,967E+1
1683,065	49,901	50,000	2,865E+1
1684,065	49,842	50,000	3,099E+1
1685,065	49,818	50,000	3,197E+1
1686,065	49,846	50,000	3,083E+1
1687,065	49,916	50,000	2,806E+1
1688,065	49,879	50,000	2,955E+1
1689,065	49,898	50,000	2,880E+1
1690,065	49,885	50,000	2,932E+1
1691,065	49,890	50,000	2,913E+1
1692,065	49,853	50,000	3,060E+1
1693,065	49,854	50,000	3,057E+1
1694,065	49,923	50,000	2,784E+1
1695,065	49,953	50,000	2,664E+1
1696,065	49,926	50,000	2,773E+1
1697,065	49,953	50,000	2,668E+1
1698,065	50,010	50,000	2,443E+1
1699,065	50,031	50,000	2,359E+1
1700,065	50,040	50,000	2,324E+1
1701,065	50,043	50,000	2,311E+1
1702,065	50,038	50,000	2,329E+1
1703,065	50,023	50,000	2,386E+1
1704,065	50,013	50,000	2,428E+1
1705,066	49,987	50,000	2,529E+1
1706,066	49,974	50,000	2,582E+1
1707,066	49,991	50,000	2,515E+1
1708,066	49,969	50,000	2,604E+1
1709,066	49,925	50,000	2,777E+1
1710,066	49,923	50,000	2,785E+1
1711,066	49,932	50,000	2,750E+1
1712,066	49,894	50,000	2,899E+1
1713,066	49,933	50,000	2,747E+1
1714,066	49,918	50,000	2,808E+1
1715,066	49,930	50,000	2,761E+1
1716,066	49,963	50,000	2,627E+1
1717,066	49,962	50,000	2,635E+1
1718,066	49,967	50,000	2,613E+1
1719,066	49,972	50,000	2,594E+1
1720,066	49,968	50,000	2,612E+1
1721,066	49,989	50,000	2,527E+1
1722,066	49,995	50,000	2,501E+1
1723,066	49,914	50,000	2,824E+1
1724,066	49,830	50,000	3,157E+1
1725,066	49,790	50,000	3,316E+1
1726,066	49,820	50,000	3,198E+1
1727,066	49,862	50,000	3,033E+1
1728,066	49,828	50,000	3,170E+1
1729,066	49,816	50,000	3,214E+1
1730,066	49,826	50,000	3,176E+1
1731,066	49,823	50,000	3,188E+1
1732,066	49,891	50,000	2,924E+1
1733,066	49,819	50,000	3,207E+1
1734,067	49,822	50,000	3,198E+1
1735,067	49,836	50,000	3,142E+1
1736,067	49,886	50,000	2,944E+1
1737,067	49,880	50,000	2,969E+1
1738,067	49,809	50,000	3,250E+1
1739,067	49,809	50,000	3,253E+1
1740,067	49,803	50,000	3,276E+1
1741,067	49,802	50,000	3,279E+1
1742,067	49,816	50,000	3,226E+1
1743,067	49,811	50,000	3,247E+1
1744,067	49,805	50,000	3,269E+1
1745,067	49,888	50,000	2,943E+1
1746,067	49,850	50,000	3,097E+1
1747,067	49,860	50,000	3,056E+1
1748,067	49,823	50,000	3,201E+1
1749,067	49,723	50,000	3,600E+1
1750,067	49,678	50,000	3,781E+1
1751,067	49,713	50,000	3,642E+1
1752,067	49,726	50,000	3,592E+1
1753,067	49,806	50,000	3,274E+1
1754,067	49,808	50,000	3,269E+1
1755,067	49,785	50,000	3,361E+1
1756,067	49,795	50,000	3,321E+1
1757,067	49,767	50,000	3,434E+1
1758,067	49,812	50,000	3,257E+1
1759,067	49,876	50,000	3,004E+1
1760,067	49,898	50,000	2,918E+1
1761,067	49,924	50,000	2,817E+1
1762,067	49,953	50,000	2,699E+1
1763,067	49,915	50,000	2,853E+1
1764,067	49,849	50,000	3,111E+1
1765,067	49,817	50,000	3,241E+1
1766,067	49,832	50,000	3,180E+1
1767,068	49,886	50,000	2,969E+1
1768,068	49,921	50,000	2,833E+1
1769,068	49,981	50,000	2,593E+1
1770,068	49,953	50,000	2,705E+1
1771,068	49,949	50,000	2,721E+1
1772,068	49,928	50,000	2,804E+1
1773,068	49,899	50,000	2,919E+1
1774,068	49,905	50,000	2,896E+1
1775,068	49,845	50,000	3,134E+1
1776,068	49,812	50,000	3,264E+1
1777,068	49,822	50,000	3,229E+1
1778,068	49,864	50,000	3,061E+1
1779,068	49,888	50,000	2,967E+1
1780,068	49,872	50,000	3,031E+1
1781,068	49,906	50,000	2,898E+1
1782,068	49,931	50,000	2,796E+1
1783,068	49,953	50,000	2,711E+1
1784,068	49,916	50,000	2,856E+1
1785,068	49,883	50,000	2,989E+1
1786,068	49,905	50,000	2,902E+1
1787,068	49,831	50,000	3,194E+1
1788,068	49,783	50,000	3,387E+1
1789,068	49,867	50,000	3,057E+1
1790,068	49,885	50,000	2,986E+1
1791,068	49,867	50,000	3,054E+1
1792,068	49,860	50,000	3,084E+1
1793,068	49,882	50,000	3,000E+1
1794,068	49,867	50,000	3,060E+1
1795,068	49,873	50,000	3,033E+1
1796,069	49,859	50,000	3,089E+1
1797,069	49,962	50,000	2,683E+1
1798,069	50,001	50,000	2,529E+1
1799,069	49,988	50,000	2,580E+1
1800,069	49,983	50,000	2,602E+1
1801,069	49,956	50,000	2,707E+1
1802,069	49,962	50,000	2,684E+1
1803,069	49,945	50,000	2,753E+1
1804,069	49,914	50,000	2,874E+1
1805,069	49,933	50,000	2,799E+1
1806,069	49,886	50,000	2,988E+1
1807,069	49,880	50,000	3,008E+1
1808,069	49,911	50,000	2,888E+1
1809,069	49,838	50,000	3,176E+1
1810,069	49,873	50,000	3,042E+1
1811,069	49,872	50,000	3,044E+1
1812,069	49,881	50,000	3,009E+1
1813,069	49,928	50,000	2,823E+1
1814,069	49,821	50,000	3,248E+1
1815,069	49,796	50,000	3,350E+1
1816,069	49,851	50,000	3,131E+1
1817,069	49,862	50,000	3,086E+1
1818,069	49,925	50,000	2,837E+1
1819,069	49,916	50,000	2,877E+1
1820,069	49,871	50,000	3,051E+1
1821,069	49,915	50,000	2,880E+1
1822,069	49,966	50,000	2,676E+1
1823,069	49,981	50,000	2,619E+1
1824,069	49,978	50,000	2,629E+1
1825,069	49,990	50,000	2,581E+1
1826,069	49,989	50,000	2,585E+1
1827,069	49,941	50,000	2,775E+1
1828,069	49,950	50,000	2,742E+1
1829,070	49,951	50,000	2,738E+1
1830,070	49,931	50,000	2,816E+1
1831,070	49,927	50,000	2,834E+1
1832,070	49,929	50,000	2,824E+1
1833,070	49,893	50,000	2,969E+1
1834,070	49,951	50,000	2,738E+1
1835,070	50,007	50,000	2,518E+1
1836,070	49,935	50,000	2,804E+1
1837,070	49,922	50,000	2,855E+1
1838,070	49,899	50,000	2,947E+1
1839,070	49,898	50,000	2,953E+1
1840,070	49,968	50,000	2,672E+1
1841,070	49,907	50,000	2,918E+1
1842,070	49,847	50,000	3,152E+1
1843,070	49,920	50,000	2,866E+1
1844,070	49,944	50,000	2,773E+1
1845,070	49,962	50,000	2,700E+1
1846,071	49,957	50,000	2,722E+1
1847,071	49,934	50,000	2,811E+1
1848,071	49,892	50,000	2,976E+1
1849,071	49,837	50,000	3,194E+1
1850,071	49,886	50,000	3,001E+1
1851,071	49,826	50,000	3,241E+1
1852,071	49,819	50,000	3,270E+1
1853,071	49,841	50,000	3,181E+1
1854,071	49,888	50,000	2,998E+1
1855,071	49,858	50,000	3,119E+1
1856,071	49,856	50,000	3,124E+1
1857,071	49,862	50,000	3,103E+1
1858,071	49,835	50,000	3,208E+1
1859,071	49,819	50,000	3,276E+1
1860,071	49,869	50,000	3,077E+1
1861,071	49,817	50,000	3,286E+1
1862,071	49,864	50,000	3,100E+1
1863,071	49,835	50,000	3,214E+1
1864,071	49,868	50,000	3,082E+1
1865,071	49,806	50,000	3,328E+1
1866,071	49,891	50,000	2,996E+1
1867,071	49,962	50,000	2,713E+1
1868,071	50,028	50,000	2,454E+1
1869,071	50,002	50,000	2,555E+1
1870,071	49,992	50,000	2,597E+1
1871,071	49,995	50,000	2,583E+1
1872,071	49,900	50,000	2,961E+1
1873,071	49,956	50,000	2,740E+1
1874,071	49,954	50,000	2,746E+1
1875,071	49,947	50,000	2,776E+1
1876,072	49,901	50,000	2,956E+1
1877,072	49,889	50,000	3,006E+1
1878,072	49,861	50,000	3,116E+1
1879,072	49,863	50,000	3,108E+1
1880,072	49,873	50,000	3,069E+1
1881,072	49,919	50,000	2,890E+1
1882,072	49,918	50,000	2,892E+1
1883,072	49,925	50,000	2,867E+1
1884,072	49,868	50,000	3,089E+1
1885,072	49,739	50,000	3,605E+1
1886,072	49,763	50,000	3,511E+1
1887,072	49,861	50,000	3,120E+1
1888,072	49,902	50,000	2,960E+1
1889,072	49,911	50,000	2,924E+1
1890,072	49,853	50,000	3,153E+1
1891,072	49,901	50,000	2,965E+1
1892,072	49,916	50,000	2,904E+1
1893,072	49,799	50,000	3,370E+1
1894,072	49,773	50,000	3,476E+1
1895,072	49,797	50,000	3,378E+1
1896,072	49,772	50,000	3,482E+1
1897,072	49,787	50,000	3,422E+1
1898,072	49,807	50,000	3,343E+1
1899,072	49,865	50,000	3,112E+1
1900,072	49,850	50,000	3,172E+1
1901,072	49,808	50,000	3,341E+1
1902,072	49,858	50,000	3,144E+1
1903,072	49,861	50,000	3,135E+1
1904,072	49,791	50,000	3,409E+1
1905,072	49,807	50,000	3,349E+1
1906,072	49,834	50,000	3,244E+1
1907,072	49,834	50,000	3,245E+1
1908,072	49,805	50,000	3,361E+1
1909,072	49,782	50,000	3,451E+1
1910,073	49,779	50,000	3,464E+1
1911,073	49,760	50,000	3,540E+1
1912,073	49,728	50,000	3,666E+1
1913,073	49,764	50,000	3,526E+1
1914,073	49,779	50,000	3,468E+1
1915,073	49,810	50,000	3,344E+1
1916,073	49,822	50,000	3,298E+1
1917,073	49,814	50,000	3,332E+1
1918,073	49,837	50,000	3,242E+1
1919,073	49,816	50,000	3,328E+1
1920,073	49,782	50,000	3,459E+1
1921,073	49,809	50,000	3,355E+1
1922,073	49,833	50,000	3,261E+1
1923,073	49,810	50,000	3,353E+1
1924,073	49,839	50,000	3,239E+1
1925,073	49,882	50,000	3,071E+1
1926,073	49,863	50,000	3,145E+1
1927,073	49,862	50,000	3,150E+1
1928,073	49,888	50,000	3,047E+1
1929,073	49,876	50,000	3,097E+1
1930,073	49,945	50,000	2,820E+1
1931,073	49,851	50,000	3,195E+1
1932,073	49,819	50,000	3,323E+1
1933,073	49,816	50,000	3,335E+1
1934,073	49,828	50,000	3,291E+1
1935,073	49,802	50,000	3,392E+1
1936,073	49,803	50,000	3,389E+1
1937,073	49,822	50,000	3,315E+1
1938,073	49,826	50,000	3,298E+1
1939,073	49,804	50,000	3,386E+1
1940,073	49,849	50,000	3,212E+1
1941,073	49,908	50,000	2,977E+1
1942,074	49,916	50,000	2,944E+1
1943,074	49,948	50,000	2,822E+1
1944,074	49,916	50,000	2,945E+1
1945,074	49,890	50,000	3,050E+1
1946,074	49,856	50,000	3,185E+1
1947,074	49,896	50,000	3,027E+1
1948,074	49,901	50,000	3,006E+1
1949,074	49,910	50,000	2,975E+1
1950,074	49,875	50,000	3,112E+1
1951,074	49,864	50,000	3,156E+1
1952,074	49,826	50,000	3,307E+1
1953,074	49,778	50,000	3,500E+1
1954,074	49,864	50,000	3,157E+1
1955,074	49,900	50,000	3,018E+1
1956,074	49,914	50,000	2,961E+1
1957,074	49,937	50,000	2,871E+1
1958,074	49,931	50,000	2,893E+1
1959,074	49,957	50,000	2,790E+1
1960,074	49,911	50,000	2,973E+1
1961,074	49,897	50,000	3,030E+1
1962,074	49,982	50,000	2,694E+1
1963,074	49,992	50,000	2,655E+1
1964,074	50,034	50,000	2,490E+1
1965,074	49,969	50,000	2,746E+1
1966,074	49,966	50,000	2,756E+1
1967,074	49,908	50,000	2,988E+1
1968,074	49,952	50,000	2,814E+1
1969,074	49,924	50,000	2,923E+1
1970,074	49,971	50,000	2,741E+1
1971,074	49,981	50,000	2,699E+1
1972,074	49,993	50,000	2,652E+1
1973,074	50,019	50,000	2,551E+1
1974,074	49,981	50,000	2,699E+1
1975,075	49,967	50,000	2,755E+1
1976,075	49,974	50,000	2,727E+1
1977,075	50,007	50,000	2,599E+1
1978,075	50,046	50,000	2,440E+1
1979,075	50,001	50,000	2,620E+1
1980,075	49,992	50,000	2,656E+1
1981,075	49,964	50,000	2,767E+1
1982,075	50,031	50,000	2,504E+1
1983,075	50,009	50,000	2,589E+1
1984,075	49,983	50,000	2,694E+1
1985,075	50,022	50,000	2,539E+1
1986,075	49,996	50,000	2,640E+1
1987,075	49,990	50,000	2,664E+1
1988,075	49,967	50,000	2,755E+1
1989,075	49,892	50,000	3,054E+1
1990,075	49,892	50,000	3,055E+1
1991,075	49,832	50,000	3,289E+1
1992,075	49,861	50,000	3,179E+1
1993,075	49,859	50,000	3,184E+1
1994,075	49,838	50,000	3,269E+1
1995,075	49,861	50,000	3,179E+1
1996,075	49,856	50,000	3,197E+1
1997,075	49,832	50,000	3,295E+1
1998,075	49,764	50,000	3,563E+1
1999,075	49,730	50,000	3,701E+1
2000,075	49,789	50,000	3,467E+1
2001,076	49,800	50,000	3,424E+1
2002,076	49,828	50,000	3,318E+1
2003,076	49,853	50,000	3,220E+1
2004,076	49,818	50,000	3,357E+1
2005,076	49,896	50,000	3,049E+1
2006,076	49,950	50,000	2,837E+1
2007,076	49,888	50,000	3,081E+1
2008,076	49,931	50,000	2,911E+1
2009,076	49,941	50,000	2,870E+1
2010,076	49,924	50,000	2,940E+1
2011,076	49,912	50,000	2,987E+1
2012,076	49,850	50,000	3,232E+1
2013,076	49,879	50,000	3,121E+1
2014,076	49,935	50,000	2,898E+1
2015,076	49,916	50,000	2,975E+1
2016,076	49,923	50,000	2,946E+1
2017,076	49,957	50,000	2,810E+1
2018,076	49,962	50,000	2,792E+1
2019,076	49,932	50,000	2,909E+1
2020,076	49,960	50,000	2,803E+1
2021,076	49,939	50,000	2,882E+1
2022,076	49,948	50,000	2,849E+1
2023,076	49,916	50,000	2,974E+1
2024,076	49,939	50,000	2,887E+1
2025,076	49,935	50,000	2,901E+1
2026,076	49,959	50,000	2,808E+1
2027,076	49,969	50,000	2,765E+1
2028,076	49,963	50,000	2,791E+1
2029,076	49,971	50,000	2,757E+1
2030,076	49,960	50,000	2,803E+1
2031,076	49,901	50,000	3,039E+1
2032,076	49,945	50,000	2,863E+1
2033,076	50,004	50,000	2,631E+1
2034,076	50,028	50,000	2,534E+1
2035,076	50,082	50,000	2,322E+1
2036,076	50,022	50,000	2,559E+1
2037,077	50,001	50,000	2,641E+1
2038,077	50,023	50,000	2,553E+1
2039,077	49,984	50,000	2,706E+1
2040,077	49,992	50,000	2,674E+1
2041,077	50,048	50,000	2,452E+1
2042,077	50,050	50,000	2,448E+1
2043,077	50,019	50,000	2,569E+1
2044,077	49,974	50,000	2,747E+1
2045,077	49,987	50,000	2,696E+1
2046,077	49,991	50,000	2,680E+1
2047,077	49,995	50,000	2,664E+1
2048,077	50,026	50,000	2,541E+1
2049,077	50,004	50,000	2,630E+1
2050,077	49,983	50,000	2,712E+1
2051,077	50,001	50,000	2,640E+1
2052,077	49,983	50,000	2,712E+1
2053,077	49,986	50,000	2,698E+1
2054,077	49,998	50,000	2,654E+1
2055,077	49,972	50,000	2,755E+1
2056,077	49,939	50,000	2,886E+1
2057,077	49,924	50,000	2,948E+1
2058,077	49,912	50,000	2,992E+1
2059,077	49,933	50,000	2,913E+1
2060,077	49,972	50,000	2,759E+1
2061,077	49,968	50,000	2,773E+1
2062,077	49,910	50,000	3,005E+1
2063,077	49,850	50,000	3,239E+1
2064,077	49,844	50,000	3,263E+1
2065,077	49,787	50,000	3,494E+1
2066,077	49,772	50,000	3,554E+1
2067,077	49,767	50,000	3,573E+1
2068,077	49,840	50,000	3,285E+1
2069,077	49,794	50,000	3,466E+1
2070,078	49,817	50,000	3,378E+1
2071,078	49,806	50,000	3,422E+1
2072,078	49,852	50,000	3,239E+1
2073,078	49,859	50,000	3,214E+1
2074,078	49,849	50,000	3,256E+1
2075,078	49,893	50,000	3,080E+1
2076,078	49,882	50,000	3,126E+1
2077,078	49,929	50,000	2,939E+1
2078,078	49,868	50,000	3,179E+1
2079,078	49,967	50,000	2,789E+1
2080,078	49,986	50,000	2,716E+1
2081,078	49,995	50,000	2,676E+1
2082,078	49,966	50,000	2,793E+1
2083,078	49,999	50,000	2,663E+1
2084,078	50,023	50,000	2,565E+1
2085,078	50,009	50,000	2,623E+1
2086,078	50,044	50,000	2,484E+1
2087,078	50,059	50,000	2,424E+1
2088,078	50,091	50,000	2,299E+1
2089,078	50,104	50,000	2,246E+1
2090,078	50,096	50,000	2,279E+1
2091,078	50,149	50,000	2,066E+1
2092,078	50,108	50,000	2,230E+1
2093,078	50,109	50,000	2,222E+1
2094,078	50,126	50,000	2,156E+1
2095,078	50,169	50,000	1,983E+1
2096,078	50,167	50,000	1,992E+1
2097,078	50,135	50,000	2,120E+1
2098,078	50,127	50,000	2,147E+1
2099,078	50,120	50,000	2,178E+1
2100,078	50,080	50,000	2,334E+1
2101,078	50,068	50,000	2,381E+1
2102,079	50,038	50,000	2,498E+1
2103,079	50,007	50,000	2,625E+1
2104,079	50,000	50,000	2,650E+1
2105,079	50,011	50,000	2,605E+1
2106,079	50,025	50,000	2,553E+1
2107,079	50,084	50,000	2,315E+1
2108,079	50,048	50,000	2,460E+1
2109,079	50,099	50,000	2,255E+1
2110,079	50,114	50,000	2,199E+1
2111,079	50,035	50,000	2,510E+1
2112,079	50,025	50,000	2,549E+1
2113,079	50,072	50,000	2,365E+1
2114,079	50,047	50,000	2,462E+1
2115,079	50,013	50,000	2,598E+1
2116,079	49,992	50,000	2,677E+1
2117,079	50,047	50,000	2,464E+1
2118,079	49,984	50,000	2,711E+1
2119,079	49,950	50,000	2,844E+1
2120,079	49,928	50,000	2,935E+1
2121,079	49,899	50,000	3,048E+1
2122,079	49,846	50,000	3,259E+1
2123,079	49,845	50,000	3,264E+1
2124,079	49,889	50,000	3,092E+1
2125,079	49,915	50,000	2,987E+1
2126,080	49,876	50,000	3,142E+1
2127,080	49,902	50,000	3,040E+1
2128,080	49,888	50,000	3,098E+1
2129,080	49,874	50,000	3,152E+1
2130,080	49,898	50,000	3,055E+1
2131,080	49,877	50,000	3,141E+1
2132,080	49,856	50,000	3,223E+1
2133,080	49,867	50,000	3,180E+1
2134,080	49,843	50,000	3,277E+1
2135,080	49,773	50,000	3,553E+1
2136,080	49,873	50,000	3,158E+1
2137,080	49,834	50,000	3,315E+1
2138,080	49,855	50,000	3,233E+1
2139,080	49,877	50,000	3,148E+1
2140,080	49,910	50,000	3,016E+1
2141,080	49,870	50,000	3,173E+1
2142,080	49,853	50,000	3,245E+1
2143,080	49,835	50,000	3,317E+1
2144,080	49,893	50,000	3,086E+1
2145,080	49,910	50,000	3,021E+1
2146,081	49,929	50,000	2,944E+1
2147,081	49,951	50,000	2,857E+1
2148,081	49,966	50,000	2,800E+1
2149,081	49,993	50,000	2,689E+1
2150,081	50,005	50,000	2,642E+1
2151,081	49,951	50,000	2,856E+1
2152,081	49,984	50,000	2,727E+1
2153,081	50,042	50,000	2,495E+1
2154,081	50,039	50,000	2,509E+1
2155,081	50,012	50,000	2,616E+1
2156,081	49,928	50,000	2,947E+1
2157,081	50,002	50,000	2,656E+1
2158,081	50,011	50,000	2,622E+1
2159,081	49,983	50,000	2,731E+1
2160,081	49,941	50,000	2,898E+1
2161,081	49,939	50,000	2,904E+1
2162,081	49,939	50,000	2,908E+1
2163,081	50,006	50,000	2,641E+1
2164,081	49,998	50,000	2,670E+1
2165,081	49,980	50,000	2,746E+1
2166,081	49,957	50,000	2,835E+1
2167,081	49,963	50,000	2,811E+1
2168,081	49,927	50,000	2,956E+1
2169,081	49,941	50,000	2,901E+1
2170,081	49,949	50,000	2,868E+1
2171,081	49,916	50,000	2,997E+1
2172,081	49,898	50,000	3,068E+1
2173,081	49,890	50,000	3,103E+1
2174,081	49,891	50,000	3,101E+1
2175,081	49,937	50,000	2,917E+1
2176,082	49,954	50,000	2,850E+1
2177,082	49,900	50,000	3,066E+1
2178,082	49,956	50,000	2,845E+1
2179,082	49,959	50,000	2,829E+1
2180,082	49,877	50,000	3,156E+1
2181,082	49,877	50,000	3,155E+1
2182,082	49,877	50,000	3,159E+1
2183,082	49,904	50,000	3,051E+1
2184,082	49,928	50,000	2,954E+1
2185,082	49,920	50,000	2,988E+1
2186,082	49,930	50,000	2,949E+1
2187,082	49,941	50,000	2,904E+1
2188,082	49,841	50,000	3,302E+1
2189,082	49,813	50,000	3,414E+1
2190,082	49,826	50,000	3,365E+1
2191,082	49,853	50,000	3,257E+1
2192,082	49,845	50,000	3,290E+1
2193,082	49,822	50,000	3,379E+1
2194,082	49,861	50,000	3,226E+1
2195,082	49,879	50,000	3,159E+1
2196,082	49,891	50,000	3,112E+1
2197,082	49,925	50,000	2,974E+1
2198,082	49,965	50,000	2,818E+1
2199,082	49,980	50,000	2,756E+1
2200,082	49,934	50,000	2,941E+1
2201,082	49,892	50,000	3,107E+1
2202,082	49,916	50,000	3,011E+1
2203,082	49,938	50,000	2,924E+1
2204,082	49,965	50,000	2,817E+1
2205,082	49,855	50,000	3,255E+1
2206,082	49,888	50,000	3,127E+1
2207,083	49,888	50,000	3,126E+1
2208,083	49,886	50,000	3,132E+1
2209,083	49,906	50,000	3,055E+1
2210,083	49,983	50,000	2,753E+1
2211,083	50,026	50,000	2,580E+1
2212,083	50,022	50,000	2,598E+1
2213,083	50,083	50,000	2,354E+1
2214,083	49,994	50,000	2,707E+1
2215,083	49,889	50,000	3,121E+1
2216,083	49,968	50,000	2,810E+1
2217,083	50,017	50,000	2,618E+1
2218,083	50,002	50,000	2,677E+1
2219,083	50,038	50,000	2,531E+1
2220,083	50,036	50,000	2,539E+1
2221,083	50,035	50,000	2,546E+1
2222,083	50,042	50,000	2,517E+1
2223,083	50,047	50,000	2,495E+1
2224,083	49,983	50,000	2,750E+1
2225,083	50,010	50,000	2,643E+1
2226,083	50,017	50,000	2,617E+1
2227,083	50,017	50,000	2,613E+1
2228,083	49,964	50,000	2,825E+1
2229,083	49,987	50,000	2,732E+1
2230,083	49,985	50,000	2,742E+1
2231,083	49,956	50,000	2,857E+1
2232,083	49,932	50,000	2,950E+1
2233,083	49,953	50,000	2,871E+1
2234,083	50,017	50,000	2,614E+1
2235,083	50,016	50,000	2,620E+1
2236,083	49,951	50,000	2,877E+1
2237,083	49,957	50,000	2,852E+1
2238,084	49,974	50,000	2,789E+1
2239,084	49,964	50,000	2,826E+1
2240,084	49,984	50,000	2,745E+1
2241,084	49,962	50,000	2,835E+1
2242,084	49,944	50,000	2,906E+1
2243,084	49,954	50,000	2,869E+1
2244,084	49,916	50,000	3,019E+1
2245,084	49,879	50,000	3,164E+1
2246,084	49,855	50,000	3,258E+1
2247,084	49,862	50,000	3,233E+1
2248,084	49,892	50,000	3,117E+1
2249,084	49,963	50,000	2,832E+1
2250,084	49,888	50,000	3,133E+1
2251,084	49,879	50,000	3,169E+1
2252,084	49,869	50,000	3,208E+1
2253,084	49,843	50,000	3,311E+1
2254,084	49,885	50,000	3,147E+1
2255,084	49,953	50,000	2,875E+1
2256,084	49,940	50,000	2,930E+1
2257,084	49,963	50,000	2,837E+1
2258,084	49,927	50,000	2,978E+1
2259,084	49,906	50,000	3,066E+1
2260,084	49,798	50,000	3,490E+1
2261,084	49,801	50,000	3,479E+1
2262,084	49,830	50,000	3,367E+1
2263,086	49,885	50,000	3,150E+1
2264,087	49,855	50,000	3,269E+1
2265,088	49,827	50,000	3,381E+1
2266,088	49,852	50,000	3,283E+1
2267,089	49,872	50,000	3,204E+1
2268,089	49,823	50,000	3,397E+1
2269,089	49,846	50,000	3,307E+1
2270,089	49,873	50,000	3,202E+1
2271,089	49,925	50,000	2,997E+1
2272,089	49,888	50,000	3,142E+1
2273,089	49,954	50,000	2,883E+1
2274,089	49,922	50,000	3,010E+1
2275,089	49,937	50,000	2,953E+1
2276,089	49,876	50,000	3,193E+1
2277,090	49,874	50,000	3,201E+1
2278,090	49,868	50,000	3,223E+1
2279,090	49,832	50,000	3,367E+1
2280,090	49,897	50,000	3,114E+1
2281,090	49,856	50,000	3,277E+1
2282,090	49,910	50,000	3,063E+1
2283,090	49,925	50,000	3,001E+1
2284,090	49,931	50,000	2,979E+1
2285,090	49,894	50,000	3,126E+1
2286,090	49,937	50,000	2,958E+1
2287,090	49,995	50,000	2,725E+1
2288,090	50,000	50,000	2,707E+1
2289,090	50,026	50,000	2,606E+1
2290,090	50,061	50,000	2,463E+1
2291,090	50,070	50,000	2,429E+1
2292,090	50,126	50,000	2,209E+1
2293,090	50,072	50,000	2,420E+1
2294,090	50,078	50,000	2,394E+1
2295,090	50,056	50,000	2,483E+1
2296,090	50,036	50,000	2,562E+1
2297,090	50,045	50,000	2,526E+1
2298,090	50,029	50,000	2,589E+1
2299,090	50,040	50,000	2,546E+1
2300,090	50,058	50,000	2,474E+1
2301,090	50,055	50,000	2,488E+1
2302,091	50,105	50,000	2,289E+1
2303,091	50,087	50,000	2,360E+1
2304,091	49,974	50,000	2,804E+1
2305,091	49,986	50,000	2,758E+1
2306,091	49,992	50,000	2,734E+1
2307,091	50,004	50,000	2,689E+1
2308,091	49,990	50,000	2,740E+1
2309,091	49,971	50,000	2,820E+1
2310,091	49,939	50,000	2,943E+1
2311,091	50,020	50,000	2,626E+1
2312,091	50,001	50,000	2,699E+1
2313,091	49,975	50,000	2,802E+1
2314,091	49,955	50,000	2,881E+1
2315,091	49,995	50,000	2,721E+1
2316,091	49,916	50,000	3,038E+1
2317,091	49,965	50,000	2,840E+1
2318,091	49,981	50,000	2,779E+1
2319,091	49,963	50,000	2,849E+1
2320,091	49,962	50,000	2,853E+1
2321,091	49,999	50,000	2,708E+1
2322,091	50,001	50,000	2,702E+1
2323,091	49,960	50,000	2,863E+1
2324,091	49,977	50,000	2,794E+1
2325,091	49,982	50,000	2,776E+1
2326,091	49,947	50,000	2,915E+1
2327,091	49,956	50,000	2,879E+1
2328,091	49,986	50,000	2,761E+1
2329,091	50,024	50,000	2,610E+1
2330,091	50,025	50,000	2,608E+1
2331,091	49,973	50,000	2,812E+1
2332,091	49,972	50,000	2,816E+1
2333,091	49,957	50,000	2,878E+1
2334,092	49,945	50,000	2,923E+1
2335,092	49,910	50,000	3,064E+1
2336,092	49,854	50,000	3,285E+1
2337,092	49,871	50,000	3,218E+1
2338,092	49,874	50,000	3,205E+1
2339,092	49,918	50,000	3,035E+1
2340,092	49,892	50,000	3,136E+1
2341,092	49,913	50,000	3,053E+1
2342,092	49,952	50,000	2,899E+1
2343,092	49,956	50,000	2,884E+1
2344,092	49,913	50,000	3,054E+1
2345,092	49,868	50,000	3,233E+1
2346,092	49,938	50,000	2,954E+1
2347,092	49,948	50,000	2,917E+1
2348,092	49,942	50,000	2,941E+1
2349,092	49,894	50,000	3,133E+1
2350,092	49,857	50,000	3,278E+1
2351,092	49,905	50,000	3,089E+1
2352,092	49,950	50,000	2,913E+1
2353,092	49,999	50,000	2,717E+1
2354,092	50,084	50,000	2,378E+1
2355,092	50,067	50,000	2,447E+1
2356,092	50,102	50,000	2,310E+1
2357,092	50,050	50,000	2,512E+1
2358,092	50,022	50,000	2,625E+1
2359,092	50,037	50,000	2,563E+1
2360,092	50,058	50,000	2,482E+1
2361,092	50,032	50,000	2,586E+1
2362,092	50,046	50,000	2,531E+1
2363,092	50,052	50,000	2,507E+1
2364,092	50,031	50,000	2,590E+1
2365,092	50,027	50,000	2,604E+1
2366,092	50,070	50,000	2,433E+1
2367,092	50,029	50,000	2,595E+1
2368,093	50,032	50,000	2,583E+1
2369,093	50,010	50,000	2,672E+1
2370,093	50,028	50,000	2,599E+1
2371,093	49,960	50,000	2,868E+1
2372,093	49,961	50,000	2,864E+1
2373,093	49,967	50,000	2,843E+1
2374,093	49,951	50,000	2,904E+1
2375,093	49,869	50,000	3,229E+1
2376,093	49,903	50,000	3,097E+1
2377,093	49,948	50,000	2,915E+1
2378,093	49,910	50,000	3,070E+1
2379,093	49,904	50,000	3,092E+1
2380,093	49,937	50,000	2,962E+1
2381,093	49,943	50,000	2,939E+1
2382,093	49,989	50,000	2,755E+1
2383,093	50,020	50,000	2,634E+1
2384,093	50,028	50,000	2,600E+1
2385,093	50,026	50,000	2,612E+1
2386,093	50,013	50,000	2,663E+1
2387,093	50,041	50,000	2,548E+1
2388,093	50,040	50,000	2,554E+1
2389,093	50,050	50,000	2,516E+1
2390,093	50,022	50,000	2,627E+1
2391,093	50,014	50,000	2,658E+1
2392,093	50,024	50,000	2,617E+1
2393,093	50,032	50,000	2,587E+1
2394,093	50,080	50,000	2,395E+1
2395,093	50,079	50,000	2,398E+1
2396,093	50,041	50,000	2,547E+1
2397,093	50,039	50,000	2,556E+1
2398,094	50,055	50,000	2,493E+1
2399,094	50,016	50,000	2,649E+1
2400,094	50,022	50,000	2,623E+1
2401,094	50,027	50,000	2,603E+1
2402,094	50,070	50,000	2,431E+1
2403,094	50,090	50,000	2,355E+1
2404,094	50,085	50,000	2,371E+1
2405,094	50,053	50,000	2,497E+1
2406,094	50,055	50,000	2,493E+1
2407,094	50,025	50,000	2,609E+1
2408,094	50,029	50,000	2,593E+1
2409,094	49,992	50,000	2,740E+1
2410,094	50,029	50,000	2,593E+1
2411,094	50,007	50,000	2,682E+1
2412,094	49,998	50,000	2,718E+1
2413,094	50,017	50,000	2,639E+1
2414,094	49,980	50,000	2,785E+1
2415,094	49,992	50,000	2,738E+1
2416,094	49,984	50,000	2,772E+1
2417,094	49,989	50,000	2,750E+1
2418,094	49,951	50,000	2,904E+1
2419,094	49,983	50,000	2,778E+1
2420,094	49,984	50,000	2,772E+1
2421,094	49,955	50,000	2,887E+1
2422,094	49,916	50,000	3,040E+1
2423,094	49,852	50,000	3,294E+1
2424,094	49,838	50,000	3,354E+1
2425,094	49,834	50,000	3,370E+1
2426,094	49,751	50,000	3,700E+1
2427,094	49,781	50,000	3,580E+1
2428,094	49,832	50,000	3,379E+1
2429,094	49,828	50,000	3,398E+1
2430,095	49,890	50,000	3,151E+1
2431,095	49,901	50,000	3,106E+1
2432,095	49,942	50,000	2,946E+1
2433,095	49,919	50,000	3,035E+1
2434,095	49,930	50,000	2,992E+1
2435,095	49,925	50,000	3,012E+1
2436,095	49,922	50,000	3,026E+1
2437,095	49,971	50,000	2,830E+1
2438,095	49,937	50,000	2,967E+1
2439,095	49,973	50,000	2,825E+1
2440,095	49,980	50,000	2,797E+1
2441,095	49,934	50,000	2,980E+1
2442,095	49,944	50,000	2,940E+1
2443,095	49,880	50,000	3,192E+1
2444,095	49,815	50,000	3,454E+1
2445,095	49,838	50,000	3,362E+1
2446,095	49,867	50,000	3,250E+1
2447,095	49,868	50,000	3,244E+1
2448,095	49,893	50,000	3,146E+1
2449,095	49,886	50,000	3,176E+1
2450,095	49,912	50,000	3,074E+1
2451,095	49,909	50,000	3,086E+1
2452,095	49,894	50,000	3,146E+1
2453,095	49,937	50,000	2,972E+1
2454,095	49,953	50,000	2,913E+1
2455,095	49,999	50,000	2,729E+1
2456,095	50,014	50,000	2,667E+1
2457,096	49,992	50,000	2,758E+1
2458,096	50,002	50,000	2,717E+1
2459,096	49,971	50,000	2,840E+1
2460,096	49,980	50,000	2,806E+1
2461,096	49,983	50,000	2,794E+1
2462,096	49,916	50,000	3,056E+1
2463,096	49,852	50,000	3,312E+1
2464,096	49,902	50,000	3,114E+1
2465,096	49,912	50,000	3,075E+1
2466,096	49,907	50,000	3,094E+1
2467,096	49,868	50,000	3,250E+1
2468,096	49,859	50,000	3,285E+1
2469,096	49,918	50,000	3,054E+1
2470,096	49,915	50,000	3,066E+1
2471,096	49,926	50,000	3,023E+1
2472,096	49,906	50,000	3,102E+1
2473,096	49,922	50,000	3,041E+1
2474,096	49,963	50,000	2,877E+1
2475,096	49,950	50,000	2,931E+1
2476,096	49,987	50,000	2,782E+1
2477,096	49,956	50,000	2,903E+1
2478,096	49,925	50,000	3,028E+1
2479,096	49,951	50,000	2,926E+1
2480,096	49,949	50,000	2,934E+1
2481,096	49,935	50,000	2,990E+1
2482,096	49,913	50,000	3,077E+1
2483,096	49,935	50,000	2,990E+1
2484,096	49,965	50,000	2,870E+1
2485,096	49,922	50,000	3,040E+1
2486,096	49,838	50,000	3,377E+1
2487,096	49,857	50,000	3,301E+1
2488,096	49,878	50,000	3,218E+1
2489,096	49,892	50,000	3,165E+1
2490,096	49,881	50,000	3,207E+1
2491,096	49,867	50,000	3,263E+1
2492,096	49,901	50,000	3,129E+1
2493,096	49,933	50,000	3,003E+1
2494,097	49,942	50,000	2,966E+1
2495,097	49,939	50,000	2,980E+1
2496,097	49,915	50,000	3,077E+1
2497,097	50,001	50,000	2,737E+1
2498,097	50,087	50,000	2,392E+1
2499,097	50,043	50,000	2,568E+1
2500,097	50,043	50,000	2,570E+1
2501,097	50,070	50,000	2,459E+1
2502,097	50,103	50,000	2,331E+1
2503,097	50,071	50,000	2,456E+1
2504,097	50,047	50,000	2,549E+1
2505,097	50,014	50,000	2,683E+1
2506,097	50,050	50,000	2,536E+1
2507,097	50,076	50,000	2,433E+1
2508,097	50,056	50,000	2,514E+1
2509,097	49,965	50,000	2,876E+1
2510,097	49,953	50,000	2,924E+1
2511,097	49,922	50,000	3,043E+1
2512,097	49,922	50,000	3,043E+1
2513,097	49,906	50,000	3,109E+1
2514,097	49,903	50,000	3,122E+1
2515,097	49,821	50,000	3,447E+1
2516,097	49,893	50,000	3,162E+1
2517,097	49,886	50,000	3,193E+1
2518,097	49,914	50,000	3,080E+1
2519,097	49,951	50,000	2,932E+1
2520,097	49,947	50,000	2,952E+1
2521,097	49,964	50,000	2,883E+1
2522,097	49,919	50,000	3,059E+1
2523,097	49,880	50,000	3,218E+1
2524,097	49,856	50,000	3,312E+1
2525,097	49,872	50,000	3,249E+1
2526,097	49,916	50,000	3,075E+1
2527,097	49,946	50,000	2,957E+1
2528,097	49,939	50,000	2,983E+1
2529,097	49,949	50,000	2,948E+1
2530,098	49,977	50,000	2,835E+1
2531,098	50,011	50,000	2,700E+1
2532,098	50,026	50,000	2,641E+1
2533,098	50,002	50,000	2,738E+1
2534,098	49,960	50,000	2,902E+1
2535,098	49,971	50,000	2,857E+1
2536,098	49,939	50,000	2,984E+1
2537,098	49,973	50,000	2,851E+1
2538,098	49,977	50,000	2,837E+1
2539,098	49,990	50,000	2,782E+1
2540,098	50,046	50,000	2,560E+1
2541,098	50,038	50,000	2,592E+1
2542,098	50,014	50,000	2,687E+1
2543,098	50,057	50,000	2,516E+1
2544,098	50,046	50,000	2,562E+1
2545,098	50,047	50,000	2,557E+1
2546,098	50,010	50,000	2,706E+1
2547,098	49,937	50,000	2,991E+1
2548,098	49,945	50,000	2,964E+1
2549,098	49,995	50,000	2,762E+1
2550,098	49,957	50,000	2,912E+1
2551,098	49,993	50,000	2,770E+1
2552,098	49,941	50,000	2,980E+1
2553,098	49,951	50,000	2,939E+1
2554,098	49,974	50,000	2,850E+1
2555,098	49,940	50,000	2,982E+1
2556,098	49,926	50,000	3,038E+1
2557,098	49,883	50,000	3,207E+1
2558,098	49,886	50,000	3,200E+1
2559,098	49,894	50,000	3,166E+1
2560,098	49,936	50,000	2,998E+1
2561,098	49,958	50,000	2,914E+1
2562,098	49,927	50,000	3,035E+1
2563,098	49,946	50,000	2,962E+1
2564,099	49,975	50,000	2,847E+1
2565,099	49,995	50,000	2,770E+1
2566,099	49,971	50,000	2,865E+1
2567,099	49,961	50,000	2,903E+1
2568,099	49,920	50,000	3,065E+1
2569,099	49,883	50,000	3,212E+1
2570,099	49,901	50,000	3,141E+1
2571,099	49,886	50,000	3,199E+1
2572,099	49,914	50,000	3,091E+1
2573,099	49,945	50,000	2,970E+1
2574,099	49,898	50,000	3,157E+1
2575,099	49,944	50,000	2,973E+1
2576,099	49,910	50,000	3,108E+1
2577,099	49,886	50,000	3,206E+1
2578,099	49,864	50,000	3,293E+1
2579,099	49,905	50,000	3,129E+1
2580,099	49,932	50,000	3,023E+1
2581,099	49,818	50,000	3,475E+1
2582,099	49,837	50,000	3,400E+1
2583,099	49,880	50,000	3,231E+1
2584,099	49,886	50,000	3,208E+1
2585,099	49,858	50,000	3,317E+1
2586,099	49,895	50,000	3,175E+1
2587,099	49,903	50,000	3,144E+1
2588,099	49,925	50,000	3,055E+1
2589,099	49,948	50,000	2,964E+1
2590,099	50,019	50,000	2,683E+1
2591,099	50,039	50,000	2,604E+1
2592,099	49,999	50,000	2,760E+1
2593,099	49,995	50,000	2,776E+1
2594,099	50,012	50,000	2,711E+1
2595,099	49,904	50,000	3,139E+1
2596,099	49,977	50,000	2,850E+1
2597,099	49,976	50,000	2,854E+1
2598,099	49,984	50,000	2,822E+1
2599,099	50,014	50,000	2,702E+1
2600,100	50,004	50,000	2,745E+1
2601,100	50,010	50,000	2,719E+1
2602,100	50,011	50,000	2,717E+1
2603,100	50,010	50,000	2,719E+1
2604,100	50,006	50,000	2,735E+1
2605,100	49,990	50,000	2,796E+1
2606,100	49,990	50,000	2,798E+1
2607,100	49,990	50,000	2,796E+1
2608,100	50,004	50,000	2,743E+1
2609,100	50,040	50,000	2,600E+1
2610,100	49,955	50,000	2,937E+1
2611,100	49,960	50,000	2,915E+1
2612,100	49,987	50,000	2,809E+1
2613,100	50,005	50,000	2,737E+1
2614,100	50,040	50,000	2,603E+1
2615,100	50,021	50,000	2,676E+1
2616,100	50,082	50,000	2,434E+1
2617,100	50,067	50,000	2,495E+1
2618,100	50,068	50,000	2,489E+1
2619,100	50,044	50,000	2,581E+1
2620,100	50,105	50,000	2,340E+1
2621,100	50,043	50,000	2,587E+1
2622,100	49,982	50,000	2,828E+1
2623,100	50,020	50,000	2,676E+1
2624,100	50,040	50,000	2,598E+1
2625,100	50,056	50,000	2,535E+1
2626,100	50,068	50,000	2,487E+1
2627,100	50,051	50,000	2,554E+1
2628,100	50,031	50,000	2,633E+1
2629,100	50,044	50,000	2,581E+1
2630,100	50,008	50,000	2,722E+1
2631,100	50,001	50,000	2,752E+1
2632,101	49,983	50,000	2,825E+1
2633,101	49,978	50,000	2,841E+1
2634,101	49,918	50,000	3,083E+1
2635,101	49,963	50,000	2,901E+1
2636,101	49,956	50,000	2,931E+1
2637,101	49,928	50,000	3,042E+1
2638,101	49,998	50,000	2,765E+1
2639,101	50,028	50,000	2,646E+1
2640,101	50,075	50,000	2,462E+1
2641,101	50,067	50,000	2,493E+1
2642,101	50,034	50,000	2,621E+1
2643,101	50,049	50,000	2,562E+1
2644,101	50,056	50,000	2,532E+1
2645,101	50,047	50,000	2,567E+1
2646,101	50,035	50,000	2,615E+1
2647,101	50,089	50,000	2,402E+1
2648,101	50,073	50,000	2,467E+1
2649,101	50,116	50,000	2,295E+1
2650,101	50,086	50,000	2,413E+1
2651,101	50,100	50,000	2,355E+1
2652,101	50,115	50,000	2,295E+1
2653,101	50,130	50,000	2,235E+1
2654,101	50,117	50,000	2,290E+1
2655,101	50,141	50,000	2,193E+1
2656,101	50,097	50,000	2,366E+1
2657,101	50,091	50,000	2,388E+1
2658,101	50,101	50,000	2,350E+1
2659,101	50,068	50,000	2,482E+1
2660,101	50,044	50,000	2,573E+1
2661,101	50,033	50,000	2,618E+1
2662,101	50,005	50,000	2,727E+1
2663,101	49,996	50,000	2,763E+1
2664,101	50,000	50,000	2,749E+1
2665,101	50,041	50,000	2,584E+1
2666,102	50,011	50,000	2,707E+1
2667,102	50,062	50,000	2,501E+1
2668,102	50,055	50,000	2,532E+1
2669,102	49,956	50,000	2,922E+1
2670,102	49,935	50,000	3,006E+1
2671,102	49,941	50,000	2,982E+1
2672,102	49,885	50,000	3,206E+1
2673,102	49,841	50,000	3,381E+1
2674,102	49,850	50,000	3,342E+1
2675,102	49,822	50,000	3,456E+1
2676,102	49,824	50,000	3,449E+1
2677,102	49,826	50,000	3,442E+1
2678,102	49,825	50,000	3,446E+1
2679,102	49,757	50,000	3,719E+1
2680,102	49,762	50,000	3,698E+1
2681,102	49,791	50,000	3,582E+1
2682,102	49,758	50,000	3,718E+1
2683,102	49,788	50,000	3,600E+1
2684,102	49,842	50,000	3,385E+1
2685,102	49,791	50,000	3,586E+1
2686,102	49,788	50,000	3,599E+1
2687,102	49,847	50,000	3,370E+1
2688,102	49,900	50,000	3,160E+1
2689,102	49,931	50,000	3,036E+1
2690,102	49,946	50,000	2,977E+1
2691,102	49,902	50,000	3,152E+1
2692,102	49,955	50,000	2,942E+1
2693,102	49,924	50,000	3,065E+1
2694,102	49,911	50,000	3,117E+1
2695,102	49,948	50,000	2,973E+1
2696,102	49,954	50,000	2,945E+1
2697,103	49,909	50,000	3,126E+1
2698,103	49,881	50,000	3,237E+1
2699,103	49,925	50,000	3,063E+1
2700,103	49,956	50,000	2,941E+1
2701,103	49,915	50,000	3,101E+1
2702,103	49,953	50,000	2,955E+1
2703,103	49,971	50,000	2,884E+1
2704,103	49,971	50,000	2,880E+1
2705,103	49,951	50,000	2,962E+1
2706,103	49,977	50,000	2,857E+1
2707,103	49,992	50,000	2,798E+1
2708,103	49,995	50,000	2,786E+1
2709,103	49,969	50,000	2,891E+1
2710,103	49,977	50,000	2,859E+1
2711,103	49,987	50,000	2,818E+1
2712,103	49,986	50,000	2,822E+1
2713,103	49,951	50,000	2,962E+1
2714,103	49,888	50,000	3,210E+1
2715,103	49,930	50,000	3,044E+1
2716,103	49,947	50,000	2,979E+1
2717,103	49,928	50,000	3,055E+1
2718,103	49,930	50,000	3,045E+1
2719,103	49,924	50,000	3,069E+1
2720,103	49,927	50,000	3,062E+1
2721,103	49,964	50,000	2,913E+1
2722,103	49,937	50,000	3,019E+1
2723,103	49,942	50,000	3,001E+1
2724,103	50,016	50,000	2,708E+1
2725,103	49,972	50,000	2,884E+1
2726,103	49,945	50,000	2,988E+1
2727,103	49,903	50,000	3,156E+1
2728,103	49,740	50,000	3,800E+1
2729,103	49,788	50,000	3,613E+1
2730,104	49,812	50,000	3,517E+1
2731,104	49,819	50,000	3,494E+1
2732,104	49,816	50,000	3,507E+1
2733,104	49,876	50,000	3,268E+1
2734,104	49,920	50,000	3,092E+1
2735,104	49,919	50,000	3,097E+1
2736,104	49,895	50,000	3,192E+1
2737,104	49,915	50,000	3,115E+1
2738,104	49,933	50,000	3,044E+1
2739,104	49,880	50,000	3,255E+1
2740,104	49,867	50,000	3,307E+1
2741,104	49,928	50,000	3,066E+1
2742,104	49,966	50,000	2,914E+1
2743,104	49,993	50,000	2,809E+1
2744,104	49,928	50,000	3,066E+1
2745,104	50,034	50,000	2,645E+1
2746,104	50,044	50,000	2,609E+1
2747,104	50,042	50,000	2,613E+1
2748,104	49,987	50,000	2,832E+1
2749,104	49,963	50,000	2,925E+1
2750,104	49,959	50,000	2,943E+1
2751,104	49,995	50,000	2,799E+1
2752,104	50,007	50,000	2,755E+1
2753,104	50,002	50,000	2,773E+1
2754,104	49,980	50,000	2,860E+1
2755,104	49,945	50,000	2,997E+1
2756,104	49,958	50,000	2,948E+1
2757,104	49,933	50,000	3,047E+1
2758,104	49,986	50,000	2,835E+1
2759,104	50,040	50,000	2,624E+1
2760,104	50,035	50,000	2,641E+1
2761,104	50,029	50,000	2,669E+1
2762,104	49,967	50,000	2,912E+1
2763,104	49,933	50,000	3,049E+1
2764,104	49,980	50,000	2,859E+1
2765,105	49,995	50,000	2,802E+1
2766,105	50,053	50,000	2,570E+1
2767,105	50,047	50,000	2,596E+1
2768,105	49,996	50,000	2,798E+1
2769,105	50,026	50,000	2,679E+1
2770,105	50,108	50,000	2,354E+1
2771,105	50,108	50,000	2,353E+1
2772,105	50,107	50,000	2,357E+1
2773,105	50,078	50,000	2,469E+1
2774,105	50,100	50,000	2,382E+1
2775,105	50,113	50,000	2,332E+1
2776,105	50,108	50,000	2,351E+1
2777,105	50,065	50,000	2,521E+1
2778,105	50,065	50,000	2,520E+1
2779,105	50,002	50,000	2,772E+1
2780,105	50,002	50,000	2,768E+1
2781,105	49,998	50,000	2,784E+1
2782,105	50,004	50,000	2,764E+1
2783,105	50,023	50,000	2,687E+1
2784,105	49,971	50,000	2,894E+1
2785,105	49,981	50,000	2,853E+1
2786,105	49,960	50,000	2,936E+1
2787,105	49,948	50,000	2,984E+1
2788,105	49,965	50,000	2,915E+1
2789,105	49,942	50,000	3,006E+1
2790,105	49,913	50,000	3,121E+1
2791,105	49,968	50,000	2,904E+1
2792,105	50,020	50,000	2,698E+1
2793,105	50,047	50,000	2,593E+1
2794,106	50,048	50,000	2,589E+1
2795,106	50,031	50,000	2,658E+1
2796,106	50,017	50,000	2,709E+1
2797,106	50,015	50,000	2,719E+1
2798,106	49,989	50,000	2,822E+1
2799,106	50,043	50,000	2,608E+1
2800,106	49,959	50,000	2,941E+1
2801,106	49,900	50,000	3,175E+1
2802,106	49,894	50,000	3,201E+1
2803,106	49,928	50,000	3,067E+1
2804,106	49,892	50,000	3,208E+1
2805,106	49,858	50,000	3,345E+1
2806,106	49,895	50,000	3,199E+1
2807,106	49,885	50,000	3,239E+1
2808,106	49,889	50,000	3,224E+1
2809,106	49,889	50,000	3,222E+1
2810,106	49,874	50,000	3,282E+1
2811,106	49,802	50,000	3,566E+1
2812,106	49,805	50,000	3,557E+1
2813,106	49,840	50,000	3,417E+1
2814,106	49,892	50,000	3,212E+1
2815,106	49,907	50,000	3,155E+1
2816,106	49,954	50,000	2,969E+1
2817,106	49,922	50,000	3,094E+1
2818,106	49,875	50,000	3,283E+1
2819,106	49,947	50,000	3,000E+1
2820,106	49,951	50,000	2,982E+1
2821,106	49,911	50,000	3,139E+1
2822,106	49,917	50,000	3,118E+1
2823,106	49,901	50,000	3,179E+1
2824,106	49,911	50,000	3,142E+1
2825,106	49,908	50,000	3,154E+1
2826,106	49,854	50,000	3,369E+1
2827,106	49,900	50,000	3,187E+1
2828,106	49,924	50,000	3,095E+1
2829,106	49,985	50,000	2,851E+1
2830,106	49,994	50,000	2,816E+1
2831,106	49,995	50,000	2,814E+1
2832,106	50,093	50,000	2,423E+1
2833,106	50,088	50,000	2,441E+1
2834,107	50,045	50,000	2,613E+1
2835,107	50,018	50,000	2,720E+1
2836,107	50,082	50,000	2,466E+1
2837,107	50,056	50,000	2,569E+1
2838,107	50,076	50,000	2,487E+1
2839,107	50,019	50,000	2,715E+1
2840,107	49,960	50,000	2,948E+1
2841,107	50,026	50,000	2,685E+1
2842,107	49,958	50,000	2,956E+1
2843,107	49,980	50,000	2,871E+1
2844,107	50,024	50,000	2,695E+1
2845,107	50,031	50,000	2,667E+1
2846,107	49,959	50,000	2,950E+1
2847,107	50,027	50,000	2,683E+1
2848,107	50,005	50,000	2,770E+1
2849,107	50,035	50,000	2,651E+1
2850,107	50,021	50,000	2,707E+1
2851,107	49,992	50,000	2,823E+1
2852,107	49,968	50,000	2,915E+1
2853,107	49,932	50,000	3,059E+1
2854,107	49,953	50,000	2,978E+1
2855,107	49,919	50,000	3,109E+1
2856,107	49,949	50,000	2,995E+1
2857,107	49,940	50,000	3,029E+1
2858,107	49,904	50,000	3,172E+1
2859,107	49,963	50,000	2,936E+1
2860,107	49,971	50,000	2,909E+1
2861,107	49,955	50,000	2,970E+1
2862,107	49,953	50,000	2,976E+1
2863,107	49,906	50,000	3,165E+1
2864,107	49,925	50,000	3,090E+1
2865,107	49,906	50,000	3,164E+1
2866,107	49,937	50,000	3,041E+1
2867,107	49,910	50,000	3,148E+1
2868,107	49,896	50,000	3,206E+1
2869,107	49,977	50,000	2,888E+1
2870,107	49,932	50,000	3,064E+1
2871,107	49,948	50,000	2,999E+1
2872,107	50,006	50,000	2,772E+1
2873,107	50,003	50,000	2,783E+1
2874,107	50,030	50,000	2,676E+1
2875,107	50,031	50,000	2,674E+1
2876,107	49,986	50,000	2,851E+1
2877,107	49,925	50,000	3,092E+1
2878,107	49,907	50,000	3,164E+1
2879,107	49,886	50,000	3,246E+1
2880,107	49,908	50,000	3,161E+1
2881,107	49,891	50,000	3,229E+1
2882,107	49,922	50,000	3,106E+1
2883,107	49,948	50,000	3,004E+1
2884,107	49,963	50,000	2,944E+1
2885,107	49,958	50,000	2,964E+1
2886,107	49,918	50,000	3,125E+1
2887,107	49,906	50,000	3,171E+1
2888,107	49,930	50,000	3,076E+1
2889,107	49,910	50,000	3,158E+1
2890,107	49,909	50,000	3,160E+1
2891,107	49,909	50,000	3,163E+1
2892,107	49,939	50,000	3,042E+1
2893,107	49,858	50,000	3,362E+1
2894,107	49,883	50,000	3,263E+1
2895,107	49,907	50,000	3,171E+1
2896,107	49,871	50,000	3,314E+1
2897,107	49,899	50,000	3,203E+1
2898,108	49,930	50,000	3,081E+1
2899,108	49,975	50,000	2,901E+1
2900,108	49,983	50,000	2,873E+1
2901,108	49,981	50,000	2,881E+1
2902,108	49,959	50,000	2,967E+1
2903,108	49,989	50,000	2,848E+1
2904,108	50,026	50,000	2,699E+1
2905,108	50,039	50,000	2,650E+1
2906,108	50,010	50,000	2,766E+1
2907,112	49,993	50,000	2,832E+1
2908,112	49,966	50,000	2,941E+1
2909,112	50,005	50,000	2,786E+1
2910,112	49,995	50,000	2,824E+1
2911,112	49,957	50,000	2,977E+1
2912,112	49,957	50,000	2,973E+1
2913,112	49,977	50,000	2,898E+1
2914,112	49,890	50,000	3,241E+1
2915,112	49,885	50,000	3,261E+1
2916,112	49,864	50,000	3,345E+1
2917,112	49,867	50,000	3,333E+1
2918,112	49,914	50,000	3,148E+1
2919,112	49,902	50,000	3,196E+1
2920,112	49,947	50,000	3,018E+1
2921,112	49,955	50,000	2,986E+1
2922,112	49,949	50,000	3,012E+1
2923,112	49,926	50,000	3,102E+1
2924,112	49,913	50,000	3,155E+1
2925,112	49,978	50,000	2,894E+1
2926,112	49,978	50,000	2,896E+1
2927,113	49,957	50,000	2,980E+1
2928,113	49,886	50,000	3,259E+1
2929,113	49,923	50,000	3,115E+1
2930,113	49,874	50,000	3,310E+1
2931,113	49,873	50,000	3,312E+1
2932,113	49,825	50,000	3,507E+1
2933,113	49,808	50,000	3,573E+1
2934,113	49,843	50,000	3,437E+1
2935,113	49,875	50,000	3,309E+1
2936,113	49,859	50,000	3,373E+1
2937,113	49,802	50,000	3,600E+1
2938,113	49,853	50,000	3,396E+1
2939,113	49,832	50,000	3,480E+1
2940,113	49,915	50,000	3,154E+1
2941,113	49,944	50,000	3,040E+1
2942,113	49,986	50,000	2,872E+1
2943,113	50,028	50,000	2,707E+1
2944,113	50,008	50,000	2,788E+1
2945,113	49,956	50,000	2,994E+1
2946,113	50,022	50,000	2,731E+1
2947,113	49,992	50,000	2,848E+1
2948,113	49,989	50,000	2,862E+1
2949,113	49,996	50,000	2,834E+1
2950,113	50,002	50,000	2,808E+1
2951,113	49,983	50,000	2,885E+1
2952,113	49,989	50,000	2,862E+1
2953,113	50,067	50,000	2,553E+1
2954,116	50,051	50,000	2,616E+1
2955,116	50,035	50,000	2,679E+1
2956,116	50,046	50,000	2,633E+1
2957,116	50,069	50,000	2,546E+1
2958,116	50,100	50,000	2,423E+1
2959,116	50,163	50,000	2,169E+1
2960,116	50,093	50,000	2,449E+1
2961,116	50,018	50,000	2,744E+1
2962,116	49,968	50,000	2,942E+1
2963,116	49,968	50,000	2,942E+1
2964,116	50,013	50,000	2,766E+1
2965,116	49,997	50,000	2,827E+1
2966,116	50,014	50,000	2,758E+1
2967,116	50,052	50,000	2,610E+1
2968,116	50,064	50,000	2,562E+1
2969,116	50,106	50,000	2,393E+1
2970,116	50,058	50,000	2,585E+1
2971,116	50,070	50,000	2,535E+1
2972,116	50,074	50,000	2,523E+1
2973,116	50,075	50,000	2,514E+1
2974,116	50,030	50,000	2,694E+1
2975,116	50,062	50,000	2,567E+1
2976,116	50,067	50,000	2,547E+1
2977,117	50,069	50,000	2,539E+1
2978,117	50,073	50,000	2,523E+1
2979,117	50,012	50,000	2,764E+1
2980,117	50,066	50,000	2,550E+1
2981,117	50,067	50,000	2,548E+1
