t	PV [ºC]	SP [ºC]	MV[%] 
0,000	0,000	70,000	9,990E+1
0,000	0,000	70,000	9,990E+1
0,000	68,771	70,000	9,990E+1
2,216	68,771	70,000	1,000E-2
2,216	68,769	70,000	6,555E-2
4,457	68,769	70,000	1,805E-1
4,457	68,769	70,000	2,360E-1
6,699	68,671	70,000	2,916E-1
6,699	68,671	70,000	4,250E+0
8,938	68,596	70,000	4,310E+0
8,938	68,596	70,000	7,342E+0
8,938	68,600	70,000	7,405E+0
11,179	68,600	70,000	7,330E+0
11,179	68,588	70,000	7,393E+0
13,418	68,588	70,000	7,932E+0
13,418	68,588	70,000	7,995E+0
15,659	68,514	70,000	1,095E+1
15,659	68,514	70,000	1,102E+1
17,900	68,460	70,000	1,109E+1
17,900	68,460	70,000	1,329E+1
17,900	68,455	70,000	1,336E+1
20,140	68,455	70,000	1,365E+1
20,140	68,394	70,000	1,372E+1
22,381	68,394	70,000	1,619E+1
22,381	68,431	70,000	1,626E+1
24,618	68,431	70,000	1,487E+1
24,618	68,431	70,000	1,494E+1
26,859	68,493	70,000	1,501E+1
26,859	68,493	70,000	1,266E+1
26,859	68,528	70,000	1,273E+1
29,100	68,528	70,000	1,137E+1
29,100	68,200	70,000	1,144E+1
31,341	68,200	70,000	2,454E+1
31,341	68,194	70,000	2,462E+1
33,581	68,194	70,000	2,492E+1
33,581	68,194	70,000	2,500E+1
35,822	68,273	70,000	2,508E+1
35,822	68,273	70,000	2,201E+1
35,822	68,198	70,000	2,209E+1
38,061	68,198	70,000	2,518E+1
38,061	68,248	70,000	2,526E+1
40,228	68,248	70,000	2,334E+1
40,228	68,233	70,000	2,342E+1
42,395	68,233	70,000	2,410E+1
42,395	68,084	70,000	2,418E+1
44,556	68,084	70,000	3,018E+1
44,556	68,084	70,000	3,027E+1
46,723	68,073	70,000	3,035E+1
46,723	68,073	70,000	3,083E+1
48,888	68,216	70,000	3,092E+1
48,888	68,216	70,000	2,536E+1
48,888	68,255	70,000	2,544E+1
51,057	68,255	70,000	2,398E+1
51,057	68,167	70,000	2,406E+1
53,224	68,167	70,000	2,762E+1
53,224	68,245	70,000	2,771E+1
55,391	68,245	70,000	2,470E+1
55,391	68,235	70,000	2,478E+1
57,558	68,235	70,000	2,525E+1
57,558	68,235	70,000	2,533E+1
59,726	68,268	70,000	2,541E+1
59,726	68,268	70,000	2,416E+1
61,891	68,225	70,000	2,424E+1
61,891	68,225	70,000	2,606E+1
61,891	68,356	70,000	2,614E+1
64,060	68,356	70,000	2,099E+1
64,060	68,231	70,000	2,107E+1
66,225	68,231	70,000	2,610E+1
66,225	68,284	70,000	2,618E+1
68,392	68,284	70,000	2,417E+1
68,392	68,216	70,000	2,425E+1
70,553	68,216	70,000	2,702E+1
70,553	68,216	70,000	2,710E+1
72,720	68,294	70,000	2,719E+1
72,720	68,294	70,000	2,418E+1
74,885	68,391	70,000	2,425E+1
74,885	68,391	70,000	2,049E+1
74,885	68,348	70,000	2,056E+1
77,052	68,348	70,000	2,234E+1
77,052	68,360	70,000	2,241E+1
79,217	68,360	70,000	2,201E+1
79,217	68,239	70,000	2,208E+1
81,384	68,239	70,000	2,693E+1
81,384	68,253	70,000	2,701E+1
83,549	68,253	70,000	2,656E+1
83,549	68,253	70,000	2,663E+1
85,716	68,144	70,000	2,671E+1
85,716	68,144	70,000	3,109E+1
87,882	68,168	70,000	3,117E+1
87,882	68,168	70,000	3,031E+1
87,882	68,187	70,000	3,039E+1
90,049	68,187	70,000	2,974E+1
90,049	68,266	70,000	2,982E+1
92,214	68,266	70,000	2,679E+1
92,214	68,170	70,000	2,687E+1
94,381	68,170	70,000	3,073E+1
94,381	67,986	70,000	3,082E+1
96,548	67,986	70,000	3,821E+1
96,548	67,986	70,000	3,830E+1
98,717	67,999	70,000	3,839E+1
98,717	67,999	70,000	3,795E+1
100,884	68,067	71,000	3,804E+1
100,884	68,067	71,000	7,506E+1
100,884	67,921	71,000	7,519E+1
103,051	67,921	71,000	8,111E+1
103,051	67,880	71,000	8,125E+1
105,218	67,880	71,000	8,301E+1
105,218	67,843	71,000	8,315E+1
107,385	67,843	71,000	8,478E+1
107,385	67,824	71,000	8,492E+1
109,552	67,824	71,000	8,579E+1
109,552	67,824	71,000	8,594E+1
111,719	67,904	71,000	8,608E+1
111,719	67,904	71,000	8,306E+1
113,884	67,958	71,000	8,319E+1
113,884	67,958	71,000	8,120E+1
113,884	67,836	71,000	8,133E+1
116,051	67,836	71,000	8,630E+1
116,051	68,004	71,000	8,645E+1
118,216	68,004	71,000	7,993E+1
118,216	68,049	71,000	8,007E+1
120,383	68,049	71,000	7,840E+1
120,383	67,980	71,000	7,853E+1
122,546	67,980	71,000	8,142E+1
122,546	67,980	71,000	8,156E+1
124,713	68,002	71,000	8,169E+1
124,713	68,002	71,000	8,094E+1
126,878	68,070	71,000	8,107E+1
126,878	68,070	71,000	7,853E+1
126,878	68,031	71,000	7,867E+1
129,049	68,031	71,000	8,034E+1
129,049	68,006	71,000	8,048E+1
131,216	68,006	71,000	8,162E+1
131,216	68,043	71,000	8,176E+1
133,383	68,043	71,000	8,041E+1
133,383	67,910	71,000	8,054E+1
135,546	67,910	71,000	8,592E+1
135,546	67,910	71,000	8,606E+1
137,713	68,092	71,000	8,620E+1
137,713	68,092	71,000	7,915E+1
139,879	68,009	71,000	7,928E+1
139,879	68,009	71,000	8,270E+1
139,879	67,994	71,000	8,284E+1
142,048	67,994	71,000	8,357E+1
142,048	68,011	71,000	8,370E+1
144,213	68,011	71,000	8,317E+1
144,213	67,946	71,000	8,330E+1
146,380	67,946	71,000	8,601E+1
146,380	67,985	71,000	8,615E+1
148,547	67,985	71,000	8,474E+1
148,547	67,985	71,000	8,488E+1
150,714	68,016	71,000	8,501E+1
150,714	68,016	71,000	8,392E+1
152,879	68,056	71,000	8,406E+1
152,879	68,056	71,000	8,259E+1
152,879	68,055	71,000	8,272E+1
155,046	68,055	71,000	8,291E+1
155,046	68,132	71,000	8,304E+1
157,211	68,132	71,000	8,015E+1
157,211	68,148	71,000	8,028E+1
159,378	68,148	71,000	7,973E+1
159,378	68,191	71,000	7,986E+1
161,543	68,191	71,000	7,832E+1
161,543	68,191	71,000	7,845E+1
163,712	68,206	71,000	7,858E+1
163,712	68,206	71,000	7,809E+1
165,877	68,100	71,000	7,822E+1
165,877	68,100	71,000	8,252E+1
165,877	68,032	71,000	8,265E+1
168,046	68,032	71,000	8,548E+1
168,046	68,056	71,000	8,561E+1
170,213	68,056	71,000	8,480E+1
170,213	68,099	71,000	8,493E+1
172,380	68,099	71,000	8,338E+1
172,380	68,256	71,000	8,351E+1
174,547	68,256	71,000	7,740E+1
174,547	68,256	71,000	7,752E+1
176,715	68,350	71,000	7,765E+1
176,715	68,350	71,000	7,407E+1
178,880	68,401	71,000	7,419E+1
178,880	68,401	71,000	7,229E+1
178,880	68,406	71,000	7,240E+1
181,047	68,406	71,000	7,232E+1
181,047	68,423	71,000	7,244E+1
183,212	68,423	71,000	7,188E+1
183,212	68,303	71,000	7,200E+1
185,379	68,303	71,000	7,689E+1
185,379	68,427	71,000	7,701E+1
187,548	68,427	71,000	7,222E+1
187,548	68,427	71,000	7,234E+1
189,719	68,476	71,000	7,245E+1
189,719	68,476	71,000	7,063E+1
191,886	68,486	71,000	7,074E+1
191,886	68,486	71,000	7,046E+1
191,886	68,411	71,000	7,057E+1
194,051	68,411	71,000	7,362E+1
194,051	68,422	71,000	7,374E+1
196,218	68,422	71,000	7,346E+1
196,218	68,445	71,000	7,357E+1
198,383	68,445	71,000	7,276E+1
198,383	68,486	71,000	7,287E+1
200,548	68,486	71,000	7,136E+1
200,548	68,486	71,000	7,148E+1
202,715	68,382	71,000	7,159E+1
202,715	68,382	71,000	7,583E+1
204,880	68,513	71,000	7,594E+1
204,880	68,513	71,000	7,087E+1
204,880	68,361	71,000	7,098E+1
207,047	68,361	71,000	7,714E+1
207,047	68,380	71,000	7,726E+1
209,213	68,380	71,000	7,658E+1
209,213	68,460	71,000	7,670E+1
211,380	68,460	71,000	7,367E+1
211,380	68,562	71,000	7,379E+1
213,545	68,562	71,000	6,986E+1
213,545	68,562	71,000	6,997E+1
215,712	68,418	71,000	7,008E+1
215,712	68,418	71,000	7,589E+1
217,875	68,475	71,000	7,601E+1
217,875	68,475	71,000	7,385E+1
217,875	68,329	71,000	7,396E+1
220,042	68,329	71,000	7,986E+1
220,042	68,396	71,000	7,998E+1
222,209	68,396	71,000	7,747E+1
222,209	68,533	71,000	7,759E+1
224,376	68,533	71,000	7,228E+1
224,376	68,586	71,000	7,239E+1
226,541	68,586	71,000	7,040E+1
226,541	68,586	71,000	7,051E+1
228,708	68,535	71,000	7,062E+1
228,708	68,535	71,000	7,275E+1
230,873	68,588	71,000	7,286E+1
230,873	68,588	71,000	7,089E+1
230,873	68,584	71,000	7,100E+1
233,041	68,584	71,000	7,123E+1
233,041	68,640	71,000	7,133E+1
235,205	68,640	71,000	6,924E+1
235,205	68,677	71,000	6,935E+1
237,372	68,677	71,000	6,797E+1
237,372	68,606	71,000	6,808E+1
239,540	68,606	71,000	7,101E+1
239,540	68,606	71,000	7,112E+1
241,706	68,588	71,000	7,123E+1
241,706	68,588	71,000	7,207E+1
243,872	68,609	71,000	7,218E+1
243,872	68,609	71,000	7,142E+1
243,872	68,664	71,000	7,153E+1
246,041	68,664	71,000	6,947E+1
246,041	68,621	71,000	6,958E+1
248,208	68,621	71,000	7,137E+1
248,208	68,710	71,000	7,148E+1
250,375	68,710	71,000	6,808E+1
250,375	68,507	71,000	6,818E+1
252,540	68,507	71,000	7,631E+1
252,540	68,507	71,000	7,642E+1
254,707	68,555	71,000	7,476E+1
254,707	68,555	71,000	7,487E+1
256,872	68,730	71,000	6,805E+1
256,872	68,730	71,000	6,815E+1
256,872	68,621	71,000	7,255E+1
259,041	68,621	71,000	7,266E+1
259,041	68,704	71,000	6,948E+1
261,206	68,704	71,000	6,958E+1
261,206	68,631	71,000	7,258E+1
263,373	68,631	71,000	7,269E+1
263,373	68,582	71,000	7,476E+1
265,538	68,582	71,000	7,486E+1
265,538	68,582	71,000	7,497E+1
267,707	68,662	71,000	7,191E+1
267,707	68,662	71,000	7,202E+1
269,874	68,636	71,000	7,317E+1
269,874	68,636	71,000	7,328E+1
269,874	68,754	71,000	6,869E+1
272,044	68,754	71,000	6,879E+1
272,044	68,803	71,000	6,695E+1
274,209	68,803	71,000	6,705E+1
274,209	68,664	71,000	7,266E+1
276,374	68,664	71,000	7,276E+1
276,374	68,803	71,000	6,736E+1
278,539	68,803	71,000	6,746E+1
278,539	68,803	71,000	6,756E+1
280,707	68,791	71,000	6,814E+1
280,707	68,791	71,000	6,824E+1
282,871	68,633	71,000	7,460E+1
282,871	68,633	71,000	7,470E+1
285,038	68,691	71,000	7,249E+1
285,038	68,691	71,000	7,260E+1
285,038	68,730	71,000	7,117E+1
287,203	68,730	71,000	7,128E+1
287,203	68,805	71,000	6,843E+1
289,370	68,805	71,000	6,853E+1
289,370	68,894	71,000	6,506E+1
291,535	68,894	71,000	6,516E+1
291,535	68,894	71,000	6,525E+1
293,702	68,957	71,000	6,287E+1
293,702	68,957	71,000	6,296E+1
295,867	68,988	71,000	6,184E+1
295,867	68,988	71,000	6,194E+1
298,034	69,010	71,000	6,114E+1
298,034	69,010	71,000	6,123E+1
298,034	69,006	71,000	6,145E+1
300,199	69,006	71,000	6,154E+1
300,199	68,989	71,000	6,231E+1
302,367	68,989	71,000	6,240E+1
302,367	69,031	71,000	6,086E+1
304,536	69,031	71,000	6,095E+1
304,536	69,031	71,000	6,104E+1
306,701	69,018	71,000	6,161E+1
306,701	69,018	71,000	6,170E+1
308,868	68,944	71,000	6,476E+1
308,868	68,944	71,000	6,485E+1
311,035	68,900	71,000	6,667E+1
311,035	68,900	71,000	6,676E+1
311,035	68,849	71,000	6,888E+1
313,202	68,849	71,000	6,897E+1
313,202	68,776	71,000	7,196E+1
315,369	68,776	71,000	7,206E+1
315,369	68,672	71,000	7,627E+1
317,536	68,672	71,000	7,637E+1
317,536	68,672	71,000	7,648E+1
319,703	68,674	71,000	7,652E+1
319,703	68,674	71,000	7,663E+1
321,864	68,655	71,000	7,746E+1
321,864	68,655	71,000	7,757E+1
324,033	68,749	71,000	7,399E+1
324,033	68,749	71,000	7,409E+1
324,033	68,798	71,000	7,223E+1
326,198	68,798	71,000	7,233E+1
326,198	68,894	71,000	6,861E+1
328,365	68,894	71,000	6,870E+1
328,365	68,832	71,000	7,129E+1
330,531	68,832	71,000	7,139E+1
330,531	68,832	71,000	7,149E+1
332,698	68,735	71,000	7,541E+1
332,698	68,735	71,000	7,551E+1
334,863	68,961	71,000	6,666E+1
334,863	68,961	71,000	6,675E+1
337,030	68,990	71,000	6,570E+1
337,030	68,990	71,000	6,579E+1
337,030	68,900	71,000	6,944E+1
339,195	68,900	71,000	6,954E+1
339,195	68,839	71,000	7,207E+1
341,362	68,839	71,000	7,217E+1
341,362	68,864	71,000	7,126E+1
343,529	68,864	71,000	7,135E+1
343,529	68,864	71,000	7,145E+1
345,698	68,828	71,000	7,295E+1
345,698	68,828	71,000	7,305E+1
347,866	68,983	71,000	6,703E+1
347,866	68,983	71,000	6,712E+1
350,034	68,945	71,000	6,869E+1
350,034	68,945	71,000	6,879E+1
350,034	68,901	71,000	7,062E+1
352,201	68,901	71,000	7,072E+1
352,201	69,046	71,000	6,511E+1
354,368	69,046	71,000	6,519E+1
354,368	69,161	71,000	6,071E+1
356,535	69,161	71,000	6,079E+1
356,535	69,161	71,000	6,087E+1
358,700	69,136	71,000	6,197E+1
358,700	69,136	71,000	6,205E+1
360,866	69,190	71,000	5,998E+1
360,866	69,190	71,000	6,006E+1
363,035	69,124	71,000	6,277E+1
363,035	69,124	71,000	6,286E+1
363,035	69,151	71,000	6,185E+1
365,198	69,151	71,000	6,194E+1
365,198	69,068	71,000	6,531E+1
367,365	69,068	71,000	6,540E+1
367,365	68,957	71,000	6,986E+1
369,530	68,957	71,000	6,995E+1
369,530	68,957	71,000	7,005E+1
371,697	68,995	71,000	6,865E+1
371,697	68,995	71,000	6,874E+1
373,862	69,012	71,000	6,818E+1
373,862	69,012	71,000	6,827E+1
376,029	69,004	71,000	6,868E+1
376,029	69,004	71,000	6,877E+1
376,029	68,889	71,000	7,337E+1
378,192	68,889	71,000	7,347E+1
378,192	68,965	71,000	7,059E+1
380,361	68,965	71,000	7,068E+1
380,361	68,944	71,000	7,159E+1
382,526	68,944	71,000	7,168E+1
382,526	68,944	71,000	7,177E+1
384,693	68,949	71,000	7,167E+1
384,693	68,949	71,000	7,176E+1
386,856	69,032	71,000	6,855E+1
386,856	69,032	71,000	6,863E+1
389,025	69,025	71,000	6,902E+1
389,025	69,025	71,000	6,911E+1
389,025	69,062	71,000	6,771E+1
391,190	69,062	71,000	6,780E+1
391,190	69,248	71,000	6,056E+1
393,357	69,248	71,000	6,064E+1
393,357	69,204	71,000	6,246E+1
395,523	69,204	71,000	6,254E+1
395,523	69,248	71,000	6,262E+1
397,690	69,248	71,000	6,096E+1
397,690	69,248	71,000	6,104E+1
399,857	69,465	71,000	5,252E+1
399,857	69,465	71,000	5,259E+1
402,020	69,436	71,000	5,381E+1
402,020	69,436	71,000	5,388E+1
402,020	69,424	71,000	5,440E+1
404,185	69,424	71,000	5,448E+1
404,185	69,477	71,000	5,247E+1
406,350	69,477	71,000	5,254E+1
406,350	69,356	71,000	5,738E+1
408,517	69,356	71,000	5,745E+1
408,517	69,427	71,000	5,753E+1
410,684	69,427	71,000	5,477E+1
410,684	69,427	71,000	5,484E+1
412,849	69,433	71,000	5,471E+1
412,849	69,433	71,000	5,478E+1
415,016	69,433	71,000	5,485E+1
415,016	69,433	71,000	5,492E+1
415,016	69,300	71,000	6,025E+1
417,185	69,300	71,000	6,032E+1
417,185	69,162	71,000	6,585E+1
419,352	69,162	71,000	6,593E+1
419,352	69,169	71,000	6,574E+1
421,521	69,169	71,000	6,582E+1
421,521	69,215	71,000	6,590E+1
423,689	69,215	71,000	6,418E+1
423,689	69,215	71,000	6,426E+1
425,856	69,288	71,000	6,145E+1
425,856	69,288	71,000	6,153E+1
428,025	69,279	71,000	6,194E+1
428,025	69,279	71,000	6,202E+1
428,025	69,373	71,000	5,839E+1
430,192	69,373	71,000	5,846E+1
430,192	69,314	71,000	6,090E+1
432,359	69,314	71,000	6,097E+1
432,359	69,375	71,000	5,861E+1
434,524	69,375	71,000	5,868E+1
434,524	69,414	71,000	5,876E+1
436,693	69,414	71,000	5,729E+1
436,693	69,414	71,000	5,736E+1
438,858	69,429	71,000	5,684E+1
438,858	69,429	71,000	5,691E+1
441,023	69,409	71,000	5,779E+1
441,023	69,409	71,000	5,786E+1
441,023	69,402	71,000	5,819E+1
443,190	69,402	71,000	5,826E+1
443,190	69,359	71,000	6,002E+1
445,357	69,359	71,000	6,009E+1
445,357	69,339	71,000	6,098E+1
447,522	69,339	71,000	6,105E+1
447,522	69,165	71,000	6,113E+1
449,687	69,165	71,000	6,812E+1
449,687	69,165	71,000	6,820E+1
451,854	69,240	71,000	6,527E+1
451,854	69,240	71,000	6,535E+1
454,021	69,249	71,000	6,509E+1
454,021	69,249	71,000	6,517E+1
454,021	69,290	71,000	6,363E+1
456,185	69,290	71,000	6,371E+1
456,185	69,160	71,000	6,895E+1
458,352	69,160	71,000	6,904E+1
458,352	69,398	71,000	5,965E+1
460,517	69,398	71,000	5,972E+1
460,517	69,410	71,000	5,979E+1
462,684	69,410	71,000	5,939E+1
462,684	69,410	71,000	5,946E+1
464,849	69,306	71,000	6,366E+1
464,849	69,306	71,000	6,373E+1
467,014	69,273	71,000	6,514E+1
467,014	69,273	71,000	6,521E+1
467,014	69,310	71,000	6,383E+1
469,181	69,310	71,000	6,390E+1
469,181	69,358	71,000	6,208E+1
471,348	69,358	71,000	6,215E+1
471,348	69,351	71,000	6,250E+1
473,515	69,351	71,000	6,258E+1
473,515	69,448	71,000	6,265E+1
475,680	69,448	71,000	5,890E+1
475,680	69,448	71,000	5,897E+1
477,848	69,249	71,000	6,691E+1
477,848	69,249	71,000	6,699E+1
480,015	69,319	71,000	6,431E+1
480,015	69,319	71,000	6,439E+1
480,015	69,465	71,000	5,866E+1
482,180	69,465	71,000	5,873E+1
482,180	69,319	71,000	6,458E+1
484,347	69,319	71,000	6,466E+1
484,347	69,298	71,000	6,555E+1
486,512	69,298	71,000	6,562E+1
486,512	69,368	71,000	6,570E+1
488,677	69,368	71,000	6,302E+1
488,677	69,368	71,000	6,310E+1
490,846	69,209	71,000	6,949E+1
490,846	69,209	71,000	6,957E+1
493,011	69,275	71,000	6,702E+1
493,011	69,275	71,000	6,710E+1
493,011	69,192	71,000	7,048E+1
495,178	69,192	71,000	7,056E+1
495,178	69,215	71,000	6,969E+1
497,345	69,215	71,000	6,977E+1
497,345	69,243	71,000	6,879E+1
499,512	69,243	71,000	6,886E+1
499,512	69,252	71,000	6,894E+1
501,677	69,252	71,000	6,863E+1
501,677	69,252	71,000	6,871E+1
503,847	69,180	71,000	7,166E+1
503,847	69,180	71,000	7,174E+1
506,012	69,251	71,000	6,901E+1
506,012	69,251	71,000	6,909E+1
506,012	69,276	71,000	6,816E+1
508,181	69,276	71,000	6,823E+1
508,181	69,249	71,000	6,940E+1
510,346	69,249	71,000	6,948E+1
510,346	69,348	71,000	6,564E+1
512,513	69,348	71,000	6,571E+1
512,513	69,279	71,000	6,579E+1
514,680	69,279	71,000	6,858E+1
514,680	69,279	71,000	6,865E+1
516,847	69,322	71,000	6,703E+1
516,847	69,322	71,000	6,710E+1
519,012	69,359	71,000	6,571E+1
519,012	69,359	71,000	6,579E+1
519,012	69,404	71,000	6,412E+1
521,179	69,404	71,000	6,419E+1
521,179	69,378	71,000	6,527E+1
523,342	69,378	71,000	6,534E+1
523,342	69,413	71,000	6,401E+1
525,509	69,413	71,000	6,408E+1
525,509	69,310	71,000	6,415E+1
527,677	69,310	71,000	6,833E+1
527,677	69,310	71,000	6,840E+1
529,844	69,296	71,000	6,901E+1
529,844	69,296	71,000	6,909E+1
532,009	69,300	71,000	6,903E+1
532,009	69,300	71,000	6,911E+1
532,009	69,419	71,000	6,447E+1
534,178	69,419	71,000	6,454E+1
534,178	69,355	71,000	6,717E+1
536,343	69,355	71,000	6,724E+1
536,343	69,359	71,000	6,712E+1
538,510	69,359	71,000	6,719E+1
538,510	69,475	71,000	6,727E+1
540,675	69,475	71,000	6,276E+1
540,675	69,475	71,000	6,283E+1
542,842	69,441	71,000	6,425E+1
542,842	69,441	71,000	6,432E+1
545,007	69,302	71,000	6,990E+1
545,007	69,302	71,000	6,997E+1
545,007	69,210	71,000	7,369E+1
547,174	69,210	71,000	7,378E+1
547,174	69,416	71,000	6,571E+1
549,342	69,416	71,000	6,579E+1
549,342	69,585	71,000	5,914E+1
551,507	69,585	71,000	5,920E+1
551,507	69,417	71,000	5,927E+1
553,674	69,417	71,000	6,599E+1
553,674	69,417	71,000	6,606E+1
555,841	69,371	71,000	6,794E+1
555,841	69,371	71,000	6,801E+1
558,006	69,529	71,000	6,184E+1
558,006	69,529	71,000	6,191E+1
558,006	69,534	71,000	6,178E+1
560,173	69,534	71,000	6,184E+1
560,173	69,431	71,000	6,599E+1
562,340	69,431	71,000	6,606E+1
562,340	69,462	71,000	6,492E+1
564,507	69,462	71,000	6,499E+1
564,507	69,226	71,000	6,506E+1
566,674	69,226	71,000	7,448E+1
566,674	69,226	71,000	7,456E+1
568,843	69,424	71,000	6,678E+1
568,843	69,424	71,000	6,685E+1
571,008	69,483	71,000	6,456E+1
571,008	69,483	71,000	6,463E+1
571,008	69,417	71,000	6,733E+1
573,173	69,417	71,000	6,741E+1
573,173	69,452	71,000	6,611E+1
575,340	69,452	71,000	6,618E+1
575,340	69,193	71,000	7,649E+1
577,506	69,193	71,000	7,657E+1
577,506	69,141	71,000	7,666E+1
579,673	69,141	71,000	7,882E+1
579,673	69,141	71,000	7,890E+1
581,838	69,126	71,000	7,958E+1
581,838	69,126	71,000	7,966E+1
584,005	69,169	71,000	7,801E+1
584,005	69,169	71,000	7,809E+1
584,005	69,219	71,000	7,623E+1
586,170	69,219	71,000	7,631E+1
586,170	69,328	71,000	7,207E+1
588,339	69,328	71,000	7,215E+1
588,339	69,380	71,000	7,014E+1
590,506	69,380	71,000	7,022E+1
590,506	69,502	71,000	7,029E+1
592,673	69,502	71,000	6,553E+1
592,673	69,502	71,000	6,560E+1
594,838	69,407	71,000	6,943E+1
594,838	69,407	71,000	6,950E+1
597,007	69,477	71,000	6,682E+1
597,007	69,477	71,000	6,689E+1
597,007	69,432	71,000	6,872E+1
599,175	69,432	71,000	6,879E+1
599,175	69,448	71,000	6,823E+1
601,340	69,448	71,000	6,830E+1
601,340	69,482	71,000	6,702E+1
603,505	69,482	71,000	6,709E+1
603,505	69,481	71,000	6,716E+1
605,672	69,481	71,000	6,724E+1
605,672	69,481	71,000	6,731E+1
607,839	69,412	71,000	7,013E+1
607,839	69,412	71,000	7,021E+1
610,006	69,358	71,000	7,242E+1
610,006	69,358	71,000	7,249E+1
610,006	69,573	71,000	6,405E+1
612,169	69,573	71,000	6,411E+1
612,169	69,441	71,000	6,941E+1
614,334	69,441	71,000	6,948E+1
614,334	69,561	71,000	6,477E+1
616,499	69,561	71,000	6,484E+1
616,499	69,507	71,000	6,706E+1
618,666	69,507	71,000	6,713E+1
618,666	69,507	71,000	6,720E+1
620,831	69,472	71,000	6,867E+1
620,831	69,472	71,000	6,874E+1
623,000	69,451	71,000	6,962E+1
623,000	69,451	71,000	6,969E+1
623,000	69,347	71,000	7,386E+1
625,167	69,347	71,000	7,394E+1
625,167	69,321	71,000	7,508E+1
627,334	69,321	71,000	7,516E+1
627,334	69,434	71,000	7,074E+1
629,501	69,434	71,000	7,081E+1
629,501	69,471	71,000	7,088E+1
631,671	69,471	71,000	6,946E+1
631,671	69,471	71,000	6,953E+1
633,836	69,691	71,000	6,092E+1
633,836	69,691	71,000	6,098E+1
636,003	69,578	71,000	6,548E+1
636,003	69,578	71,000	6,554E+1
636,003	69,629	71,000	6,361E+1
638,168	69,629	71,000	6,367E+1
638,168	69,698	71,000	6,102E+1
640,335	69,698	71,000	6,107E+1
640,335	69,674	71,000	6,208E+1
642,502	69,674	71,000	6,214E+1
642,502	69,553	71,000	6,698E+1
644,667	69,553	71,000	6,704E+1
644,667	69,553	71,000	6,711E+1
646,832	69,554	71,000	6,712E+1
646,832	69,554	71,000	6,718E+1
648,999	69,674	71,000	6,253E+1
648,999	69,674	71,000	6,259E+1
648,999	69,697	71,000	6,172E+1
651,160	69,697	71,000	6,178E+1
651,160	69,728	71,000	6,061E+1
653,331	69,728	71,000	6,067E+1
653,331	69,773	71,000	5,892E+1
655,496	69,773	71,000	5,898E+1
655,496	69,785	71,000	5,858E+1
657,663	69,785	71,000	5,863E+1
657,663	69,785	71,000	5,869E+1
659,828	69,736	71,000	6,068E+1
659,828	69,736	71,000	6,074E+1
661,995	69,775	71,000	5,923E+1
661,995	69,775	71,000	5,929E+1
661,995	69,838	71,000	5,686E+1
664,160	69,838	71,000	5,692E+1
664,160	69,634	71,000	6,505E+1
666,327	69,634	71,000	6,511E+1
666,327	69,678	71,000	6,343E+1
668,494	69,678	71,000	6,349E+1
668,494	69,587	71,000	6,716E+1
670,661	69,587	71,000	6,722E+1
670,661	69,587	71,000	6,729E+1
672,828	69,680	71,000	6,364E+1
672,828	69,680	71,000	6,370E+1
674,993	69,675	71,000	6,398E+1
674,993	69,675	71,000	6,404E+1
674,993	69,691	71,000	6,345E+1
677,160	69,691	71,000	6,351E+1
677,160	69,575	71,000	6,820E+1
679,325	69,575	71,000	6,827E+1
679,325	69,639	71,000	6,575E+1
681,492	69,639	71,000	6,582E+1
681,492	69,600	71,000	6,742E+1
683,660	69,600	71,000	6,749E+1
683,660	69,600	71,000	6,755E+1
685,826	69,653	71,000	6,553E+1
685,826	69,653	71,000	6,559E+1
687,991	69,516	71,000	7,110E+1
687,991	69,516	71,000	7,117E+1
687,991	69,512	71,000	7,136E+1
690,161	69,512	71,000	7,142E+1
690,161	69,596	71,000	6,820E+1
692,324	69,596	71,000	6,826E+1
692,324	69,618	71,000	6,746E+1
694,491	69,618	71,000	6,752E+1
694,491	69,743	71,000	6,261E+1
696,656	69,743	71,000	6,266E+1
696,656	69,743	71,000	6,272E+1
698,823	69,638	71,000	6,694E+1
698,823	69,638	71,000	6,700E+1
700,988	69,625	71,000	6,756E+1
700,988	69,625	71,000	6,762E+1
700,988	69,632	71,000	6,740E+1
703,157	69,632	71,000	6,747E+1
703,157	69,691	71,000	6,519E+1
705,322	69,691	71,000	6,525E+1
705,322	69,698	71,000	6,503E+1
707,491	69,698	71,000	6,509E+1
707,491	69,796	71,000	6,130E+1
709,656	69,796	71,000	6,136E+1
709,656	69,796	71,000	6,141E+1
711,823	69,517	71,000	7,250E+1
711,823	69,517	71,000	7,257E+1
713,988	69,556	71,000	7,107E+1
713,988	69,556	71,000	7,114E+1
713,988	69,653	71,000	6,738E+1
716,157	69,653	71,000	6,744E+1
716,157	69,720	71,000	6,486E+1
718,320	69,720	71,000	6,492E+1
718,320	69,665	71,000	6,716E+1
720,487	69,665	71,000	6,722E+1
720,487	69,602	71,000	6,976E+1
722,654	69,602	71,000	6,982E+1
722,654	69,602	71,000	6,988E+1
724,821	69,497	71,000	7,411E+1
724,821	69,497	71,000	7,417E+1
726,986	69,497	71,000	7,424E+1
726,986	69,497	71,000	7,431E+1
726,986	69,392	71,000	7,856E+1
729,153	69,392	71,000	7,863E+1
729,153	69,468	71,000	7,567E+1
731,320	69,468	71,000	7,574E+1
731,320	69,260	71,000	8,407E+1
733,487	69,260	71,000	8,415E+1
733,487	69,449	71,000	7,672E+1
735,654	69,449	71,000	7,679E+1
735,654	69,449	71,000	7,686E+1
737,821	69,584	71,000	7,160E+1
737,821	69,584	71,000	7,167E+1
739,984	69,584	71,000	7,173E+1
739,984	69,584	71,000	7,179E+1
739,984	69,572	71,000	7,233E+1
742,152	69,572	71,000	7,240E+1
742,152	69,637	71,000	6,985E+1
744,321	69,637	71,000	6,991E+1
744,321	69,773	71,000	6,458E+1
746,486	69,773	71,000	6,464E+1
746,486	69,692	71,000	6,792E+1
748,652	69,692	71,000	6,798E+1
748,652	69,692	71,000	6,804E+1
750,820	69,636	71,000	7,032E+1
750,820	69,636	71,000	7,038E+1
752,984	69,704	71,000	6,775E+1
752,984	69,704	71,000	6,780E+1
752,984	69,736	71,000	6,660E+1
755,151	69,736	71,000	6,665E+1
755,151	69,680	71,000	6,893E+1
757,319	69,680	71,000	6,899E+1
757,319	69,814	71,000	6,374E+1
759,484	69,814	71,000	6,379E+1
759,484	69,838	71,000	6,289E+1
761,651	69,838	71,000	6,295E+1
761,651	69,838	71,000	6,300E+1
763,816	69,833	71,000	6,325E+1
763,816	69,833	71,000	6,330E+1
765,983	69,897	71,000	6,082E+1
765,983	69,897	71,000	6,087E+1
765,983	69,948	71,000	5,890E+1
768,150	69,948	71,000	5,895E+1
768,150	69,685	71,000	6,939E+1
770,317	69,685	71,000	6,945E+1
770,317	69,773	71,000	6,603E+1
772,484	69,773	71,000	6,608E+1
772,484	69,899	71,000	6,116E+1
774,651	69,899	71,000	6,121E+1
774,651	69,899	71,000	6,126E+1
776,818	69,891	71,000	6,165E+1
776,818	69,891	71,000	6,170E+1
778,983	69,850	71,000	6,335E+1
778,983	69,850	71,000	6,341E+1
778,983	69,912	71,000	6,098E+1
781,148	69,912	71,000	6,103E+1
781,148	69,606	71,000	7,324E+1
783,315	69,606	71,000	7,331E+1
783,315	69,733	71,000	6,834E+1
785,484	69,733	71,000	6,840E+1
785,484	69,955	71,000	5,964E+1
787,651	69,955	71,000	5,968E+1
787,651	69,955	71,000	5,973E+1
789,816	69,931	71,000	6,073E+1
789,816	69,931	71,000	6,078E+1
791,985	69,850	71,000	6,406E+1
791,985	69,850	71,000	6,411E+1
791,985	69,863	71,000	6,362E+1
794,152	69,863	71,000	6,368E+1
794,152	69,886	71,000	6,284E+1
796,315	69,886	71,000	6,289E+1
796,315	69,926	71,000	6,133E+1
798,480	69,926	71,000	6,138E+1
798,480	69,903	71,000	6,236E+1
800,647	69,903	71,000	6,241E+1
800,647	69,903	71,000	6,246E+1
802,814	69,798	71,000	6,663E+1
802,814	69,798	71,000	6,668E+1
804,979	69,990	71,000	5,913E+1
804,979	69,990	71,000	5,918E+1
804,979	70,011	71,000	5,841E+1
807,148	70,011	71,000	5,845E+1
807,148	69,943	71,000	6,119E+1
809,313	69,943	71,000	6,124E+1
809,313	69,853	71,000	6,485E+1
811,482	69,853	71,000	6,491E+1
811,482	69,732	71,000	6,973E+1
813,648	69,732	71,000	6,979E+1
813,648	69,732	71,000	6,985E+1
815,813	69,856	71,000	6,499E+1
815,813	69,856	71,000	6,504E+1
817,980	69,938	71,000	6,186E+1
817,980	69,938	71,000	6,191E+1
817,980	69,924	71,000	6,250E+1
820,145	69,924	71,000	6,254E+1
820,145	69,853	71,000	6,543E+1
822,312	69,853	71,000	6,548E+1
822,312	69,792	71,000	6,795E+1
824,479	69,792	71,000	6,800E+1
824,479	69,821	71,000	6,691E+1
826,646	69,821	71,000	6,696E+1
826,646	69,821	71,000	6,701E+1
828,817	69,725	71,000	7,089E+1
828,817	69,725	71,000	7,095E+1
830,984	69,648	71,000	7,406E+1
830,984	69,648	71,000	7,412E+1
830,984	69,768	71,000	6,938E+1
833,151	69,768	71,000	6,944E+1
833,151	69,834	71,000	6,688E+1
835,318	69,834	71,000	6,693E+1
835,318	69,819	71,000	6,760E+1
837,485	69,819	71,000	6,765E+1
837,485	69,796	71,000	6,864E+1
839,650	69,796	71,000	6,869E+1
839,650	69,796	71,000	6,875E+1
841,817	69,658	71,000	7,425E+1
841,817	69,658	71,000	7,431E+1
843,984	69,709	71,000	7,235E+1
843,984	69,709	71,000	7,241E+1
843,984	69,627	71,000	7,569E+1
846,151	69,627	71,000	7,576E+1
846,151	69,740	71,000	7,138E+1
848,318	69,740	71,000	7,144E+1
848,318	69,790	71,000	6,949E+1
850,485	69,790	71,000	6,955E+1
850,485	69,862	71,000	6,677E+1
852,650	69,862	71,000	6,682E+1
852,650	69,862	71,000	6,687E+1
854,817	69,999	71,000	6,148E+1
854,817	69,999	71,000	6,152E+1
856,985	69,982	71,000	6,224E+1
856,985	69,982	71,000	6,229E+1
856,985	70,231	71,000	5,245E+1
859,152	70,231	71,000	5,248E+1
859,152	70,118	71,000	5,701E+1
861,319	70,118	71,000	5,705E+1
861,319	70,174	71,000	5,487E+1
863,488	70,174	71,000	5,491E+1
863,488	70,123	71,000	5,697E+1
865,653	70,123	71,000	5,701E+1
865,653	70,123	71,000	5,705E+1
867,820	70,120	71,000	5,723E+1
867,820	70,120	71,000	5,727E+1
869,985	70,076	71,000	5,905E+1
869,985	70,076	71,000	5,909E+1
869,985	70,016	71,000	6,149E+1
872,152	70,016	71,000	6,153E+1
872,152	69,942	71,000	6,453E+1
874,323	69,942	71,000	6,458E+1
874,323	70,064	71,000	5,977E+1
876,490	70,064	71,000	5,981E+1
876,490	70,043	71,000	6,067E+1
878,657	70,043	71,000	6,071E+1
878,657	70,043	71,000	6,076E+1
880,826	69,945	71,000	6,472E+1
880,826	69,945	71,000	6,477E+1
882,995	69,986	71,000	6,319E+1
882,995	69,986	71,000	6,324E+1
882,995	70,194	71,000	5,502E+1
885,166	70,194	71,000	5,506E+1
885,166	70,057	71,000	6,052E+1
887,329	70,057	71,000	6,057E+1
887,329	69,965	71,000	6,425E+1
889,497	69,965	71,000	6,430E+1
889,497	69,962	71,000	6,447E+1
891,663	69,962	71,000	6,451E+1
891,663	69,962	71,000	6,456E+1
893,830	70,016	71,000	6,247E+1
893,830	70,016	71,000	6,251E+1
895,997	69,887	71,000	6,767E+1
895,997	69,887	71,000	6,772E+1
895,997	69,936	71,000	6,583E+1
898,166	69,936	71,000	6,587E+1
898,166	70,033	71,000	6,208E+1
900,334	70,033	71,000	6,212E+1
900,334	70,061	71,000	6,108E+1
902,498	70,061	71,000	6,112E+1
902,498	70,187	71,000	5,613E+1
904,664	70,187	71,000	5,617E+1
904,664	70,187	71,000	5,620E+1
906,833	70,128	71,000	5,860E+1
906,833	70,128	71,000	5,864E+1
908,998	69,989	71,000	6,420E+1
908,998	69,989	71,000	6,425E+1
908,998	70,006	70,000	2,400E+1
911,165	70,006	70,000	2,400E+1
911,165	69,971	70,000	2,535E+1
913,332	69,971	70,000	2,535E+1
913,332	69,918	70,000	2,749E+1
915,499	69,918	70,000	2,749E+1
915,499	70,044	70,000	2,246E+1
917,666	70,044	70,000	2,246E+1
917,666	70,044	70,000	2,246E+1
919,833	69,945	70,000	2,640E+1
919,833	69,945	70,000	2,640E+1
922,000	70,037	70,000	2,278E+1
922,000	70,037	70,000	2,278E+1
922,000	70,052	70,000	2,218E+1
924,169	70,052	70,000	2,218E+1
924,169	69,882	70,000	2,889E+1
926,334	69,882	70,000	2,890E+1
926,334	70,085	70,000	2,084E+1
928,501	70,085	70,000	2,084E+1
928,501	70,041	70,000	2,258E+1
930,666	70,041	70,000	2,257E+1
930,666	70,041	70,000	2,257E+1
932,831	70,201	70,000	1,625E+1
932,831	70,201	70,000	1,624E+1
935,000	70,018	70,000	2,348E+1
935,000	70,018	70,000	2,348E+1
935,000	69,957	70,000	2,592E+1
937,165	69,957	70,000	2,592E+1
937,165	69,900	70,000	2,814E+1
939,330	69,900	70,000	2,815E+1
939,330	69,970	70,000	2,540E+1
941,495	69,970	70,000	2,540E+1
941,495	69,882	70,000	2,889E+1
943,660	69,882	70,000	2,889E+1
943,660	69,882	70,000	2,890E+1
945,828	69,999	70,000	2,427E+1
945,828	69,999	70,000	2,427E+1
947,993	70,055	70,000	2,205E+1
947,993	70,055	70,000	2,204E+1
947,993	69,954	70,000	2,606E+1
950,160	69,954	70,000	2,607E+1
950,160	69,989	70,000	2,466E+1
952,325	69,989	70,000	2,466E+1
952,325	70,007	70,000	2,393E+1
954,492	70,007	70,000	2,393E+1
954,492	69,875	70,000	2,916E+1
956,657	69,875	70,000	2,916E+1
956,657	69,875	70,000	2,917E+1
958,826	69,894	70,000	2,844E+1
958,826	69,894	70,000	2,845E+1
960,993	69,874	70,000	2,926E+1
960,993	69,874	70,000	2,927E+1
960,993	69,762	70,000	3,371E+1
963,162	69,762	70,000	3,372E+1
963,162	69,672	70,000	3,730E+1
965,329	69,672	70,000	3,732E+1
965,329	69,787	70,000	3,275E+1
967,498	69,787	70,000	3,276E+1
967,498	69,592	70,000	4,050E+1
969,663	69,592	70,000	4,052E+1
969,663	69,592	70,000	4,054E+1
971,830	69,566	70,000	4,159E+1
971,830	69,566	70,000	4,160E+1
973,995	69,580	70,000	4,107E+1
973,995	69,580	70,000	4,109E+1
973,995	69,644	70,000	3,855E+1
976,162	69,644	70,000	3,857E+1
976,162	69,641	70,000	3,872E+1
978,327	69,641	70,000	3,874E+1
978,327	69,618	70,000	3,969E+1
980,495	69,618	70,000	3,970E+1
980,495	69,691	70,000	3,679E+1
982,660	69,691	70,000	3,680E+1
982,660	69,691	70,000	3,682E+1
984,827	69,474	70,000	4,547E+1
984,827	69,474	70,000	4,549E+1
986,994	69,621	70,000	3,967E+1
986,994	69,621	70,000	3,969E+1
986,994	69,701	70,000	3,656E+1
989,161	69,701	70,000	3,657E+1
989,161	69,514	70,000	4,397E+1
991,330	69,514	70,000	4,399E+1
991,330	69,570	70,000	4,182E+1
993,497	69,570	70,000	4,184E+1
993,497	69,709	70,000	3,633E+1
995,662	69,709	70,000	3,634E+1
995,662	69,709	70,000	3,636E+1
997,829	69,704	70,000	3,657E+1
997,829	69,704	70,000	3,658E+1
999,994	69,731	70,000	3,552E+1
999,994	69,731	70,000	3,554E+1
999,994	69,810	70,000	3,240E+1
1002,161	69,810	70,000	3,241E+1
1002,161	69,808	70,000	3,253E+1
1004,326	69,808	70,000	3,254E+1
1004,326	69,651	70,000	3,873E+1
1006,493	69,651	70,000	3,875E+1
1006,493	69,689	70,000	3,728E+1
1008,658	69,689	70,000	3,729E+1
1008,658	69,689	70,000	3,731E+1
1010,827	69,558	70,000	4,251E+1
1010,827	69,558	70,000	4,253E+1
1012,997	69,726	70,000	3,589E+1
1012,997	69,726	70,000	3,591E+1
1012,997	69,655	70,000	3,873E+1
1015,164	69,655	70,000	3,875E+1
1015,164	69,632	70,000	3,965E+1
1017,331	69,632	70,000	3,967E+1
1017,331	69,584	70,000	4,163E+1
1019,498	69,584	70,000	4,165E+1
1019,498	69,648	70,000	3,913E+1
1021,665	69,648	70,000	3,915E+1
1021,665	69,648	70,000	3,916E+1
1023,832	69,651	70,000	3,904E+1
1023,832	69,651	70,000	3,906E+1
1025,999	69,409	70,000	4,866E+1
1025,999	69,409	70,000	4,869E+1
1025,999	69,404	70,000	4,893E+1
1028,166	69,404	70,000	4,896E+1
1028,166	69,386	70,000	4,966E+1
1030,331	69,386	70,000	4,969E+1
1030,331	69,437	70,000	4,769E+1
1032,498	69,437	70,000	4,772E+1
1032,498	69,286	70,000	5,373E+1
1034,665	69,286	70,000	5,376E+1
1034,665	69,286	70,000	5,379E+1
1036,832	69,297	70,000	5,343E+1
1036,832	69,297	70,000	5,346E+1
1038,997	69,319	70,000	5,262E+1
1038,997	69,319	70,000	5,265E+1
1038,997	69,356	70,000	5,120E+1
1041,164	69,356	70,000	5,122E+1
1041,164	69,400	70,000	4,951E+1
1043,329	69,400	70,000	4,954E+1
1043,329	69,329	70,000	5,238E+1
1045,496	69,329	70,000	5,241E+1
1045,496	69,475	70,000	4,665E+1
1047,661	69,475	70,000	4,668E+1
1047,661	69,475	70,000	4,670E+1
1049,828	69,465	70,000	4,714E+1
1049,828	69,465	70,000	4,716E+1
1051,996	69,323	70,000	5,278E+1
1051,996	69,323	70,000	5,281E+1
1051,996	69,302	70,000	5,371E+1
1054,163	69,302	70,000	5,374E+1
1054,163	69,300	70,000	5,383E+1
1056,330	69,300	70,000	5,386E+1
1056,330	69,303	70,000	5,376E+1
1058,499	69,303	70,000	5,379E+1
1058,499	69,321	70,000	5,314E+1
1060,664	69,321	70,000	5,318E+1
1060,664	69,321	70,000	5,321E+1
1062,831	69,427	70,000	4,902E+1
1062,831	69,427	70,000	4,904E+1
1064,996	69,421	70,000	4,933E+1
1064,996	69,421	70,000	4,935E+1
1064,996	69,580	70,000	4,306E+1
1067,163	69,580	70,000	4,308E+1
1067,163	69,425	70,000	4,922E+1
1069,328	69,425	70,000	4,924E+1
1069,328	69,599	70,000	4,242E+1
1071,495	69,599	70,000	4,243E+1
1071,495	69,526	70,000	4,532E+1
1073,660	69,526	70,000	4,535E+1
1073,660	69,526	70,000	4,537E+1
1075,827	69,563	70,000	4,392E+1
1075,827	69,563	70,000	4,394E+1
1077,993	69,596	70,000	4,267E+1
1077,993	69,596	70,000	4,269E+1
1077,993	69,580	70,000	4,332E+1
1080,158	69,580	70,000	4,334E+1
1080,158	69,513	70,000	4,600E+1
1082,325	69,513	70,000	4,602E+1
1082,325	69,470	70,000	4,779E+1
1084,494	69,470	70,000	4,781E+1
1084,494	69,540	70,000	4,506E+1
1086,661	69,540	70,000	4,508E+1
1086,661	69,540	70,000	4,510E+1
1088,826	69,393	70,000	5,091E+1
1088,826	69,393	70,000	5,093E+1
1090,993	69,358	70,000	5,237E+1
1090,993	69,358	70,000	5,240E+1
1090,993	69,380	70,000	5,155E+1
1093,162	69,380	70,000	5,158E+1
1093,162	69,351	70,000	5,276E+1
1095,329	69,351	70,000	5,279E+1
1095,329	69,459	70,000	4,852E+1
1097,498	69,459	70,000	4,854E+1
1097,498	69,202	70,000	5,877E+1
1099,665	69,202	70,000	5,881E+1
1099,665	69,202	70,000	5,884E+1
1101,832	69,343	70,000	5,331E+1
1101,832	69,343	70,000	5,334E+1
1103,997	69,263	70,000	5,652E+1
1103,997	69,263	70,000	5,655E+1
1103,997	69,317	70,000	5,445E+1
1106,164	69,317	70,000	5,448E+1
1106,164	69,319	70,000	5,445E+1
1108,327	69,319	70,000	5,448E+1
1108,327	69,457	70,000	4,904E+1
1110,495	69,457	70,000	4,907E+1
1110,495	69,388	70,000	5,181E+1
1112,658	69,388	70,000	5,183E+1
1112,658	69,388	70,000	5,186E+1
1114,827	69,357	70,000	5,310E+1
1114,827	69,357	70,000	5,313E+1
1116,992	69,296	70,000	5,557E+1
1116,992	69,296	70,000	5,561E+1
1116,992	69,181	70,000	6,019E+1
1119,155	69,181	70,000	6,023E+1
1119,155	69,243	70,000	5,785E+1
1121,322	69,243	70,000	5,788E+1
1121,322	69,178	70,000	6,047E+1
1123,489	69,178	70,000	6,051E+1
1123,489	69,169	70,000	6,089E+1
1125,658	69,169	70,000	6,092E+1
1125,658	69,169	70,000	6,096E+1
1127,823	69,232	70,000	5,852E+1
1127,823	69,232	70,000	5,856E+1
1129,992	69,226	70,000	5,885E+1
1129,992	69,226	70,000	5,888E+1
1132,160	69,260	70,000	5,757E+1
1132,160	69,260	70,000	5,760E+1
1132,160	69,251	70,000	5,798E+1
1134,327	69,251	70,000	5,801E+1
1134,327	69,307	70,000	5,582E+1
1136,492	69,307	70,000	5,586E+1
1136,492	69,402	70,000	5,212E+1
1138,661	69,402	70,000	5,215E+1
1138,661	69,402	70,000	5,218E+1
1140,828	69,399	70,000	5,232E+1
1140,828	69,399	70,000	5,235E+1
1142,995	69,405	70,000	5,214E+1
1142,995	69,405	70,000	5,217E+1
1145,160	69,529	70,000	4,728E+1
1145,160	69,529	70,000	4,730E+1
1145,160	69,643	70,000	4,280E+1
1147,327	69,643	70,000	4,282E+1
1147,327	69,413	70,000	5,193E+1
1149,490	69,413	70,000	5,196E+1
1149,490	69,323	70,000	5,559E+1
1151,655	69,323	70,000	5,562E+1
1151,655	69,323	70,000	5,565E+1
1153,820	69,300	70,000	5,655E+1
1153,820	69,300	70,000	5,658E+1
1155,987	69,268	70,000	5,790E+1
1155,987	69,268	70,000	5,794E+1
1158,154	69,183	70,000	6,134E+1
1158,154	69,183	70,000	6,137E+1
1158,154	69,351	70,000	5,475E+1
1160,319	69,351	70,000	5,478E+1
1160,319	69,096	70,000	6,490E+1
1162,484	69,096	70,000	6,494E+1
1162,484	69,276	70,000	5,787E+1
1164,649	69,276	70,000	5,790E+1
1164,649	69,371	70,000	5,793E+1
1166,816	69,371	70,000	5,418E+1
1166,816	69,371	70,000	5,421E+1
1168,985	69,355	70,000	5,491E+1
1168,985	69,355	70,000	5,494E+1
1171,152	69,393	70,000	5,342E+1
1171,152	69,393	70,000	5,345E+1
1171,152	69,336	70,000	5,576E+1
1173,319	69,336	70,000	5,579E+1
1173,319	69,240	70,000	5,960E+1
1175,489	69,240	70,000	5,964E+1
1175,489	69,256	70,000	5,906E+1
1177,653	69,256	70,000	5,909E+1
1177,653	69,256	70,000	5,912E+1
1179,895	69,261	70,000	5,896E+1
1179,895	69,261	70,000	5,899E+1
1182,132	69,248	70,000	5,956E+1
1182,132	69,248	70,000	5,959E+1
1182,132	69,237	70,000	6,002E+1
1184,375	69,237	70,000	6,006E+1
1184,375	69,264	70,000	5,902E+1
1186,612	69,264	70,000	5,906E+1
1186,612	69,264	70,000	5,909E+1
1188,853	69,390	70,000	5,415E+1
1188,853	69,390	70,000	5,418E+1
1191,096	69,427	70,000	5,274E+1
1191,096	69,427	70,000	5,276E+1
1191,096	69,349	70,000	5,588E+1
1193,337	69,349	70,000	5,591E+1
1193,337	69,433	70,000	5,263E+1
1195,579	69,433	70,000	5,266E+1
1195,579	69,383	70,000	5,268E+1
1197,818	69,383	70,000	5,465E+1
1197,818	69,383	70,000	5,468E+1
1200,059	69,453	70,000	5,195E+1
1200,059	69,453	70,000	5,198E+1
1200,059	69,346	70,000	5,624E+1
1202,300	69,346	70,000	5,627E+1
1202,300	69,326	70,000	5,711E+1
1204,539	69,326	70,000	5,714E+1
1204,539	69,290	70,000	5,717E+1
1206,778	69,290	70,000	5,861E+1
1206,778	69,290	70,000	5,864E+1
1209,020	69,369	70,000	5,552E+1
1209,020	69,369	70,000	5,555E+1
1209,020	69,322	70,000	5,744E+1
1211,259	69,322	70,000	5,747E+1
1211,259	69,280	70,000	5,919E+1
1213,502	69,280	70,000	5,922E+1
1213,502	69,365	70,000	5,925E+1
1215,743	69,365	70,000	5,594E+1
1215,743	69,365	70,000	5,597E+1
1217,988	69,358	70,000	5,627E+1
1217,988	69,358	70,000	5,630E+1
1217,988	69,339	70,000	5,706E+1
1220,227	69,339	70,000	5,709E+1
1220,227	69,324	70,000	5,772E+1
1222,467	69,324	70,000	5,775E+1
1222,467	69,428	70,000	5,778E+1
1224,705	69,428	70,000	5,371E+1
1224,705	69,428	70,000	5,373E+1
1226,947	69,433	70,000	5,356E+1
1226,947	69,433	70,000	5,359E+1
1229,186	69,488	70,000	5,139E+1
1229,186	69,488	70,000	5,142E+1
1229,186	69,380	70,000	5,574E+1
1231,429	69,380	70,000	5,577E+1
1231,429	69,368	70,000	5,627E+1
1233,668	69,368	70,000	5,630E+1
1233,668	69,368	70,000	5,633E+1
1235,909	69,395	70,000	5,527E+1
1235,909	69,395	70,000	5,529E+1
1238,150	69,251	70,000	6,107E+1
1238,150	69,251	70,000	6,110E+1
1238,150	69,283	70,000	5,985E+1
1240,392	69,283	70,000	5,988E+1
1240,392	69,425	70,000	5,427E+1
1242,633	69,425	70,000	5,429E+1
1242,633	69,425	70,000	5,432E+1
1244,876	69,421	70,000	5,454E+1
1244,876	69,421	70,000	5,457E+1
1247,117	69,309	70,000	5,903E+1
1247,117	69,309	70,000	5,906E+1
1247,117	69,150	70,000	6,535E+1
1249,358	69,150	70,000	6,539E+1
1249,358	69,205	70,000	6,327E+1
1251,600	69,205	70,000	6,331E+1
1251,600	69,056	70,000	6,334E+1
1253,837	69,056	70,000	6,928E+1
1253,837	69,056	70,000	6,933E+1
1256,080	69,305	70,000	5,950E+1
1256,080	69,305	70,000	5,953E+1
1256,080	69,285	70,000	6,036E+1
1258,321	69,285	70,000	6,039E+1
1258,321	69,326	70,000	5,882E+1
1260,560	69,326	70,000	5,885E+1
1260,560	69,388	70,000	5,888E+1
1262,799	69,388	70,000	5,641E+1
1262,799	69,388	70,000	5,644E+1
1265,038	69,322	70,000	5,910E+1
1265,038	69,322	70,000	5,913E+1
1265,038	69,340	70,000	5,843E+1
1267,279	69,340	70,000	5,846E+1
1267,279	69,424	70,000	5,518E+1
1269,519	69,424	70,000	5,521E+1
1269,519	69,415	70,000	5,523E+1
1271,758	69,415	70,000	5,560E+1
1271,758	69,415	70,000	5,562E+1
1274,001	69,458	70,000	5,397E+1
1274,001	69,458	70,000	5,399E+1
1274,001	69,656	70,000	4,615E+1
1276,240	69,656	70,000	4,616E+1
1276,240	69,641	70,000	4,679E+1
1278,481	69,641	70,000	4,681E+1
1278,481	69,584	70,000	4,683E+1
1280,718	69,584	70,000	4,912E+1
1280,718	69,584	70,000	4,914E+1
1282,960	69,634	70,000	4,716E+1
1282,960	69,634	70,000	4,717E+1
1285,199	69,596	70,000	4,872E+1
1285,199	69,596	70,000	4,873E+1
1285,199	69,385	70,000	5,709E+1
1287,438	69,385	70,000	5,712E+1
1287,438	69,248	70,000	5,715E+1
1289,679	69,248	70,000	6,263E+1
1289,679	69,248	70,000	6,266E+1
1291,918	69,444	70,000	5,491E+1
1291,918	69,444	70,000	5,493E+1
1294,155	69,434	70,000	5,535E+1
1294,155	69,434	70,000	5,538E+1
1294,155	69,459	70,000	5,439E+1
1296,394	69,459	70,000	5,442E+1
1296,394	69,417	70,000	5,613E+1
1298,638	69,417	70,000	5,615E+1
1298,638	69,417	70,000	5,618E+1
1300,877	69,474	70,000	5,397E+1
1300,877	69,474	70,000	5,399E+1
1303,118	69,477	70,000	5,388E+1
1303,118	69,477	70,000	5,390E+1
1303,118	69,475	70,000	5,400E+1
1305,357	69,475	70,000	5,403E+1
1305,357	69,338	70,000	5,950E+1
1307,598	69,338	70,000	5,953E+1
1307,598	69,333	70,000	5,956E+1
1309,841	69,333	70,000	5,979E+1
1309,841	69,333	70,000	5,982E+1
1312,083	69,397	70,000	5,731E+1
1312,083	69,397	70,000	5,734E+1
1312,083	69,483	70,000	5,392E+1
1314,324	69,483	70,000	5,394E+1
1314,324	69,346	70,000	5,941E+1
1316,565	69,346	70,000	5,944E+1
1316,565	69,468	70,000	5,947E+1
1318,808	69,468	70,000	5,467E+1
1318,808	69,468	70,000	5,469E+1
1321,051	69,490	70,000	5,384E+1
1321,051	69,490	70,000	5,387E+1
1321,051	69,314	70,000	6,088E+1
1323,292	69,314	70,000	6,091E+1
1323,292	69,344	70,000	5,974E+1
1325,536	69,344	70,000	5,977E+1
1325,536	69,335	70,000	5,980E+1
1327,775	69,335	70,000	6,016E+1
1327,775	69,335	70,000	6,019E+1
1330,016	69,495	70,000	5,390E+1
1330,016	69,495	70,000	5,393E+1
1330,016	69,352	70,000	5,959E+1
1332,257	69,352	70,000	5,962E+1
1332,257	69,322	70,000	6,086E+1
1334,498	69,322	70,000	6,089E+1
1334,498	69,334	70,000	6,092E+1
1336,737	69,334	70,000	6,048E+1
1336,737	69,334	70,000	6,051E+1
1338,979	69,458	70,000	5,562E+1
1338,979	69,458	70,000	5,565E+1
1341,216	69,508	70,000	5,367E+1
1341,216	69,508	70,000	5,369E+1
1341,216	69,439	70,000	5,647E+1
1343,453	69,439	70,000	5,650E+1
1343,453	69,355	70,000	5,652E+1
1345,696	69,355	70,000	5,989E+1
1345,696	69,355	70,000	5,992E+1
1347,937	69,439	70,000	5,661E+1
1347,937	69,439	70,000	5,663E+1
1350,180	69,398	70,000	5,826E+1
1350,180	69,398	70,000	5,829E+1
1350,180	69,434	70,000	5,689E+1
1352,422	69,434	70,000	5,691E+1
1352,422	69,497	70,000	5,446E+1
1354,665	69,497	70,000	5,449E+1
1354,665	69,497	70,000	5,451E+1
1356,902	69,517	70,000	5,374E+1
1356,902	69,517	70,000	5,376E+1
1359,143	69,505	70,000	5,426E+1
1359,143	69,505	70,000	5,428E+1
1359,143	69,517	70,000	5,381E+1
1361,386	69,517	70,000	5,383E+1
1361,386	69,463	70,000	5,601E+1
1363,625	69,463	70,000	5,603E+1
1363,625	69,583	70,000	5,606E+1
1365,867	69,583	70,000	5,131E+1
1365,867	69,583	70,000	5,133E+1
1368,106	69,495	70,000	5,485E+1
1368,106	69,495	70,000	5,488E+1
1368,106	69,446	70,000	5,684E+1
1370,347	69,446	70,000	5,686E+1
1370,347	69,554	70,000	5,259E+1
1372,588	69,554	70,000	5,261E+1
1372,588	69,495	70,000	5,263E+1
1374,829	69,495	70,000	5,499E+1
1374,829	69,495	70,000	5,501E+1
1377,069	69,543	70,000	5,317E+1
1377,069	69,543	70,000	5,319E+1
1377,069	69,500	70,000	5,490E+1
1379,309	69,500	70,000	5,492E+1
1379,309	69,553	70,000	5,284E+1
1381,553	69,553	70,000	5,286E+1
1381,553	69,615	70,000	5,288E+1
1383,794	69,615	70,000	5,043E+1
1383,794	69,615	70,000	5,044E+1
1386,035	69,437	70,000	5,751E+1
1386,035	69,437	70,000	5,754E+1
1386,035	69,558	70,000	5,279E+1
1388,276	69,558	70,000	5,281E+1
1388,276	69,459	70,000	5,673E+1
1390,517	69,459	70,000	5,676E+1
1390,517	69,644	70,000	5,678E+1
1392,759	69,644	70,000	4,948E+1
1392,759	69,644	70,000	4,949E+1
1395,000	69,536	70,000	5,381E+1
1395,000	69,536	70,000	5,383E+1
1395,000	69,492	70,000	5,559E+1
1397,239	69,492	70,000	5,562E+1
1397,239	69,351	70,000	6,123E+1
1399,478	69,351	70,000	6,125E+1
1399,478	69,346	70,000	6,128E+1
1401,719	69,346	70,000	6,151E+1
1401,719	69,346	70,000	6,154E+1
1403,960	69,425	70,000	5,842E+1
1403,960	69,425	70,000	5,845E+1
1406,204	69,378	70,000	6,035E+1
1406,204	69,378	70,000	6,038E+1
1406,204	69,451	70,000	5,752E+1
1408,443	69,451	70,000	5,754E+1
1408,443	69,364	70,000	5,757E+1
1410,686	69,364	70,000	6,102E+1
1410,686	69,364	70,000	6,105E+1
1412,925	69,397	70,000	5,981E+1
1412,925	69,397	70,000	5,984E+1
1415,166	69,272	70,000	6,482E+1
1415,166	69,272	70,000	6,485E+1
1415,166	69,398	70,000	5,985E+1
1417,405	69,398	70,000	5,988E+1
1417,405	69,439	70,000	5,830E+1
1419,648	69,439	70,000	5,833E+1
1419,648	69,439	70,000	5,835E+1
1421,889	69,451	70,000	5,790E+1
1421,889	69,451	70,000	5,793E+1
1424,129	69,442	70,000	5,829E+1
1424,129	69,442	70,000	5,831E+1
1424,129	69,317	70,000	6,331E+1
1426,372	69,317	70,000	6,334E+1
1426,372	69,409	70,000	5,975E+1
1428,611	69,409	70,000	5,977E+1
1428,611	69,409	70,000	5,980E+1
1430,926	69,364	70,000	6,157E+1
1430,926	69,364	70,000	6,160E+1
1433,244	69,559	70,000	5,390E+1
1433,244	69,559	70,000	5,392E+1
1433,244	69,417	70,000	5,959E+1
1435,561	69,417	70,000	5,961E+1
1435,561	69,368	70,000	5,964E+1
1437,876	69,368	70,000	6,161E+1
1437,876	69,368	70,000	6,164E+1
1440,189	69,398	70,000	6,046E+1
1440,189	69,398	70,000	6,048E+1
1440,189	69,380	70,000	6,124E+1
1442,507	69,380	70,000	6,127E+1
1442,507	69,470	70,000	6,130E+1
1444,820	69,470	70,000	5,778E+1
1444,820	69,470	70,000	5,780E+1
1447,135	69,457	70,000	5,834E+1
1447,135	69,457	70,000	5,837E+1
1447,135	69,428	70,000	5,954E+1
1449,450	69,428	70,000	5,957E+1
1449,450	69,651	70,000	5,959E+1
1451,766	69,651	70,000	5,076E+1
1451,766	69,651	70,000	5,078E+1
1454,079	69,626	70,000	5,179E+1
1454,079	69,626	70,000	5,180E+1
1454,079	69,500	70,000	5,679E+1
1456,396	69,500	70,000	5,681E+1
1456,396	69,512	70,000	5,684E+1
1458,713	69,512	70,000	5,640E+1
1458,713	69,512	70,000	5,643E+1
1461,027	69,409	70,000	6,055E+1
1461,027	69,409	70,000	6,058E+1
1461,027	69,373	70,000	6,201E+1
1463,342	69,373	70,000	6,204E+1
1463,342	69,543	70,000	5,533E+1
1465,657	69,543	70,000	5,535E+1
1465,657	69,543	70,000	5,537E+1
1467,970	69,451	70,000	5,904E+1
1467,970	69,451	70,000	5,906E+1
1467,970	69,530	70,000	5,594E+1
1470,285	69,530	70,000	5,596E+1
1470,285	69,592	70,000	5,354E+1
1472,599	69,592	70,000	5,356E+1
1472,599	69,592	70,000	5,358E+1
1474,916	69,451	70,000	5,918E+1
1474,916	69,451	70,000	5,921E+1
1477,231	69,546	70,000	5,547E+1
1477,231	69,546	70,000	5,549E+1
1477,231	69,493	70,000	5,759E+1
1479,545	69,493	70,000	5,761E+1
1479,545	69,425	70,000	5,764E+1
1481,862	69,425	70,000	6,035E+1
1481,862	69,425	70,000	6,038E+1
1484,177	69,507	70,000	5,718E+1
1484,177	69,507	70,000	5,720E+1
1484,177	69,448	70,000	5,956E+1
1486,492	69,448	70,000	5,958E+1
1486,492	69,314	70,000	5,961E+1
1488,808	69,314	70,000	6,496E+1
1488,808	69,314	70,000	6,499E+1
1491,123	69,350	70,000	6,360E+1
1491,123	69,350	70,000	6,363E+1
1491,123	69,650	70,000	5,177E+1
1493,440	69,650	70,000	5,179E+1
1493,440	69,572	70,000	5,180E+1
1495,755	69,572	70,000	5,491E+1
1495,755	69,572	70,000	5,493E+1
1498,071	69,615	70,000	5,320E+1
1498,071	69,615	70,000	5,322E+1
1498,071	69,619	70,000	5,310E+1
1500,386	69,619	70,000	5,312E+1
1500,386	69,505	70,000	5,313E+1
1502,695	69,505	70,000	5,767E+1
1502,695	69,505	70,000	5,769E+1
1505,013	69,559	70,000	5,555E+1
1505,013	69,559	70,000	5,557E+1
1505,013	69,578	70,000	5,484E+1
1507,328	69,578	70,000	5,486E+1
1507,328	69,563	70,000	5,549E+1
1509,641	69,563	70,000	5,551E+1
1509,641	69,563	70,000	5,553E+1
1511,956	69,376	70,000	6,294E+1
1511,956	69,376	70,000	6,297E+1
1514,270	69,335	70,000	6,462E+1
1514,270	69,335	70,000	6,465E+1
1514,270	69,281	70,000	6,682E+1
1516,583	69,281	70,000	6,685E+1
1516,583	69,371	70,000	6,689E+1
1518,900	69,371	70,000	6,335E+1
1518,900	69,371	70,000	6,338E+1
1521,209	69,378	70,000	6,315E+1
1521,209	69,378	70,000	6,318E+1
1521,209	69,446	70,000	6,051E+1
1523,525	69,446	70,000	6,054E+1
1523,525	69,421	70,000	6,056E+1
1525,840	69,421	70,000	6,160E+1
1525,840	69,421	70,000	6,163E+1
1528,155	69,376	70,000	6,340E+1
1528,155	69,376	70,000	6,342E+1
1528,155	69,546	70,000	5,674E+1
1530,471	69,546	70,000	5,676E+1
1530,471	69,344	70,000	5,678E+1
1532,858	69,344	70,000	6,480E+1
1532,858	69,344	70,000	6,483E+1
1535,247	69,321	70,000	6,579E+1
1535,247	69,321	70,000	6,582E+1
1535,247	69,205	70,000	7,043E+1
1537,635	69,205	70,000	7,047E+1
1537,635	69,205	70,000	7,050E+1
1540,024	69,293	70,000	6,703E+1
1540,024	69,293	70,000	6,706E+1
1540,024	69,412	70,000	6,238E+1
1542,413	69,412	70,000	6,241E+1
1542,413	69,405	70,000	6,243E+1
1544,802	69,405	70,000	6,274E+1
1544,802	69,405	70,000	6,276E+1
1547,194	69,508	70,000	5,871E+1
1547,194	69,508	70,000	5,873E+1
1547,194	69,160	70,000	7,258E+1
1549,583	69,160	70,000	7,262E+1
1549,583	69,160	70,000	7,266E+1
1551,973	69,362	70,000	6,469E+1
1551,973	69,362	70,000	6,472E+1
1551,973	69,397	70,000	6,334E+1
1554,362	69,397	70,000	6,337E+1
1554,362	69,433	70,000	6,340E+1
1556,749	69,433	70,000	6,202E+1
1556,749	69,433	70,000	6,204E+1
1559,139	69,516	70,000	5,878E+1
1559,139	69,516	70,000	5,880E+1
1559,139	69,556	70,000	5,720E+1
1561,528	69,556	70,000	5,722E+1
1561,528	69,617	70,000	5,724E+1
1563,919	69,617	70,000	5,486E+1
1563,919	69,617	70,000	5,488E+1
1563,919	69,691	70,000	5,198E+1
1566,307	69,691	70,000	5,200E+1
1566,307	69,635	70,000	5,201E+1
1568,696	69,635	70,000	5,425E+1
1568,696	69,635	70,000	5,426E+1
1571,083	69,499	70,000	5,967E+1
1571,083	69,499	70,000	5,969E+1
1571,083	69,594	70,000	5,593E+1
1573,473	69,594	70,000	5,595E+1
1573,473	69,534	70,000	5,597E+1
1575,862	69,534	70,000	5,836E+1
1575,862	69,534	70,000	5,838E+1
1578,251	69,582	70,000	5,652E+1
1578,251	69,582	70,000	5,654E+1
1578,251	69,582	70,000	5,656E+1
1580,639	69,582	70,000	5,658E+1
1580,639	69,582	70,000	5,660E+1
1583,028	69,594	70,000	5,614E+1
1583,028	69,594	70,000	5,616E+1
1583,028	69,627	70,000	5,483E+1
1585,413	69,627	70,000	5,485E+1
1585,413	69,604	70,000	5,486E+1
1587,801	69,604	70,000	5,581E+1
1587,801	69,604	70,000	5,583E+1
1590,190	69,595	70,000	5,620E+1
1590,190	69,595	70,000	5,622E+1
1590,190	69,477	70,000	6,094E+1
1592,579	69,477	70,000	6,096E+1
1592,579	69,477	70,000	6,098E+1
1594,969	69,580	70,000	5,691E+1
1594,969	69,580	70,000	5,692E+1
1594,969	69,573	70,000	5,722E+1
1597,356	69,573	70,000	5,724E+1
1597,356	69,654	70,000	5,726E+1
1599,748	69,654	70,000	5,405E+1
1599,748	69,654	70,000	5,406E+1
1602,135	69,489	70,000	6,066E+1
1602,135	69,489	70,000	6,068E+1
1602,135	69,434	70,000	6,286E+1
1604,526	69,434	70,000	6,289E+1
1604,526	69,263	70,000	6,291E+1
1606,916	69,263	70,000	6,974E+1
1606,916	69,263	70,000	6,977E+1
1606,916	69,422	70,000	6,348E+1
1609,379	69,422	70,000	6,351E+1
1609,379	69,366	70,000	6,353E+1
1611,841	69,366	70,000	6,578E+1
1611,841	69,366	70,000	6,581E+1
1614,304	69,493	70,000	6,078E+1
1614,304	69,493	70,000	6,081E+1
1614,304	69,463	70,000	6,083E+1
1616,768	69,463	70,000	6,206E+1
1616,768	69,463	70,000	6,209E+1
1619,231	69,504	70,000	6,051E+1
1619,231	69,504	70,000	6,053E+1
1619,231	69,434	70,000	6,055E+1
1621,692	69,434	70,000	6,331E+1
1621,692	69,434	70,000	6,333E+1
1624,154	69,376	70,000	6,566E+1
1624,154	69,376	70,000	6,568E+1
1624,154	69,381	70,000	6,551E+1
1626,619	69,381	70,000	6,554E+1
1626,619	69,381	70,000	6,557E+1
1629,083	69,373	70,000	6,593E+1
1629,083	69,373	70,000	6,596E+1
1629,083	69,415	70,000	6,433E+1
1631,548	69,415	70,000	6,435E+1
1631,548	69,415	70,000	6,438E+1
1634,014	69,407	70,000	6,472E+1
1634,014	69,407	70,000	6,475E+1
1634,014	69,407	70,000	6,478E+1
1636,439	69,526	70,000	6,009E+1
1636,439	69,320	70,000	6,011E+1
1638,913	69,320	70,000	6,827E+1
1638,913	69,320	70,000	6,830E+1
1638,913	69,269	70,000	7,036E+1
1641,374	69,269	70,000	7,039E+1
1641,374	69,319	70,000	7,042E+1
1643,838	69,319	70,000	6,851E+1
1643,838	69,319	70,000	6,854E+1
1646,299	69,599	70,000	5,746E+1
1646,299	69,599	70,000	5,748E+1
1646,299	69,450	70,000	5,750E+1
1648,763	69,450	70,000	6,344E+1
1648,763	69,450	70,000	6,346E+1
1651,226	69,543	70,000	5,978E+1
1651,226	69,543	70,000	5,980E+1
1651,226	69,573	70,000	5,982E+1
1653,690	69,573	70,000	5,866E+1
1653,690	69,573	70,000	5,868E+1
1656,151	69,743	70,000	5,198E+1
1656,151	69,743	70,000	5,199E+1
1656,151	69,706	70,000	5,347E+1
1658,614	69,706	70,000	5,348E+1
1658,614	69,706	70,000	5,350E+1
1661,078	69,641	70,000	5,606E+1
1661,078	69,641	70,000	5,608E+1
1661,078	69,843	70,000	4,809E+1
1663,541	69,843	70,000	4,810E+1
1663,541	69,843	70,000	4,811E+1
1666,005	69,836	70,000	4,839E+1
1666,005	69,836	70,000	4,840E+1
1666,005	69,810	70,000	4,942E+1
1668,468	69,810	70,000	4,943E+1
1668,468	69,619	70,000	4,943E+1
1670,932	69,619	70,000	5,703E+1
1670,932	69,619	70,000	5,705E+1
1670,932	69,687	70,000	5,437E+1
1673,395	69,687	70,000	5,438E+1
1673,395	69,555	70,000	5,440E+1
1675,856	69,555	70,000	5,966E+1
1675,856	69,555	70,000	5,968E+1
1678,320	69,660	70,000	5,554E+1
1678,320	69,660	70,000	5,556E+1
1678,320	69,556	70,000	5,557E+1
1680,783	69,556	70,000	5,969E+1
1680,783	69,556	70,000	5,971E+1
1683,247	69,617	70,000	5,731E+1
1683,247	69,617	70,000	5,733E+1
1683,247	69,692	70,000	5,735E+1
1685,710	69,692	70,000	5,439E+1
1685,710	69,692	70,000	5,441E+1
1688,171	69,855	70,000	4,798E+1
1688,171	69,855	70,000	4,799E+1
1688,171	69,837	70,000	4,871E+1
1690,635	69,837	70,000	4,872E+1
1690,635	69,837	70,000	4,872E+1
1693,098	69,757	70,000	5,190E+1
1693,098	69,757	70,000	5,191E+1
1693,098	69,653	70,000	5,602E+1
1695,560	69,653	70,000	5,604E+1
1695,560	69,653	70,000	5,605E+1
1698,023	69,728	70,000	5,312E+1
1698,023	69,728	70,000	5,313E+1
1698,023	69,986	70,000	4,292E+1
1700,486	69,986	70,000	4,292E+1
1700,486	69,929	70,000	4,292E+1
1702,952	69,929	70,000	4,514E+1
1702,952	69,929	70,000	4,514E+1
1702,952	69,931	70,000	4,507E+1
1705,411	69,931	70,000	4,507E+1
1705,411	69,787	70,000	4,507E+1
1707,875	69,787	70,000	5,080E+1
1707,875	69,787	70,000	5,081E+1
1707,875	69,760	70,000	5,189E+1
1710,336	69,760	70,000	5,190E+1
1710,336	69,762	70,000	5,191E+1
1712,800	69,762	70,000	5,186E+1
1712,800	69,762	70,000	5,188E+1
1715,263	69,755	70,000	5,214E+1
1715,263	69,755	70,000	5,216E+1
1715,263	69,832	70,000	5,217E+1
1717,726	69,832	70,000	4,915E+1
1717,726	69,832	70,000	4,915E+1
1720,190	69,903	70,000	4,635E+1
1720,190	69,903	70,000	4,635E+1
1720,190	69,821	70,000	4,959E+1
1722,653	69,821	70,000	4,959E+1
1722,653	69,821	70,000	4,960E+1
1725,117	69,776	70,000	5,137E+1
1725,117	69,776	70,000	5,138E+1
1725,117	69,838	70,000	4,898E+1
1727,578	69,838	70,000	4,898E+1
1727,578	69,838	70,000	4,899E+1
1730,039	69,811	70,000	5,007E+1
1730,039	69,811	70,000	5,008E+1
1730,039	69,779	70,000	5,135E+1
1732,505	69,779	70,000	5,136E+1
1732,505	69,760	70,000	5,137E+1
1734,966	69,760	70,000	5,212E+1
1734,966	69,760	70,000	5,213E+1
1734,966	69,573	70,000	5,955E+1
1737,429	69,573	70,000	5,957E+1
1737,429	69,666	70,000	5,959E+1
1739,893	69,666	70,000	5,590E+1
1739,893	69,666	70,000	5,592E+1
1739,893	69,721	70,000	5,377E+1
1742,356	69,721	70,000	5,378E+1
1742,356	69,606	70,000	5,380E+1
1744,818	69,606	70,000	5,839E+1
1744,818	69,606	70,000	5,840E+1
1747,281	69,684	70,000	5,533E+1
1747,281	69,684	70,000	5,535E+1
1747,281	69,603	70,000	5,536E+1
1749,743	69,603	70,000	5,854E+1
1749,743	69,603	70,000	5,856E+1
1752,206	69,738	70,000	5,325E+1
1752,206	69,738	70,000	5,326E+1
1752,206	69,862	70,000	5,327E+1
1754,671	69,862	70,000	4,839E+1
1754,671	69,862	70,000	4,840E+1
1757,135	69,698	70,000	5,486E+1
1757,135	69,698	70,000	5,488E+1
1757,135	69,789	70,000	5,130E+1
1759,598	69,789	70,000	5,131E+1
1759,598	69,789	70,000	5,132E+1
1762,060	69,697	70,000	5,498E+1
1762,060	69,697	70,000	5,499E+1
1762,060	69,703	70,000	5,475E+1
1764,523	69,703	70,000	5,476E+1
1764,523	69,656	70,000	5,477E+1
1766,987	69,656	70,000	5,665E+1
1766,987	69,656	70,000	5,667E+1
1766,987	69,696	70,000	5,514E+1
1769,520	69,696	70,000	5,515E+1
1769,520	69,739	70,000	5,516E+1
1771,984	69,739	70,000	5,343E+1
1771,984	69,739	70,000	5,345E+1
1771,984	69,758	70,000	5,272E+1
1774,521	69,758	70,000	5,274E+1
1774,521	69,758	70,000	5,275E+1
1777,059	69,665	70,000	5,646E+1
1777,059	69,665	70,000	5,648E+1
1777,059	69,599	70,000	5,911E+1
1779,596	69,599	70,000	5,913E+1
1779,596	69,599	70,000	5,914E+1
1782,134	69,734	70,000	5,377E+1
1782,134	69,734	70,000	5,379E+1
1782,134	69,941	70,000	5,380E+1
1784,673	69,941	70,000	4,563E+1
1784,673	69,941	70,000	4,563E+1
1787,209	69,836	70,000	4,979E+1
1787,209	69,836	70,000	4,980E+1
1787,209	69,779	70,000	4,981E+1
1789,748	69,779	70,000	5,209E+1
1789,748	69,779	70,000	5,210E+1
1792,286	69,958	70,000	4,500E+1
1792,286	69,958	70,000	4,500E+1
1792,286	69,982	70,000	4,501E+1
1794,821	69,982	70,000	4,406E+1
1794,821	69,982	70,000	4,406E+1
1797,319	69,855	70,000	4,406E+1
1797,319	69,855	70,000	4,909E+1
1797,319	69,701	70,000	4,910E+1
1799,870	69,701	70,000	5,523E+1
1799,870	69,701	70,000	5,524E+1
1799,870	69,576	70,000	6,017E+1
1802,408	69,576	70,000	6,018E+1
1802,408	69,589	70,000	6,020E+1
1804,945	69,589	70,000	5,975E+1
1804,945	69,589	70,000	5,977E+1
1804,945	69,566	70,000	6,066E+1
1807,481	69,566	70,000	6,068E+1
1807,481	69,566	70,000	6,070E+1
1810,016	69,355	70,000	6,911E+1
1810,016	69,355	70,000	6,914E+1
1810,016	69,714	70,000	5,493E+1
1812,554	69,714	70,000	5,494E+1
1812,554	69,714	70,000	5,495E+1
1815,089	69,608	70,000	5,915E+1
1815,089	69,608	70,000	5,917E+1
1815,089	69,595	70,000	5,972E+1
1817,625	69,595	70,000	5,974E+1
1817,625	69,595	70,000	5,975E+1
1820,162	69,718	70,000	5,492E+1
1820,162	69,718	70,000	5,493E+1
1820,162	69,731	70,000	5,494E+1
1822,700	69,731	70,000	5,442E+1
1822,700	69,731	70,000	5,443E+1
1825,237	69,960	70,000	4,537E+1
1825,237	69,960	70,000	4,538E+1
1825,237	69,858	70,000	4,538E+1
1827,775	69,858	70,000	4,942E+1
1827,775	69,858	70,000	4,943E+1
1830,312	69,819	70,000	5,098E+1
1830,312	69,819	70,000	5,099E+1
1830,312	69,812	70,000	5,099E+1
1832,852	69,812	70,000	5,126E+1
1832,852	69,812	70,000	5,127E+1
1832,852	69,665	70,000	5,712E+1
1835,389	69,665	70,000	5,714E+1
1835,389	69,697	70,000	5,715E+1
1837,925	69,697	70,000	5,590E+1
1837,925	69,697	70,000	5,591E+1
1837,925	69,692	70,000	5,612E+1
1840,462	69,692	70,000	5,614E+1
1840,462	69,684	70,000	5,615E+1
1843,000	69,684	70,000	5,650E+1
1843,000	69,684	70,000	5,652E+1
1843,000	69,751	70,000	5,384E+1
1845,538	69,751	70,000	5,385E+1
1845,538	69,751	70,000	5,386E+1
1848,075	69,580	70,000	6,067E+1
1848,075	69,580	70,000	6,069E+1
1848,075	69,719	70,000	5,520E+1
1850,612	69,719	70,000	5,521E+1
1850,612	69,719	70,000	5,522E+1
1853,148	69,590	70,000	6,035E+1
1853,148	69,590	70,000	6,036E+1
1853,148	69,674	70,000	6,038E+1
1855,686	69,674	70,000	5,709E+1
1855,686	69,674	70,000	5,711E+1
1858,223	69,641	70,000	5,841E+1
1858,223	69,641	70,000	5,843E+1
1858,223	69,758	70,000	5,844E+1
1860,761	69,758	70,000	5,382E+1
1860,761	69,758	70,000	5,383E+1
1863,298	69,606	70,000	5,989E+1
1863,298	69,606	70,000	5,991E+1
1863,298	69,651	70,000	5,992E+1
1865,834	69,651	70,000	5,812E+1
1865,834	69,651	70,000	5,813E+1
1868,371	69,626	70,000	5,916E+1
1868,371	69,626	70,000	5,918E+1
1868,371	69,511	70,000	5,919E+1
1870,907	69,511	70,000	6,379E+1
1870,907	69,511	70,000	6,381E+1
1870,907	69,451	70,000	6,619E+1
1873,442	69,451	70,000	6,621E+1
1873,442	69,463	70,000	6,624E+1
1875,980	69,463	70,000	6,579E+1
1875,980	69,463	70,000	6,581E+1
1875,980	69,505	70,000	6,417E+1
1878,517	69,505	70,000	6,419E+1
1878,517	69,505	70,000	6,422E+1
1881,055	69,682	70,000	5,723E+1
1881,055	69,682	70,000	5,724E+1
1881,055	69,800	70,000	5,256E+1
1883,592	69,800	70,000	5,257E+1
1883,592	69,800	70,000	5,258E+1
1886,132	69,794	70,000	5,284E+1
1886,132	69,794	70,000	5,285E+1
1886,132	69,739	70,000	5,502E+1
1888,669	69,739	70,000	5,503E+1
1888,669	69,739	70,000	5,505E+1
1891,205	69,756	70,000	5,440E+1
1891,205	69,756	70,000	5,441E+1
1891,205	69,776	70,000	5,443E+1
1893,738	69,776	70,000	5,362E+1
1893,738	69,776	70,000	5,363E+1
1896,278	69,666	70,000	5,800E+1
1896,278	69,666	70,000	5,802E+1
1896,278	69,765	70,000	5,803E+1
1898,815	69,765	70,000	5,415E+1
1898,815	69,765	70,000	5,416E+1
1901,351	69,655	70,000	5,853E+1
1901,351	69,655	70,000	5,854E+1
1901,351	69,651	70,000	5,856E+1
1903,886	69,651	70,000	5,873E+1
1903,886	69,651	70,000	5,875E+1
1903,886	69,570	70,000	6,197E+1
1906,428	69,570	70,000	6,199E+1
1906,428	69,507	70,000	6,201E+1
1908,966	69,507	70,000	6,453E+1
1908,966	69,507	70,000	6,455E+1
1908,966	69,458	70,000	6,651E+1
1911,501	69,458	70,000	6,654E+1
1911,501	69,458	70,000	6,656E+1
1914,039	69,328	70,000	7,176E+1
1914,039	69,328	70,000	7,179E+1
1914,039	69,395	70,000	6,914E+1
1916,576	69,395	70,000	6,917E+1
1916,576	69,395	70,000	6,920E+1
1919,114	69,509	70,000	6,471E+1
1919,114	69,509	70,000	6,473E+1
1919,114	69,393	70,000	6,935E+1
1921,653	69,393	70,000	6,938E+1
1921,653	69,393	70,000	6,940E+1
1924,187	69,490	70,000	6,559E+1
1924,187	69,490	70,000	6,561E+1
1924,187	69,668	70,000	6,563E+1
1926,724	69,668	70,000	5,860E+1
1926,724	69,668	70,000	5,862E+1
1929,262	69,563	70,000	6,279E+1
1929,262	69,563	70,000	6,281E+1
1929,262	69,625	70,000	6,283E+1
1931,802	69,625	70,000	6,038E+1
1931,802	69,625	70,000	6,039E+1
1934,339	69,660	70,000	5,906E+1
1934,339	69,660	70,000	5,908E+1
1934,339	69,874	70,000	5,909E+1
1936,874	69,874	70,000	5,063E+1
1936,874	69,874	70,000	5,064E+1
1939,410	69,716	70,000	5,690E+1
1939,410	69,716	70,000	5,691E+1
1939,410	69,760	70,000	5,693E+1
1941,947	69,760	70,000	5,518E+1
1941,947	69,760	70,000	5,519E+1
1941,947	69,697	70,000	5,769E+1
1944,485	69,697	70,000	5,771E+1
1944,485	69,821	70,000	5,772E+1
1947,022	69,821	70,000	5,282E+1
1947,022	69,821	70,000	5,283E+1
1947,022	69,761	70,000	5,520E+1
1949,560	69,761	70,000	5,521E+1
1949,560	69,761	70,000	5,522E+1
1952,097	69,685	70,000	5,826E+1
1952,097	69,685	70,000	5,827E+1
1952,097	69,663	70,000	5,914E+1
1954,637	69,663	70,000	5,915E+1
1954,637	69,663	70,000	5,917E+1
1957,172	69,674	70,000	5,879E+1
1957,172	69,674	70,000	5,880E+1
1957,172	69,621	70,000	5,882E+1
1959,710	69,621	70,000	6,093E+1
1959,710	69,621	70,000	6,095E+1
1962,247	69,635	70,000	6,041E+1
1962,247	69,635	70,000	6,043E+1
1962,247	69,548	70,000	6,045E+1
1964,785	69,548	70,000	6,389E+1
1964,785	69,548	70,000	6,391E+1
1967,320	69,546	70,000	6,401E+1
1967,320	69,546	70,000	6,403E+1
1967,320	69,549	70,000	6,405E+1
1969,858	69,549	70,000	6,393E+1
1969,858	69,549	70,000	6,395E+1
1972,395	69,658	70,000	5,967E+1
1972,395	69,658	70,000	5,969E+1
1972,395	69,609	70,000	5,971E+1
1974,935	69,609	70,000	6,166E+1
1974,935	69,609	70,000	6,168E+1
1974,935	69,644	70,000	6,031E+1
1977,472	69,644	70,000	6,033E+1
1977,472	69,523	70,000	6,034E+1
1980,010	69,523	70,000	6,517E+1
1980,010	69,523	70,000	6,519E+1
1980,010	69,592	70,000	6,246E+1
1982,546	69,592	70,000	6,248E+1
1982,546	69,592	70,000	6,250E+1
1985,083	69,731	70,000	5,701E+1
1985,083	69,731	70,000	5,702E+1
1985,083	69,524	70,000	6,524E+1
1987,617	69,524	70,000	6,526E+1
1987,617	69,524	70,000	6,528E+1
1990,154	69,573	70,000	6,334E+1
1990,154	69,573	70,000	6,336E+1
1990,154	69,612	70,000	6,338E+1
1992,690	69,612	70,000	6,185E+1
1992,690	69,612	70,000	6,187E+1
1995,223	69,804	70,000	5,430E+1
1995,223	69,804	70,000	5,431E+1
1995,223	69,924	70,000	5,432E+1
1997,761	69,924	70,000	4,955E+1
1997,761	69,924	70,000	4,955E+1
2000,298	69,738	70,000	5,695E+1
2000,298	69,738	70,000	5,696E+1
2000,298	69,843	70,000	5,697E+1
2002,836	69,843	70,000	5,282E+1
2002,836	69,843	70,000	5,283E+1
2005,371	69,505	70,000	6,621E+1
2005,371	69,505	70,000	6,623E+1
2005,371	69,551	70,000	6,625E+1
2007,907	69,551	70,000	6,447E+1
2007,907	69,551	70,000	6,449E+1
2007,907	69,500	70,000	6,652E+1
2010,444	69,500	70,000	6,654E+1
2010,444	69,701	70,000	6,656E+1
2012,982	69,701	70,000	5,866E+1
2012,982	69,701	70,000	5,867E+1
2012,982	69,772	70,000	5,585E+1
2015,519	69,772	70,000	5,586E+1
2015,519	69,658	70,000	5,587E+1
2018,057	69,658	70,000	6,040E+1
2018,057	69,658	70,000	6,042E+1
2018,057	69,729	70,000	5,762E+1
2020,590	69,729	70,000	5,763E+1
2020,590	69,729	70,000	5,764E+1
2023,128	69,761	70,000	5,637E+1
2023,128	69,761	70,000	5,638E+1
2023,128	69,834	70,000	5,350E+1
2025,666	69,834	70,000	5,350E+1
2025,666	69,834	70,000	5,351E+1
2028,203	69,855	70,000	5,271E+1
2028,203	69,855	70,000	5,271E+1
2028,203	69,903	70,000	5,272E+1
2030,741	69,903	70,000	5,084E+1
2030,741	69,903	70,000	5,085E+1
2033,276	69,936	70,000	4,951E+1
2033,276	69,936	70,000	4,951E+1
2033,276	69,933	70,000	4,951E+1
2035,814	69,933	70,000	4,965E+1
2035,814	69,933	70,000	4,966E+1
2038,351	69,868	70,000	5,221E+1
2038,351	69,868	70,000	5,222E+1
2038,351	69,999	70,000	5,223E+1
2040,891	69,999	70,000	4,706E+1
2040,891	69,999	70,000	4,706E+1
2043,428	69,999	70,000	4,706E+1
2043,428	69,999	70,000	4,706E+1
2043,428	69,971	70,000	4,706E+1
2045,964	69,971	70,000	4,819E+1
2045,964	69,971	70,000	4,819E+1
2045,964	69,862	70,000	5,251E+1
2048,501	69,862	70,000	5,252E+1
2048,501	69,680	70,000	5,252E+1
2051,037	69,680	70,000	5,972E+1
2051,037	69,680	70,000	5,974E+1
2051,037	69,787	70,000	5,551E+1
2053,572	69,787	70,000	5,552E+1
2053,572	69,787	70,000	5,553E+1
2056,110	69,663	70,000	6,045E+1
2056,110	69,663	70,000	6,047E+1
2056,110	69,750	70,000	5,704E+1
2058,645	69,750	70,000	5,705E+1
2058,645	69,750	70,000	5,706E+1
2061,185	69,790	70,000	5,549E+1
2061,185	69,790	70,000	5,550E+1
2061,185	69,609	70,000	5,551E+1
2063,723	69,609	70,000	6,269E+1
2063,723	69,609	70,000	6,270E+1
2066,258	69,651	70,000	6,104E+1
2066,258	69,651	70,000	6,105E+1
2066,258	69,612	70,000	6,107E+1
2068,796	69,612	70,000	6,265E+1
2068,796	69,612	70,000	6,267E+1
2071,333	69,561	70,000	6,469E+1
2071,333	69,561	70,000	6,471E+1
2071,333	69,731	70,000	6,473E+1
2073,873	69,731	70,000	5,803E+1
2073,873	69,731	70,000	5,804E+1
2076,408	69,568	70,000	6,451E+1
2076,408	69,568	70,000	6,453E+1
2076,408	69,564	70,000	6,455E+1
2078,946	69,564	70,000	6,471E+1
2078,946	69,564	70,000	6,473E+1
2078,946	69,540	70,000	6,574E+1
2081,483	69,540	70,000	6,576E+1
2081,483	69,565	70,000	6,578E+1
2084,021	69,565	70,000	6,479E+1
2084,021	69,565	70,000	6,481E+1
2084,021	69,642	70,000	6,176E+1
2086,554	69,642	70,000	6,178E+1
2086,554	69,642	70,000	6,179E+1
2089,092	69,737	70,000	5,808E+1
2089,092	69,737	70,000	5,810E+1
2089,092	69,784	70,000	5,625E+1
2091,629	69,784	70,000	5,625E+1
2091,629	69,784	70,000	5,626E+1
2094,167	69,856	70,000	5,338E+1
2094,167	69,856	70,000	5,339E+1
2094,167	69,936	70,000	5,339E+1
2096,704	69,936	70,000	5,025E+1
2096,704	69,936	70,000	5,025E+1
2099,242	69,814	70,000	5,509E+1
2099,242	69,814	70,000	5,510E+1
2099,242	69,947	70,000	5,511E+1
2101,779	69,947	70,000	4,987E+1
2101,779	69,947	70,000	4,987E+1
2104,315	69,906	70,000	5,150E+1
2104,315	69,906	70,000	5,150E+1
2104,315	69,919	70,000	5,150E+1
2106,851	69,919	70,000	5,095E+1
2106,851	69,919	70,000	5,096E+1
2109,388	69,969	70,000	4,902E+1
2109,388	69,969	70,000	4,902E+1
2109,388	69,972	70,000	4,902E+1
2111,926	69,972	70,000	4,889E+1
2111,926	69,972	70,000	4,889E+1
2111,926	70,123	70,000	4,290E+1
2114,463	70,123	70,000	4,290E+1
2114,463	69,794	70,000	4,289E+1
2116,999	69,794	70,000	5,592E+1
2116,999	69,794	70,000	5,593E+1
2116,999	69,683	70,000	6,032E+1
2119,536	69,683	70,000	6,034E+1
2119,536	69,734	70,000	6,035E+1
2122,074	69,734	70,000	5,834E+1
2122,074	69,734	70,000	5,835E+1
2122,074	69,760	70,000	5,736E+1
2124,611	69,760	70,000	5,737E+1
2124,611	69,760	70,000	5,738E+1
2127,149	69,838	70,000	5,430E+1
2127,149	69,838	70,000	5,431E+1
2127,149	69,780	70,000	5,431E+1
2129,686	69,780	70,000	5,662E+1
2129,686	69,780	70,000	5,663E+1
2132,222	69,889	70,000	5,232E+1
2132,222	69,889	70,000	5,232E+1
2132,222	69,924	70,000	5,233E+1
2134,759	69,924	70,000	5,093E+1
2134,759	69,924	70,000	5,093E+1
2137,297	70,047	70,000	4,610E+1
2137,297	70,047	70,000	4,610E+1
2137,297	70,043	70,000	4,610E+1
2139,835	70,043	70,000	4,621E+1
2139,835	70,043	70,000	4,621E+1
2142,372	69,941	70,000	5,027E+1
2142,372	69,941	70,000	5,027E+1
2142,372	70,014	70,000	5,028E+1
2144,908	70,014	70,000	4,739E+1
2144,908	70,014	70,000	4,739E+1
2147,445	70,048	70,000	4,602E+1
2147,445	70,048	70,000	4,602E+1
2147,445	69,819	70,000	4,601E+1
2149,983	69,819	70,000	5,510E+1
2149,983	69,819	70,000	5,511E+1
2149,983	69,943	70,000	5,021E+1
2152,520	69,943	70,000	5,021E+1
2152,520	69,868	70,000	5,021E+1
2155,056	69,868	70,000	5,317E+1
2155,056	69,868	70,000	5,317E+1
2155,056	69,755	70,000	5,770E+1
2157,593	69,755	70,000	5,771E+1
2157,593	69,755	70,000	5,772E+1
2160,127	69,675	70,000	6,088E+1
2160,127	69,675	70,000	6,089E+1
2160,127	69,578	70,000	6,473E+1
2162,664	69,578	70,000	6,475E+1
2162,664	69,578	70,000	6,477E+1
2165,202	69,606	70,000	6,372E+1
2165,202	69,606	70,000	6,374E+1
2165,202	69,660	70,000	6,376E+1
2167,740	69,660	70,000	6,161E+1
2167,740	69,660	70,000	6,163E+1
2170,280	69,802	70,000	5,600E+1
2170,280	69,802	70,000	5,601E+1
2170,280	69,978	70,000	5,602E+1
2172,817	69,978	70,000	4,905E+1
2172,817	69,978	70,000	4,905E+1
2175,352	69,734	70,000	5,872E+1
2175,352	69,734	70,000	5,873E+1
2175,352	69,924	70,000	5,875E+1
2177,888	69,924	70,000	5,123E+1
2177,888	69,924	70,000	5,123E+1
2180,423	69,929	70,000	5,104E+1
2180,423	69,929	70,000	5,104E+1
2180,423	69,929	70,000	5,104E+1
2182,961	69,929	70,000	5,105E+1
2182,961	69,929	70,000	5,105E+1
2182,961	69,951	70,000	5,018E+1
2185,496	69,951	70,000	5,018E+1
2185,496	69,911	70,000	5,019E+1
2188,034	69,911	70,000	5,179E+1
2188,034	69,911	70,000	5,180E+1
2188,034	69,886	70,000	5,281E+1
2190,567	69,886	70,000	5,282E+1
2190,567	69,838	70,000	5,282E+1
2193,105	69,838	70,000	5,471E+1
2193,105	69,838	70,000	5,472E+1
2193,105	69,810	70,000	5,581E+1
2195,643	69,810	70,000	5,582E+1
2195,643	69,810	70,000	5,583E+1
2198,180	69,837	70,000	5,481E+1
2198,180	69,837	70,000	5,482E+1
2198,180	69,716	70,000	5,482E+1
2200,717	69,716	70,000	5,961E+1
2200,717	69,716	70,000	5,962E+1
2203,253	69,756	70,000	5,803E+1
2203,253	69,756	70,000	5,804E+1
2203,253	69,745	70,000	5,805E+1
2205,718	69,745	70,000	5,854E+1
2205,718	69,745	70,000	5,855E+1
2208,180	69,748	70,000	5,842E+1
2208,180	69,748	70,000	5,843E+1
2208,180	69,858	70,000	5,406E+1
2210,643	69,858	70,000	5,407E+1
2210,643	69,899	70,000	5,408E+1
2213,107	69,899	70,000	5,248E+1
2213,107	69,899	70,000	5,248E+1
2213,107	69,780	70,000	5,718E+1
2215,568	69,780	70,000	5,719E+1
2215,568	69,767	70,000	5,720E+1
2218,031	69,767	70,000	5,777E+1
2218,031	69,767	70,000	5,778E+1
2218,031	69,716	70,000	5,979E+1
2220,493	69,716	70,000	5,980E+1
2220,493	69,736	70,000	5,981E+1
2222,956	69,736	70,000	5,904E+1
2222,956	69,736	70,000	5,905E+1
2225,418	69,824	70,000	5,557E+1
2225,418	69,824	70,000	5,558E+1
2225,418	69,886	70,000	5,559E+1
2227,879	69,886	70,000	5,316E+1
2227,879	69,886	70,000	5,316E+1
2230,343	69,886	70,000	5,317E+1
2230,343	69,886	70,000	5,317E+1
2230,343	69,899	70,000	5,318E+1
2232,806	69,899	70,000	5,265E+1
2232,806	69,899	70,000	5,265E+1
2235,271	70,016	70,000	4,802E+1
2235,271	70,016	70,000	4,802E+1
2235,271	69,947	70,000	4,802E+1
2237,731	69,947	70,000	5,078E+1
2237,731	69,947	70,000	5,078E+1
2240,194	70,077	70,000	4,561E+1
2240,194	70,077	70,000	4,561E+1
2240,194	70,057	70,000	4,639E+1
2242,660	70,057	70,000	4,639E+1
2242,660	70,140	70,000	4,639E+1
2245,125	70,140	70,000	4,310E+1
2245,125	70,140	70,000	4,309E+1
2245,125	70,065	70,000	4,606E+1
2247,588	70,065	70,000	4,605E+1
2247,588	69,841	70,000	4,605E+1
2250,050	69,841	70,000	5,492E+1
2250,050	69,841	70,000	5,493E+1
2250,050	69,699	70,000	6,056E+1
2252,516	69,699	70,000	6,058E+1
2252,516	69,826	70,000	6,059E+1
2254,977	69,826	70,000	5,557E+1
2254,977	69,826	70,000	5,558E+1
2257,439	69,862	70,000	5,418E+1
2257,439	69,862	70,000	5,419E+1
2257,439	69,852	70,000	5,420E+1
2259,902	69,852	70,000	5,460E+1
2259,902	69,852	70,000	5,460E+1
2262,365	69,748	70,000	5,871E+1
2262,365	69,748	70,000	5,872E+1
2262,365	69,793	70,000	5,873E+1
2264,827	69,793	70,000	5,694E+1
2264,827	69,793	70,000	5,695E+1
2267,288	69,819	70,000	5,595E+1
2267,288	69,819	70,000	5,596E+1
2267,288	69,885	70,000	5,597E+1
2269,751	69,885	70,000	5,336E+1
2269,751	69,885	70,000	5,337E+1
2272,215	69,699	70,000	6,074E+1
2272,215	69,699	70,000	6,075E+1
2272,215	69,785	70,000	6,077E+1
2274,678	69,785	70,000	5,735E+1
2274,678	69,785	70,000	5,736E+1
2277,142	69,835	70,000	5,543E+1
2277,142	69,835	70,000	5,544E+1
2277,142	69,777	70,000	5,773E+1
2279,603	69,777	70,000	5,774E+1
2279,603	69,840	70,000	5,775E+1
2282,067	69,840	70,000	5,528E+1
2282,067	69,840	70,000	5,529E+1
2282,067	69,769	70,000	5,811E+1
2284,530	69,769	70,000	5,812E+1
2284,530	69,852	70,000	5,813E+1
2286,994	69,852	70,000	5,485E+1
2286,994	69,852	70,000	5,486E+1
2289,455	69,736	70,000	5,944E+1
2289,455	69,736	70,000	5,945E+1
2289,455	69,434	70,000	5,946E+1
2291,920	69,434	70,000	7,144E+1
2291,920	69,434	70,000	7,147E+1
2294,384	69,449	70,000	7,090E+1
2294,384	69,449	70,000	7,092E+1
2294,384	69,731	70,000	7,095E+1
2296,845	69,731	70,000	5,980E+1
2296,845	69,731	70,000	5,981E+1
2299,309	69,790	70,000	5,749E+1
2299,309	69,790	70,000	5,750E+1
2299,309	69,763	70,000	5,750E+1
2301,772	69,763	70,000	5,858E+1
2301,772	69,763	70,000	5,859E+1
2304,235	69,704	70,000	6,094E+1
2304,235	69,704	70,000	6,096E+1
2304,235	69,722	70,000	6,097E+1
2306,699	69,722	70,000	6,025E+1
2306,699	69,722	70,000	6,026E+1
2309,159	69,716	70,000	6,053E+1
2309,159	69,716	70,000	6,055E+1
2309,159	69,696	70,000	6,137E+1
2311,620	69,696	70,000	6,138E+1
2311,620	69,646	70,000	6,140E+1
2314,086	69,646	70,000	6,337E+1
2314,086	69,646	70,000	6,339E+1
2314,086	69,680	70,000	6,204E+1
2316,549	69,680	70,000	6,205E+1
2316,549	69,712	70,000	6,207E+1
2319,008	69,712	70,000	6,083E+1
2319,008	69,712	70,000	6,085E+1
2321,474	69,648	70,000	6,340E+1
2321,474	69,648	70,000	6,341E+1
2321,474	69,619	70,000	6,343E+1
2323,937	69,619	70,000	6,459E+1
2323,937	69,619	70,000	6,461E+1
2326,401	69,507	70,000	6,906E+1
2326,401	69,507	70,000	6,909E+1
2326,401	69,724	70,000	6,911E+1
2328,864	69,724	70,000	6,053E+1
2328,864	69,724	70,000	6,055E+1
2331,325	69,703	70,000	6,141E+1
2331,325	69,703	70,000	6,142E+1
2331,325	69,718	70,000	6,144E+1
2333,789	69,718	70,000	6,086E+1
2333,789	69,718	70,000	6,087E+1
2336,253	69,879	70,000	5,450E+1
2336,253	69,879	70,000	5,451E+1
2336,253	69,874	70,000	5,451E+1
2338,714	69,874	70,000	5,472E+1
2338,714	69,874	70,000	5,472E+1
2341,179	69,797	70,000	5,776E+1
2341,179	69,797	70,000	5,777E+1
2341,179	69,755	70,000	5,944E+1
2343,643	69,755	70,000	5,945E+1
2343,643	69,781	70,000	5,946E+1
2346,106	69,781	70,000	5,846E+1
2346,106	69,781	70,000	5,847E+1
2346,106	69,879	70,000	5,458E+1
2348,567	69,879	70,000	5,459E+1
2348,567	69,852	70,000	5,459E+1
2351,031	69,852	70,000	5,569E+1
2351,031	69,852	70,000	5,569E+1
2353,495	69,931	70,000	5,255E+1
2353,495	69,931	70,000	5,255E+1
2353,495	69,739	70,000	5,256E+1
2355,954	69,739	70,000	6,015E+1
2355,954	69,739	70,000	6,016E+1
2358,419	69,850	70,000	5,579E+1
2358,419	69,850	70,000	5,580E+1
2358,419	69,822	70,000	5,581E+1
2360,879	69,822	70,000	5,690E+1
2360,879	69,822	70,000	5,691E+1
2363,338	69,884	70,000	5,448E+1
2363,338	69,884	70,000	5,449E+1
2363,338	70,018	70,000	5,449E+1
2365,802	70,018	70,000	4,919E+1
2365,802	70,018	70,000	4,919E+1
2368,265	70,019	70,000	4,913E+1
2368,265	70,019	70,000	4,913E+1
2368,265	69,904	70,000	4,913E+1
2370,729	69,904	70,000	5,370E+1
2370,729	69,904	70,000	5,371E+1
2373,190	69,918	70,000	5,318E+1
2373,190	69,918	70,000	5,318E+1
2373,190	69,904	70,000	5,372E+1
2375,653	69,904	70,000	5,372E+1
2375,653	70,064	70,000	5,373E+1
2378,117	70,064	70,000	4,741E+1
2378,117	70,064	70,000	4,741E+1
2378,117	70,126	70,000	4,491E+1
2380,576	70,126	70,000	4,490E+1
2380,576	70,114	70,000	4,490E+1
2383,042	70,114	70,000	4,537E+1
2383,042	70,114	70,000	4,536E+1
2385,505	70,033	70,000	4,859E+1
2385,505	70,033	70,000	4,858E+1
2385,505	70,007	70,000	4,858E+1
2387,969	70,007	70,000	4,959E+1
2387,969	70,007	70,000	4,959E+1
2390,430	69,943	70,000	5,215E+1
2390,430	69,943	70,000	5,215E+1
2390,430	70,216	70,000	5,215E+1
2392,894	70,216	70,000	4,134E+1
2392,894	70,216	70,000	4,133E+1
2395,355	69,999	70,000	4,992E+1
2395,355	69,999	70,000	4,992E+1
2395,355	69,962	70,000	4,992E+1
2397,819	69,962	70,000	5,140E+1
2397,819	69,962	70,000	5,140E+1
2400,280	69,885	70,000	5,444E+1
2400,280	69,885	70,000	5,444E+1
2400,280	69,651	70,000	5,445E+1
2402,743	69,651	70,000	6,370E+1
2402,743	69,651	70,000	6,372E+1
2405,207	69,782	70,000	5,857E+1
2405,207	69,782	70,000	5,857E+1
2405,207	69,812	70,000	5,858E+1
2407,670	69,812	70,000	5,739E+1
2407,670	69,838	70,000	5,739E+1
2410,134	69,838	70,000	5,639E+1
2410,134	69,838	70,000	5,640E+1
2410,134	69,619	70,000	6,508E+1
2412,593	69,619	70,000	6,510E+1
2412,593	69,702	70,000	6,512E+1
2415,057	69,702	70,000	6,185E+1
2415,057	69,702	70,000	6,186E+1
2417,520	69,744	70,000	6,019E+1
2417,520	69,744	70,000	6,020E+1
2417,520	69,879	70,000	6,021E+1
2419,982	69,879	70,000	5,492E+1
2419,982	69,879	70,000	5,492E+1
2422,445	70,019	70,000	4,936E+1
2422,445	70,019	70,000	4,936E+1
2422,445	70,013	70,000	4,936E+1
2424,907	70,013	70,000	4,959E+1
2424,907	70,013	70,000	4,959E+1
2427,368	69,916	70,000	5,344E+1
2427,368	69,916	70,000	5,344E+1
2427,368	69,911	70,000	5,344E+1
2429,832	69,911	70,000	5,365E+1
2429,832	69,911	70,000	5,365E+1
2432,291	69,567	70,000	6,730E+1
2432,291	69,567	70,000	6,732E+1
2432,291	69,594	70,000	6,734E+1
2434,754	69,594	70,000	6,629E+1
2434,754	69,594	70,000	6,631E+1
2437,218	69,531	70,000	6,881E+1
2437,218	69,531	70,000	6,883E+1
2437,218	69,624	70,000	6,885E+1
2439,681	69,624	70,000	6,519E+1
2439,681	69,721	70,000	6,520E+1
2442,143	69,721	70,000	6,140E+1
2442,143	69,721	70,000	6,141E+1
2442,143	69,715	70,000	6,162E+1
2444,608	69,715	70,000	6,163E+1
2444,608	69,715	70,000	6,164E+1
2447,072	69,715	70,000	6,166E+1
2447,072	69,715	70,000	6,167E+1
2449,533	69,666	70,000	6,362E+1
2449,533	69,666	70,000	6,364E+1
2449,533	69,666	70,000	6,365E+1
2451,999	69,666	70,000	6,367E+1
2451,999	69,666	70,000	6,368E+1
2454,462	69,710	70,000	6,196E+1
2454,462	69,710	70,000	6,197E+1
2454,462	69,796	70,000	6,198E+1
2456,926	69,796	70,000	5,863E+1
2456,926	69,796	70,000	5,864E+1
2459,389	69,894	70,000	5,474E+1
2459,389	69,894	70,000	5,475E+1
2459,389	70,011	70,000	5,475E+1
2461,850	70,011	70,000	5,012E+1
2461,850	70,011	70,000	5,012E+1
2464,314	70,084	70,000	4,725E+1
2464,314	70,084	70,000	4,724E+1
2464,314	69,879	70,000	4,724E+1
2466,775	69,879	70,000	5,536E+1
2466,775	69,879	70,000	5,537E+1
2469,239	69,870	70,000	5,571E+1
2469,239	69,870	70,000	5,571E+1
2469,239	70,029	70,000	5,572E+1
2471,700	70,029	70,000	4,941E+1
2471,700	70,035	70,000	4,940E+1
2474,161	70,035	70,000	4,920E+1
2474,161	70,035	70,000	4,920E+1
2474,161	69,987	70,000	5,108E+1
2476,625	69,987	70,000	5,108E+1
2476,625	69,894	70,000	5,108E+1
2479,086	69,894	70,000	5,477E+1
2479,086	69,894	70,000	5,477E+1
2481,550	69,981	70,000	5,135E+1
2481,550	69,981	70,000	5,135E+1
2481,550	70,119	70,000	5,135E+1
2484,013	70,119	70,000	4,585E+1
2484,013	70,119	70,000	4,584E+1
2486,477	70,180	70,000	4,342E+1
2486,477	70,180	70,000	4,341E+1
2486,477	70,116	70,000	4,340E+1
2488,940	70,116	70,000	4,595E+1
2488,940	70,116	70,000	4,595E+1
2491,402	70,082	70,000	4,729E+1
2491,402	70,082	70,000	4,728E+1
2491,402	69,943	70,000	4,728E+1
2493,865	69,943	70,000	5,278E+1
2493,865	69,943	70,000	5,279E+1
2496,331	69,867	70,000	5,582E+1
2496,331	69,867	70,000	5,583E+1
2496,331	69,753	70,000	5,583E+1
2498,792	69,753	70,000	6,034E+1
2498,792	69,753	70,000	6,035E+1
2501,255	69,709	70,000	6,210E+1
2501,255	69,709	70,000	6,211E+1
2501,255	69,821	70,000	6,213E+1
2503,719	69,821	70,000	5,772E+1
2503,719	69,879	70,000	5,773E+1
2506,180	69,879	70,000	5,544E+1
2506,180	69,879	70,000	5,545E+1
2506,180	69,891	70,000	5,498E+1
2508,644	69,891	70,000	5,498E+1
2508,644	69,962	70,000	5,499E+1
2511,107	69,962	70,000	5,216E+1
2511,107	69,962	70,000	5,216E+1
2513,569	70,025	70,000	4,969E+1
2513,569	70,025	70,000	4,968E+1
2513,569	69,959	70,000	4,968E+1
2516,032	69,959	70,000	5,230E+1
2516,032	69,959	70,000	5,230E+1
2518,495	69,965	70,000	5,204E+1
2518,495	69,965	70,000	5,204E+1
2518,495	70,004	70,000	5,205E+1
2520,961	70,004	70,000	5,050E+1
2520,961	70,004	70,000	5,050E+1
2523,422	70,106	70,000	4,646E+1
2523,422	70,106	70,000	4,646E+1
2523,422	70,040	70,000	4,645E+1
2525,882	70,040	70,000	4,906E+1
2525,882	70,040	70,000	4,906E+1
2528,345	69,982	70,000	5,136E+1
2528,345	69,982	70,000	5,136E+1
2528,345	70,026	70,000	5,136E+1
2530,805	70,026	70,000	4,962E+1
2530,805	70,026	70,000	4,961E+1
2533,266	69,787	70,000	5,908E+1
2533,266	69,787	70,000	5,909E+1
2533,266	69,977	70,000	5,910E+1
2535,730	69,977	70,000	5,158E+1
2535,730	69,816	70,000	5,158E+1
2538,193	69,816	70,000	5,796E+1
2538,193	69,816	70,000	5,797E+1
2538,193	69,941	70,000	5,301E+1
2540,656	69,941	70,000	5,301E+1
2540,656	69,990	70,000	5,301E+1
2543,120	69,990	70,000	5,107E+1
2543,120	69,990	70,000	5,108E+1
2543,120	69,911	70,000	5,423E+1
2545,579	69,911	70,000	5,423E+1
2545,579	69,998	70,000	5,423E+1
2548,043	69,998	70,000	5,081E+1
2548,043	69,998	70,000	5,081E+1
2550,508	69,969	70,000	5,196E+1
2550,508	69,969	70,000	5,196E+1
2550,508	69,981	70,000	5,196E+1
2552,974	69,981	70,000	5,149E+1
2552,974	69,981	70,000	5,149E+1
2555,435	69,995	70,000	5,090E+1
2555,435	69,995	70,000	5,090E+1
2555,435	69,867	70,000	5,090E+1
2557,895	69,867	70,000	5,599E+1
2557,895	69,867	70,000	5,599E+1
2560,358	69,846	70,000	5,683E+1
2560,358	69,846	70,000	5,684E+1
2560,358	69,870	70,000	5,685E+1
2562,820	69,870	70,000	5,588E+1
2562,820	69,870	70,000	5,589E+1
2565,281	69,977	70,000	5,167E+1
2565,281	69,977	70,000	5,168E+1
2565,281	70,087	70,000	5,168E+1
2567,743	70,087	70,000	4,732E+1
2567,743	70,061	70,000	4,731E+1
2570,206	70,061	70,000	4,832E+1
2570,206	70,061	70,000	4,832E+1
2570,206	69,911	70,000	5,428E+1
2572,668	69,911	70,000	5,428E+1
2572,668	69,921	70,000	5,429E+1
2575,131	69,921	70,000	5,389E+1
2575,131	69,921	70,000	5,390E+1
2575,131	69,805	70,000	5,848E+1
2577,595	69,805	70,000	5,849E+1
2577,595	69,941	70,000	5,850E+1
2580,056	69,941	70,000	5,312E+1
2580,056	69,941	70,000	5,312E+1
2582,520	69,852	70,000	5,669E+1
2582,520	69,852	70,000	5,669E+1
2582,520	69,831	70,000	5,670E+1
2584,983	69,831	70,000	5,752E+1
2584,983	69,831	70,000	5,753E+1
2587,449	69,889	70,000	5,524E+1
2587,449	69,889	70,000	5,524E+1
2587,449	69,825	70,000	5,525E+1
2589,912	69,825	70,000	5,781E+1
2589,912	69,825	70,000	5,782E+1
2592,375	69,833	70,000	5,749E+1
2592,375	69,833	70,000	5,749E+1
2592,375	69,787	70,000	5,750E+1
2594,839	69,787	70,000	5,933E+1
2594,839	69,787	70,000	5,934E+1
2597,302	69,765	70,000	6,022E+1
2597,302	69,765	70,000	6,023E+1
2597,302	69,843	70,000	6,024E+1
2599,763	69,843	70,000	5,716E+1
2599,763	69,692	70,000	5,717E+1
2602,225	69,692	70,000	6,316E+1
2602,225	69,692	70,000	6,318E+1
2602,225	69,800	70,000	6,319E+1
2604,688	69,800	70,000	5,890E+1
2604,688	69,775	70,000	5,891E+1
2607,152	69,775	70,000	5,993E+1
2607,152	69,775	70,000	5,994E+1
2607,152	69,706	70,000	6,271E+1
2609,615	69,706	70,000	6,272E+1
2609,615	69,796	70,000	6,273E+1
2612,077	69,796	70,000	5,918E+1
2612,077	69,796	70,000	5,919E+1
2614,540	69,820	70,000	5,825E+1
2614,540	69,820	70,000	5,826E+1
2614,540	69,765	70,000	5,826E+1
2617,004	69,765	70,000	6,043E+1
2617,004	69,765	70,000	6,044E+1
2619,467	69,855	70,000	5,691E+1
2619,467	69,855	70,000	5,691E+1
2619,467	69,951	70,000	5,692E+1
2621,931	69,951	70,000	5,308E+1
2621,931	69,951	70,000	5,309E+1
2624,394	69,974	70,000	5,220E+1
2624,394	69,974	70,000	5,220E+1
2624,394	70,028	70,000	5,220E+1
2626,856	70,028	70,000	5,006E+1
2626,856	70,028	70,000	5,006E+1
2629,319	70,145	70,000	4,542E+1
2629,319	70,145	70,000	4,541E+1
2629,319	70,035	70,000	4,541E+1
2631,778	70,035	70,000	4,976E+1
2631,778	70,035	70,000	4,976E+1
2634,242	69,900	70,000	5,509E+1
2634,242	69,900	70,000	5,509E+1
2634,242	69,987	70,000	5,510E+1
2636,705	69,987	70,000	5,167E+1
2636,705	69,993	70,000	5,167E+1
2639,169	69,993	70,000	5,146E+1
2639,169	69,993	70,000	5,146E+1
2639,169	69,959	70,000	5,280E+1
2641,630	69,959	70,000	5,281E+1
2641,630	69,838	70,000	5,281E+1
2644,094	69,838	70,000	5,758E+1
2644,094	69,838	70,000	5,759E+1
2646,557	69,871	70,000	5,627E+1
2646,557	69,871	70,000	5,628E+1
2646,557	69,755	70,000	5,628E+1
2649,019	69,755	70,000	6,090E+1
2649,019	69,755	70,000	6,092E+1
2651,480	69,998	70,000	5,132E+1
2651,480	69,998	70,000	5,132E+1
2651,480	69,989	70,000	5,132E+1
2653,940	69,989	70,000	5,166E+1
2653,940	69,989	70,000	5,166E+1
2656,405	70,047	70,000	4,938E+1
2656,405	70,047	70,000	4,938E+1
2656,405	69,974	70,000	4,937E+1
2658,869	69,974	70,000	5,226E+1
2658,869	69,974	70,000	5,227E+1
2661,328	69,999	70,000	5,126E+1
2661,328	69,999	70,000	5,126E+1
2661,328	69,982	70,000	5,126E+1
2663,795	69,982	70,000	5,193E+1
2663,795	69,982	70,000	5,193E+1
2666,259	70,072	70,000	4,837E+1
2666,259	70,072	70,000	4,836E+1
2666,259	70,078	70,000	4,836E+1
2668,722	70,078	70,000	4,814E+1
2668,722	69,940	70,000	4,813E+1
2671,184	69,940	70,000	5,360E+1
2671,184	69,940	70,000	5,360E+1
2671,184	69,947	70,000	5,333E+1
2673,647	69,947	70,000	5,333E+1
2673,647	69,928	70,000	5,333E+1
2676,113	69,928	70,000	5,407E+1
2676,113	69,928	70,000	5,407E+1
2678,576	69,960	70,000	5,281E+1
2678,576	69,960	70,000	5,281E+1
2678,576	69,910	70,000	5,281E+1
2681,038	69,910	70,000	5,481E+1
2681,038	69,910	70,000	5,482E+1
2683,501	69,930	70,000	5,403E+1
2683,501	69,930	70,000	5,403E+1
2683,501	69,965	70,000	5,403E+1
2685,965	69,965	70,000	5,261E+1
2685,965	69,965	70,000	5,261E+1
2688,428	70,001	70,000	5,121E+1
2688,428	70,001	70,000	5,121E+1
2688,428	70,044	70,000	5,121E+1
2690,892	70,044	70,000	4,948E+1
2690,892	70,044	70,000	4,948E+1
2693,353	70,012	70,000	5,075E+1
2693,353	70,012	70,000	5,075E+1
2693,353	70,016	70,000	5,075E+1
2695,817	70,016	70,000	5,061E+1
2695,817	70,016	70,000	5,061E+1
2698,280	70,109	70,000	4,692E+1
2698,280	70,109	70,000	4,692E+1
2698,280	70,109	70,000	4,691E+1
2700,744	70,109	70,000	4,689E+1
2700,744	70,002	70,000	4,688E+1
2703,207	70,002	70,000	5,112E+1
2703,207	70,002	70,000	5,112E+1
2703,207	69,936	70,000	5,112E+1
2705,671	69,936	70,000	5,375E+1
2705,671	69,764	70,000	5,375E+1
2708,128	69,764	70,000	6,055E+1
2708,128	69,764	70,000	6,056E+1
2710,592	69,697	70,000	6,323E+1
2710,592	69,697	70,000	6,324E+1
2710,592	69,607	70,000	6,325E+1
2713,055	69,607	70,000	6,685E+1
2713,055	69,607	70,000	6,687E+1
2715,519	69,714	70,000	6,265E+1
2715,519	69,714	70,000	6,266E+1
2715,519	69,919	70,000	6,268E+1
2717,982	69,919	70,000	5,455E+1
2717,982	69,919	70,000	5,455E+1
2720,445	69,971	70,000	5,253E+1
2720,445	69,971	70,000	5,253E+1
2720,445	70,036	70,000	5,254E+1
2722,908	70,036	70,000	4,992E+1
2722,908	70,036	70,000	4,992E+1
2725,372	70,009	70,000	5,101E+1
2725,372	70,009	70,000	5,101E+1
2725,372	69,883	70,000	5,101E+1
2727,835	69,883	70,000	5,598E+1
2727,835	69,883	70,000	5,598E+1
2730,296	69,867	70,000	5,664E+1
2730,296	69,867	70,000	5,665E+1
2730,296	69,886	70,000	5,666E+1
2732,760	69,886	70,000	5,593E+1
2732,760	69,823	70,000	5,593E+1
2735,221	69,823	70,000	5,844E+1
2735,221	69,823	70,000	5,844E+1
2735,221	69,939	70,000	5,845E+1
2737,683	69,939	70,000	5,382E+1
2737,683	69,959	70,000	5,383E+1
2740,144	69,959	70,000	5,308E+1
2740,144	69,959	70,000	5,308E+1
2742,607	69,794	70,000	5,960E+1
2742,607	69,794	70,000	5,961E+1
2742,607	69,875	70,000	5,962E+1
2745,069	69,875	70,000	5,642E+1
2745,069	69,875	70,000	5,642E+1
2747,530	70,064	70,000	4,896E+1
2747,530	70,064	70,000	4,896E+1
2747,530	70,053	70,000	4,895E+1
2749,993	70,053	70,000	4,935E+1
2749,993	70,053	70,000	4,934E+1
2752,457	70,035	70,000	5,009E+1
2752,457	70,035	70,000	5,009E+1
2752,457	69,889	70,000	5,009E+1
2754,918	69,889	70,000	5,585E+1
2754,918	69,889	70,000	5,586E+1
2757,381	69,865	70,000	5,682E+1
2757,381	69,865	70,000	5,682E+1
2757,381	69,879	70,000	5,683E+1
2759,841	69,879	70,000	5,628E+1
2759,841	69,879	70,000	5,628E+1
2762,306	69,891	70,000	5,583E+1
2762,306	69,891	70,000	5,584E+1
2762,306	70,138	70,000	5,584E+1
2764,767	70,138	70,000	4,604E+1
2764,767	70,123	70,000	4,604E+1
2767,231	70,123	70,000	4,662E+1
2767,231	70,123	70,000	4,662E+1
2767,231	70,024	70,000	4,661E+1
2769,694	70,024	70,000	5,051E+1
2769,694	70,024	70,000	5,051E+1
2772,117	69,951	70,000	5,051E+1
2772,117	69,951	70,000	5,340E+1
2774,593	69,975	70,000	5,245E+1
2774,593	69,975	70,000	5,245E+1
2774,593	70,081	70,000	5,245E+1
2777,054	70,081	70,000	4,829E+1
2777,054	70,081	70,000	4,829E+1
2779,516	70,029	70,000	5,031E+1
2779,516	70,029	70,000	5,031E+1
2779,516	69,975	70,000	5,031E+1
2781,979	69,975	70,000	5,246E+1
2781,979	69,975	70,000	5,246E+1
2784,443	69,911	70,000	5,500E+1
2784,443	69,911	70,000	5,501E+1
2784,443	69,926	70,000	5,501E+1
2786,906	69,926	70,000	5,442E+1
2786,906	69,926	70,000	5,442E+1
2789,369	70,019	70,000	5,072E+1
2789,369	70,019	70,000	5,072E+1
2789,369	70,017	70,000	5,072E+1
2791,833	70,017	70,000	5,080E+1
2791,833	70,017	70,000	5,080E+1
2794,294	70,233	70,000	4,226E+1
2794,294	70,233	70,000	4,225E+1
2794,294	70,076	70,000	4,224E+1
2796,757	70,076	70,000	4,847E+1
2796,757	69,993	70,000	4,846E+1
2799,221	69,993	70,000	5,175E+1
2799,221	69,993	70,000	5,175E+1
2799,221	69,905	70,000	5,175E+1
2801,682	69,905	70,000	5,520E+1
2801,682	69,936	70,000	5,520E+1
2804,143	69,936	70,000	5,400E+1
2804,143	69,936	70,000	5,400E+1
2806,607	69,960	70,000	5,305E+1
2806,607	69,960	70,000	5,305E+1
2806,607	69,787	70,000	5,305E+1
2809,068	69,787	70,000	5,991E+1
2809,068	69,787	70,000	5,992E+1
2811,532	69,691	70,000	6,371E+1
2811,532	69,691	70,000	6,373E+1
2811,532	69,907	70,000	6,374E+1
2813,995	69,907	70,000	5,520E+1
2813,995	69,907	70,000	5,520E+1
2816,460	69,634	70,000	6,604E+1
2816,460	69,634	70,000	6,606E+1
2816,460	69,670	70,000	6,608E+1
2818,924	69,670	70,000	6,467E+1
2818,924	69,670	70,000	6,468E+1
2821,387	69,817	70,000	5,885E+1
2821,387	69,817	70,000	5,886E+1
2821,387	69,816	70,000	5,887E+1
2823,852	69,816	70,000	5,894E+1
2823,852	69,816	70,000	5,894E+1
2826,314	69,797	70,000	5,971E+1
2826,314	69,797	70,000	5,971E+1
2826,314	69,685	70,000	5,972E+1
2828,777	69,685	70,000	6,417E+1
2828,777	69,829	70,000	6,418E+1
2831,241	69,829	70,000	5,847E+1
2831,241	69,829	70,000	5,848E+1
2831,241	69,726	70,000	5,849E+1
2833,704	69,726	70,000	6,262E+1
2833,704	69,755	70,000	6,263E+1
2836,165	69,755	70,000	6,149E+1
2836,165	69,755	70,000	6,150E+1
2838,629	69,821	70,000	5,888E+1
2838,629	69,821	70,000	5,889E+1
2838,629	69,918	70,000	5,890E+1
2841,092	69,918	70,000	5,508E+1
2841,092	69,918	70,000	5,508E+1
2843,553	69,926	70,000	5,475E+1
2843,553	69,926	70,000	5,475E+1
2843,553	69,926	70,000	5,476E+1
2846,015	69,926	70,000	5,476E+1
2846,015	69,926	70,000	5,476E+1
2848,478	69,836	70,000	5,833E+1
2848,478	69,836	70,000	5,834E+1
2848,478	69,846	70,000	5,835E+1
2850,941	69,846	70,000	5,796E+1
2850,941	69,846	70,000	5,797E+1
2853,404	69,823	70,000	5,889E+1
2853,404	69,823	70,000	5,889E+1
2853,404	69,950	70,000	5,890E+1
2855,866	69,950	70,000	5,390E+1
2855,866	69,950	70,000	5,390E+1
2858,329	69,823	70,000	5,893E+1
2858,329	69,823	70,000	5,894E+1
2858,329	69,731	70,000	5,895E+1
2860,789	69,731	70,000	6,258E+1
2860,789	69,758	70,000	6,260E+1
2863,252	69,758	70,000	6,152E+1
2863,252	69,758	70,000	6,153E+1
2863,252	69,651	70,000	6,154E+1
2865,713	69,651	70,000	6,581E+1
2865,713	69,680	70,000	6,583E+1
2868,177	69,680	70,000	6,469E+1
2868,177	69,680	70,000	6,471E+1
2870,640	69,770	70,000	6,116E+1
2870,640	69,770	70,000	6,117E+1
2870,640	69,650	70,000	6,118E+1
2873,101	69,650	70,000	6,596E+1
2873,101	69,650	70,000	6,598E+1
2875,565	69,678	70,000	6,484E+1
2875,565	69,678	70,000	6,486E+1
2875,565	69,826	70,000	6,487E+1
2878,028	69,826	70,000	5,904E+1
2878,028	69,826	70,000	5,905E+1
2880,491	69,969	70,000	5,341E+1
2880,491	69,969	70,000	5,341E+1
2880,491	69,988	70,000	5,342E+1
2882,955	69,988	70,000	5,266E+1
2882,955	69,988	70,000	5,266E+1
2885,418	70,011	70,000	5,173E+1
2885,418	70,011	70,000	5,173E+1
2885,418	70,106	70,000	5,173E+1
2887,882	70,106	70,000	4,797E+1
2887,882	70,106	70,000	4,796E+1
2890,345	70,089	70,000	4,863E+1
2890,345	70,089	70,000	4,863E+1
2890,345	70,168	70,000	4,862E+1
2892,810	70,168	70,000	4,547E+1
2892,810	70,148	70,000	4,546E+1
2895,274	70,148	70,000	4,625E+1
2895,274	70,148	70,000	4,624E+1
2895,274	70,072	70,000	4,623E+1
2897,735	70,072	70,000	4,926E+1
2897,735	70,061	70,000	4,926E+1
2900,199	70,061	70,000	4,967E+1
2900,199	70,061	70,000	4,967E+1
2902,660	70,025	70,000	5,113E+1
2902,660	70,025	70,000	5,113E+1
2902,660	70,011	70,000	5,113E+1
2905,123	70,011	70,000	5,166E+1
2905,123	70,011	70,000	5,166E+1
2907,587	69,974	70,000	5,314E+1
2907,587	69,974	70,000	5,315E+1
