t	PV [ºC]	SP [ºC]	MV[A]
0,000	0,000	67,000	3,200E-1
0,000	0,000	67,000	3,200E-1
0,000	0,000	67,000	3,200E-1
2,216	66,604	67,000	3,200E-1
2,216	66,604	67,000	0,000E+0
4,457	66,577	67,000	5,461E-2
4,457	66,577	67,000	3,200E-1
6,699	66,557	67,000	3,200E-1
6,699	66,557	67,000	3,200E-1
8,938	66,544	67,000	3,200E-1
8,938	66,544	67,000	3,200E-1
8,938	66,544	67,000	3,200E-1
11,179	66,549	67,000	3,200E-1
11,179	66,549	67,000	3,200E-1
13,418	66,556	67,000	3,200E-1
13,418	66,556	67,000	3,200E-1
15,659	66,547	67,000	3,200E-1
15,659	66,547	67,000	3,200E-1
17,900	66,513	67,000	3,200E-1
17,900	66,513	67,000	3,200E-1
17,900	66,513	67,000	3,200E-1
20,140	66,525	67,000	3,200E-1
20,140	66,525	67,000	2,866E-1
22,381	66,508	67,000	3,200E-1
22,381	66,508	67,000	3,200E-1
24,618	66,495	67,000	3,200E-1
24,618	66,495	67,000	3,200E-1
26,859	66,471	67,000	3,200E-1
26,859	66,471	67,000	3,200E-1
26,859	66,471	67,000	3,200E-1
29,100	66,463	67,000	3,200E-1
29,100	66,463	67,000	3,200E-1
31,341	66,461	67,000	3,200E-1
31,341	66,461	67,000	3,200E-1
33,581	66,432	67,000	3,200E-1
33,581	66,432	67,000	3,200E-1
35,822	66,475	67,000	3,200E-1
35,822	66,475	67,000	3,785E-2
35,822	66,475	67,000	1,102E-1
38,061	66,471	67,000	1,826E-1
38,061	66,471	67,000	2,886E-1
40,228	66,448	67,000	3,200E-1
40,228	66,448	67,000	3,200E-1
42,395	66,418	67,000	3,200E-1
42,395	66,418	67,000	3,200E-1
44,556	66,360	67,000	3,200E-1
44,556	66,360	67,000	3,200E-1
46,723	66,402	67,000	3,200E-1
46,723	66,402	67,000	5,608E-2
48,888	66,397	67,000	1,385E-1
48,888	66,397	67,000	2,629E-1
48,888	66,397	67,000	3,200E-1
51,057	66,373	67,000	3,200E-1
51,057	66,373	67,000	3,200E-1
53,224	66,321	67,000	3,200E-1
53,224	66,321	67,000	3,200E-1
55,391	66,316	67,000	3,200E-1
55,391	66,316	67,000	3,200E-1
57,558	66,363	67,000	3,200E-1
57,558	66,363	67,000	2,032E-2
59,726	66,333	67,000	1,081E-1
59,726	66,333	67,000	3,200E-1
61,891	66,351	67,000	3,200E-1
61,891	66,351	67,000	2,611E-1
61,891	66,351	67,000	3,200E-1
64,060	66,370	67,000	3,200E-1
64,060	66,370	67,000	2,502E-1
66,225	66,356	67,000	3,200E-1
66,225	66,356	67,000	3,200E-1
68,392	66,343	67,000	3,200E-1
68,392	66,343	67,000	3,200E-1
70,553	66,325	67,000	3,200E-1
70,553	66,325	67,000	3,200E-1
72,720	66,328	67,000	3,200E-1
72,720	66,328	67,000	3,200E-1
74,885	66,303	67,000	3,200E-1
74,885	66,303	67,000	3,200E-1
74,885	66,303	67,000	3,200E-1
77,052	66,269	67,000	3,200E-1
77,052	66,269	67,000	3,200E-1
79,217	66,249	67,000	3,200E-1
79,217	66,249	67,000	3,200E-1
81,384	66,278	67,000	3,200E-1
81,384	66,278	67,000	1,806E-1
83,549	66,247	67,000	2,800E-1
83,549	66,247	67,000	3,200E-1
85,716	66,245	67,000	3,200E-1
85,716	66,245	67,000	3,200E-1
87,882	66,210	67,000	3,200E-1
87,882	66,210	67,000	3,200E-1
87,882	66,210	67,000	3,200E-1
90,049	66,223	67,000	3,200E-1
90,049	66,223	67,000	3,200E-1
92,214	66,262	67,000	3,200E-1
92,214	66,262	67,000	1,002E-1
94,381	66,237	67,000	2,020E-1
94,381	66,237	67,000	3,200E-1
96,548	66,220	67,000	3,200E-1
96,548	66,220	67,000	3,200E-1
98,717	66,163	67,000	3,200E-1
98,717	66,163	67,000	3,200E-1
100,884	66,137	67,000	3,200E-1
100,884	66,137	67,000	3,200E-1
100,884	66,137	67,000	3,200E-1
103,051	66,169	67,000	3,200E-1
103,051	66,169	67,000	1,707E-1
105,218	66,166	67,000	2,853E-1
105,218	66,166	67,000	3,200E-1
107,385	66,184	67,000	3,200E-1
107,385	66,184	67,000	2,841E-1
109,552	66,169	67,000	3,200E-1
109,552	66,169	67,000	3,200E-1
111,719	66,149	67,000	3,200E-1
111,719	66,149	67,000	3,200E-1
113,884	66,176	67,000	3,200E-1
113,884	66,176	67,000	2,110E-1
113,884	66,176	67,000	3,200E-1
116,051	66,227	67,000	3,200E-1
116,051	66,227	67,000	6,088E-3
118,216	66,192	67,000	1,127E-1
118,216	66,192	67,000	3,200E-1
120,383	66,176	67,000	3,200E-1
120,383	66,176	67,000	3,200E-1
122,546	66,137	67,000	3,200E-1
122,546	66,137	67,000	3,200E-1
124,713	66,146	67,000	3,200E-1
124,713	66,146	67,000	3,200E-1
126,878	66,137	67,000	3,200E-1
126,878	66,137	67,000	3,200E-1
126,878	66,137	67,000	3,200E-1
129,049	66,169	67,000	3,200E-1
129,049	66,169	67,000	1,707E-1
131,216	66,156	67,000	2,852E-1
131,216	66,156	67,000	3,200E-1
133,383	66,117	67,000	3,200E-1
133,383	66,117	67,000	3,200E-1
135,546	66,137	67,000	3,200E-1
135,546	66,137	67,000	2,741E-1
137,713	66,149	67,000	3,200E-1
137,713	66,149	67,000	3,200E-1
139,879	66,130	67,000	3,200E-1
139,879	66,130	67,000	3,200E-1
139,879	66,130	67,000	3,200E-1
142,048	66,157	67,000	3,200E-1
142,048	66,157	67,000	2,136E-1
144,213	66,137	67,000	3,200E-1
144,213	66,137	67,000	3,200E-1
146,380	66,111	67,000	3,200E-1
146,380	66,111	67,000	3,200E-1
148,547	66,124	67,000	3,200E-1
148,547	66,124	67,000	3,200E-1
150,714	66,137	67,000	3,200E-1
150,714	66,137	67,000	3,200E-1
152,879	66,137	67,000	3,200E-1
152,879	66,137	67,000	3,200E-1
152,879	66,137	67,000	3,200E-1
155,046	66,115	67,000	3,200E-1
155,046	66,115	67,000	3,200E-1
157,211	66,130	67,000	3,164E-1
157,211	66,130	67,000	3,200E-1
159,378	66,122	67,000	3,200E-1
159,378	66,122	67,000	3,200E-1
161,543	66,147	67,000	2,316E-1
161,543	66,147	67,000	3,200E-1
163,712	66,157	67,000	3,200E-1
163,712	66,157	67,000	3,200E-1
165,877	66,134	67,000	3,200E-1
165,877	66,134	67,000	3,200E-1
165,877	66,134	67,000	3,200E-1
168,046	66,125	67,000	3,200E-1
168,046	66,125	67,000	3,200E-1
170,213	66,117	67,000	3,200E-1
170,213	66,117	67,000	3,200E-1
172,380	66,161	67,000	7,291E-2
172,380	66,161	67,000	1,886E-1
174,547	66,179	67,000	1,534E-1
174,547	66,179	67,000	2,666E-1
176,715	66,174	67,000	3,200E-1
176,715	66,174	67,000	3,200E-1
178,880	66,126	67,000	3,200E-1
178,880	66,126	67,000	3,200E-1
178,880	66,126	67,000	3,200E-1
181,047	66,193	67,000	0,000E+0
181,047	66,193	67,000	1,113E-1
183,212	66,180	67,000	3,200E-1
183,212	66,180	67,000	3,200E-1
185,379	66,156	67,000	3,200E-1
185,379	66,156	67,000	3,200E-1
187,548	66,161	67,000	3,200E-1
187,548	66,161	67,000	3,200E-1
189,719	66,161	67,000	3,200E-1
189,719	66,161	67,000	3,200E-1
191,886	66,147	67,000	3,200E-1
191,886	66,147	67,000	3,200E-1
191,886	66,147	67,000	3,200E-1
194,051	66,098	67,000	3,200E-1
194,051	66,098	67,000	3,200E-1
196,218	66,113	67,000	3,186E-1
196,218	66,113	67,000	3,200E-1
198,383	66,120	67,000	3,200E-1
198,383	66,120	67,000	3,200E-1
200,548	66,152	67,000	1,731E-1
200,548	66,152	67,000	2,900E-1
202,715	66,140	67,000	3,200E-1
202,715	66,140	67,000	3,200E-1
204,880	66,105	67,000	3,200E-1
204,880	66,105	67,000	3,200E-1
204,880	66,105	67,000	3,200E-1
207,047	66,127	67,000	2,590E-1
207,047	66,127	67,000	3,200E-1
209,213	66,196	67,000	0,000E+0
209,213	66,196	67,000	1,108E-1
211,380	66,206	67,000	1,378E-1
211,380	66,206	67,000	2,473E-1
213,545	66,222	67,000	2,227E-1
213,545	66,222	67,000	3,200E-1
215,712	66,174	67,000	3,200E-1
215,712	66,174	67,000	3,200E-1
217,875	66,125	67,000	3,200E-1
217,875	66,125	67,000	3,200E-1
220,042	66,210	67,000	3,200E-1
220,042	66,210	67,000	0,000E+0
220,042	66,210	67,000	1,089E-1
222,209	66,195	67,000	3,200E-1
222,209	66,195	67,000	3,200E-1
224,376	66,170	67,000	3,200E-1
224,376	66,170	67,000	3,200E-1
226,541	66,115	67,000	3,200E-1
226,541	66,115	67,000	3,200E-1
228,708	66,107	67,000	3,200E-1
228,708	66,107	67,000	3,200E-1
230,873	66,189	67,000	0,000E+0
230,873	66,189	67,000	1,118E-1
233,041	66,186	67,000	2,237E-1
233,041	66,186	67,000	3,200E-1
233,041	66,186	67,000	3,200E-1
235,205	66,159	67,000	3,200E-1
235,205	66,159	67,000	3,200E-1
237,372	66,147	67,000	3,200E-1
237,372	66,147	67,000	3,200E-1
239,540	66,159	67,000	3,200E-1
239,540	66,159	67,000	3,200E-1
241,706	66,199	67,000	1,006E-1
241,706	66,199	67,000	2,112E-1
243,872	66,195	67,000	3,200E-1
243,872	66,195	67,000	3,200E-1
246,041	66,220	67,000	3,200E-1
246,041	66,220	67,000	2,214E-1
246,041	66,220	67,000	3,200E-1
248,208	66,247	67,000	2,013E-1
248,208	66,247	67,000	3,050E-1
250,375	66,142	67,000	3,200E-1
250,375	66,142	67,000	3,200E-1
252,540	66,127	67,000	3,200E-1
252,540	66,127	67,000	3,200E-1
254,707	66,130	67,000	3,200E-1
254,707	66,130	67,000	3,200E-1
256,872	66,184	67,000	0,000E+0
256,872	66,184	67,000	1,125E-1
259,041	66,162	67,000	2,250E-1
259,041	66,162	67,000	3,200E-1
259,041	66,162	67,000	3,200E-1
261,206	66,157	67,000	3,200E-1
261,206	66,157	67,000	3,200E-1
263,373	66,176	67,000	2,771E-1
263,373	66,176	67,000	3,200E-1
265,538	66,154	67,000	3,200E-1
265,538	66,154	67,000	3,200E-1
267,707	66,127	67,000	3,200E-1
267,707	66,127	67,000	3,200E-1
269,874	66,112	67,000	3,200E-1
269,874	66,112	67,000	3,200E-1
272,044	66,154	67,000	3,200E-1
272,044	66,154	67,000	9,036E-2
272,044	66,154	67,000	2,070E-1
274,209	66,152	67,000	3,200E-1
274,209	66,152	67,000	3,200E-1
276,374	66,186	67,000	1,519E-1
276,374	66,186	67,000	2,643E-1
278,539	66,213	67,000	1,501E-1
278,539	66,213	67,000	2,587E-1
280,707	66,142	67,000	3,200E-1
280,707	66,142	67,000	3,200E-1
282,871	66,206	67,000	0,000E+0
282,871	66,206	67,000	1,095E-1
285,038	66,169	67,000	2,190E-1
285,038	66,169	67,000	3,200E-1
285,038	66,169	67,000	3,200E-1
287,203	66,199	67,000	1,831E-1
287,203	66,199	67,000	2,937E-1
289,370	66,194	67,000	3,200E-1
289,370	66,194	67,000	3,200E-1
291,535	66,171	67,000	3,200E-1
291,535	66,171	67,000	3,200E-1
293,702	66,112	67,000	3,200E-1
293,702	66,112	67,000	3,200E-1
295,867	66,139	67,000	2,161E-1
295,867	66,139	67,000	3,200E-1
298,034	66,157	67,000	3,200E-1
298,034	66,157	67,000	2,879E-1
298,034	66,157	67,000	3,200E-1
300,199	66,176	67,000	2,770E-1
300,199	66,176	67,000	3,200E-1
302,367	66,174	67,000	3,200E-1
302,367	66,174	67,000	3,200E-1
304,536	66,196	67,000	2,495E-1
304,536	66,196	67,000	3,200E-1
306,701	66,174	67,000	3,200E-1
306,701	66,174	67,000	3,200E-1
308,868	66,199	67,000	2,243E-1
308,868	66,199	67,000	3,200E-1
311,035	66,169	67,000	3,200E-1
311,035	66,169	67,000	3,200E-1
311,035	66,169	67,000	3,200E-1
313,202	66,149	67,000	3,200E-1
313,202	66,149	67,000	3,200E-1
315,369	66,147	67,000	3,200E-1
315,369	66,147	67,000	3,200E-1
317,536	66,147	67,000	3,200E-1
317,536	66,147	67,000	3,200E-1
319,703	66,169	67,000	2,532E-1
319,703	66,169	67,000	3,200E-1
321,864	66,157	67,000	3,200E-1
321,864	66,157	67,000	3,200E-1
324,033	66,176	67,000	3,200E-1
324,033	66,176	67,000	2,771E-1
324,033	66,176	67,000	3,200E-1
326,198	66,189	67,000	3,200E-1
326,198	66,189	67,000	3,200E-1
328,365	66,167	67,000	3,200E-1
328,365	66,167	67,000	3,200E-1
330,531	66,167	67,000	3,200E-1
330,531	66,167	67,000	3,200E-1
332,698	66,157	67,000	3,200E-1
332,698	66,157	67,000	3,200E-1
334,863	66,152	67,000	3,200E-1
334,863	66,152	67,000	3,200E-1
337,030	66,132	67,000	3,200E-1
337,030	66,132	67,000	3,200E-1
337,030	66,132	67,000	3,200E-1
339,195	66,149	67,000	2,972E-1
339,195	66,149	67,000	3,200E-1
341,362	66,158	67,000	3,200E-1
341,362	66,158	67,000	3,200E-1
343,529	66,125	67,000	3,200E-1
343,529	66,125	67,000	3,200E-1
345,698	66,137	67,000	3,200E-1
345,698	66,137	67,000	3,200E-1
347,866	66,137	67,000	3,200E-1
347,866	66,137	67,000	3,200E-1
350,034	66,137	67,000	3,200E-1
350,034	66,137	67,000	3,200E-1
350,034	66,137	67,000	3,200E-1
352,201	66,115	67,000	3,200E-1
352,201	66,115	67,000	3,200E-1
354,368	66,105	67,000	3,200E-1
354,368	66,105	67,000	3,200E-1
356,535	66,137	67,000	1,750E-1
356,535	66,137	67,000	1,750E-1
358,700	66,087	67,000	1,750E-1
358,700	66,087	67,000	1,750E-1
360,866	66,083	67,000	3,200E-1
360,866	66,083	67,000	3,200E-1
363,035	66,098	67,000	3,200E-1
363,035	66,098	67,000	3,200E-1
363,035	66,098	67,000	3,200E-1
365,198	66,107	67,000	3,200E-1
365,198	66,107	67,000	3,200E-1
367,365	66,031	67,000	3,200E-1
367,365	66,031	67,000	3,200E-1
369,530	66,061	67,000	3,200E-1
369,530	66,061	67,000	3,200E-1
371,697	66,092	67,000	3,200E-1
371,697	66,092	67,000	3,200E-1
373,862	66,149	67,000	3,200E-1
373,862	66,149	67,000	3,200E-1
376,029	66,190	67,000	0,000E+0
376,029	66,190	67,000	0,000E+0
376,029	66,190	67,000	0,000E+0
378,192	66,163	67,000	0,000E+0
378,192	66,163	67,000	0,000E+0
380,361	66,173	67,000	3,200E-1
380,361	66,173	67,000	3,200E-1
382,526	66,153	67,000	3,200E-1
382,526	66,153	67,000	3,200E-1
384,693	66,141	67,000	3,200E-1
384,693	66,141	67,000	3,200E-1
386,856	66,139	67,000	3,200E-1
386,856	66,139	67,000	3,200E-1
389,025	66,119	67,000	3,200E-1
389,025	66,119	67,000	3,200E-1
389,025	66,119	67,000	3,200E-1
391,190	66,093	67,000	3,200E-1
391,190	66,093	67,000	3,200E-1
393,357	66,120	67,000	3,200E-1
393,357	66,120	67,000	3,200E-1
395,523	66,078	67,000	3,200E-1
395,523	66,078	67,000	3,200E-1
397,690	66,066	67,000	3,200E-1
397,690	66,066	67,000	3,200E-1
399,857	66,081	67,000	3,200E-1
399,857	66,081	67,000	3,200E-1
402,020	66,075	67,000	3,200E-1
402,020	66,075	67,000	3,200E-1
402,020	66,075	67,000	3,200E-1
404,185	66,080	67,000	3,200E-1
404,185	66,080	67,000	3,200E-1
406,350	66,087	67,000	3,200E-1
406,350	66,087	67,000	3,200E-1
408,517	66,115	67,000	3,200E-1
408,517	66,115	67,000	3,200E-1
410,684	66,075	67,000	3,200E-1
410,684	66,075	67,000	3,200E-1
412,849	66,103	67,000	3,200E-1
412,849	66,103	67,000	3,200E-1
415,016	66,071	67,000	3,200E-1
415,016	66,071	67,000	3,200E-1
415,016	66,071	67,000	3,200E-1
417,185	66,110	67,000	3,200E-1
417,185	66,110	67,000	3,200E-1
419,352	66,100	67,000	3,200E-1
419,352	66,100	67,000	3,200E-1
421,521	66,144	67,000	3,200E-1
421,521	66,144	67,000	3,200E-1
423,689	66,127	67,000	3,200E-1
423,689	66,127	67,000	3,200E-1
425,856	66,105	67,000	3,200E-1
425,856	66,105	67,000	3,200E-1
428,025	66,104	67,000	3,200E-1
428,025	66,104	67,000	3,200E-1
428,025	66,104	67,000	3,200E-1
430,192	66,086	67,000	3,200E-1
430,192	66,086	67,000	3,200E-1
432,359	66,063	67,000	3,200E-1
432,359	66,063	67,000	3,200E-1
434,524	66,068	67,000	3,200E-1
434,524	66,068	67,000	3,200E-1
436,693	66,068	67,000	3,200E-1
436,693	66,068	67,000	3,200E-1
438,858	66,103	67,000	3,200E-1
438,858	66,103	67,000	3,200E-1
441,023	66,097	67,000	3,200E-1
441,023	66,097	67,000	3,200E-1
441,023	66,097	67,000	3,200E-1
443,190	66,090	67,000	3,200E-1
443,190	66,090	67,000	3,200E-1
445,357	66,070	67,000	3,200E-1
445,357	66,070	67,000	3,200E-1
447,522	66,075	67,000	3,200E-1
447,522	66,075	67,000	3,200E-1
449,687	66,051	67,000	3,200E-1
449,687	66,051	67,000	3,200E-1
451,854	66,039	67,000	3,200E-1
451,854	66,039	67,000	3,200E-1
454,021	66,044	67,000	3,200E-1
454,021	66,044	67,000	3,200E-1
454,021	66,044	67,000	3,200E-1
456,185	66,063	67,000	3,200E-1
456,185	66,063	67,000	3,200E-1
458,352	66,038	67,000	3,200E-1
458,352	66,038	67,000	3,200E-1
460,517	66,029	67,000	3,200E-1
460,517	66,029	67,000	3,200E-1
462,684	66,043	67,000	3,200E-1
462,684	66,043	67,000	3,200E-1
464,849	66,058	67,000	3,200E-1
464,849	66,058	67,000	3,200E-1
467,014	66,068	67,000	3,200E-1
467,014	66,068	67,000	3,200E-1
467,014	66,068	67,000	3,200E-1
469,181	66,075	67,000	3,200E-1
469,181	66,075	67,000	3,200E-1
471,348	66,061	67,000	3,200E-1
471,348	66,061	67,000	3,200E-1
473,515	66,082	67,000	3,200E-1
473,515	66,082	67,000	3,200E-1
475,680	66,048	67,000	3,200E-1
475,680	66,048	67,000	3,200E-1
477,848	66,033	67,000	3,200E-1
477,848	66,033	67,000	3,200E-1
480,015	66,038	67,000	3,200E-1
480,015	66,038	67,000	3,200E-1
480,015	66,038	67,000	3,200E-1
482,180	66,013	67,000	3,200E-1
482,180	66,013	67,000	3,200E-1
484,347	65,972	67,000	3,200E-1
484,347	65,972	67,000	3,200E-1
486,512	65,974	67,000	3,200E-1
486,512	65,974	67,000	3,200E-1
488,677	65,976	67,000	3,200E-1
488,677	65,976	67,000	3,200E-1
490,846	65,999	67,000	3,200E-1
490,846	65,999	67,000	3,200E-1
493,011	65,987	67,000	3,200E-1
493,011	65,987	67,000	3,200E-1
493,011	65,987	67,000	3,200E-1
495,178	66,013	67,000	3,200E-1
495,178	66,013	67,000	3,200E-1
497,345	66,033	67,000	3,200E-1
497,345	66,033	67,000	3,200E-1
499,512	66,033	67,000	3,200E-1
499,512	66,033	67,000	3,200E-1
501,677	66,058	67,000	3,200E-1
501,677	66,058	67,000	3,200E-1
503,847	66,022	67,000	3,200E-1
503,847	66,022	67,000	3,200E-1
506,012	66,034	67,000	3,200E-1
506,012	66,034	67,000	3,200E-1
506,012	66,034	67,000	3,200E-1
508,181	66,014	67,000	3,200E-1
508,181	66,014	67,000	3,200E-1
510,346	66,044	67,000	3,200E-1
510,346	66,044	67,000	3,200E-1
512,513	66,024	67,000	3,200E-1
512,513	66,024	67,000	3,200E-1
514,680	66,061	67,000	3,200E-1
514,680	66,061	67,000	3,200E-1
516,847	66,043	67,000	3,200E-1
516,847	66,043	67,000	3,200E-1
519,012	66,031	67,000	3,200E-1
519,012	66,031	67,000	3,200E-1
519,012	66,031	67,000	3,200E-1
521,179	66,065	67,000	3,200E-1
521,179	66,065	67,000	3,200E-1
523,342	66,004	67,000	3,200E-1
523,342	66,004	67,000	3,200E-1
525,509	66,004	67,000	3,200E-1
525,509	66,004	67,000	3,200E-1
527,677	66,004	67,000	3,200E-1
527,677	66,004	67,000	3,200E-1
529,844	66,011	67,000	3,200E-1
529,844	66,011	67,000	3,200E-1
532,009	65,996	67,000	3,200E-1
532,009	65,996	67,000	3,200E-1
532,009	65,996	67,000	3,200E-1
534,178	65,999	67,000	3,200E-1
534,178	65,999	67,000	3,200E-1
536,343	65,987	67,000	3,200E-1
536,343	65,987	67,000	3,200E-1
538,510	66,039	67,000	3,200E-1
538,510	66,039	67,000	3,200E-1
540,675	66,041	67,000	3,200E-1
540,675	66,041	67,000	3,200E-1
542,842	66,004	67,000	3,200E-1
542,842	66,004	67,000	3,200E-1
545,007	66,033	67,000	3,200E-1
545,007	66,033	67,000	3,200E-1
545,007	66,033	67,000	3,200E-1
547,174	66,016	67,000	3,200E-1
547,174	66,016	67,000	3,200E-1
549,342	65,979	67,000	3,200E-1
549,342	65,979	67,000	3,200E-1
551,507	65,965	67,000	3,200E-1
551,507	65,965	67,000	3,200E-1
553,674	65,989	67,000	3,200E-1
553,674	65,989	67,000	3,200E-1
555,841	65,984	67,000	3,200E-1
555,841	65,984	67,000	3,200E-1
558,006	65,952	67,000	3,200E-1
558,006	65,952	67,000	3,200E-1
558,006	65,952	67,000	3,200E-1
560,173	65,964	67,000	3,200E-1
560,173	65,964	67,000	3,200E-1
562,340	66,023	67,000	3,200E-1
562,340	66,023	67,000	3,200E-1
564,507	65,992	67,000	3,200E-1
564,507	65,992	67,000	3,200E-1
566,674	66,007	67,000	3,200E-1
566,674	66,007	67,000	3,200E-1
568,843	65,982	67,000	3,200E-1
568,843	65,982	67,000	3,200E-1
571,008	65,999	67,000	3,200E-1
571,008	65,999	67,000	3,200E-1
571,008	65,999	67,000	3,200E-1
573,173	65,985	67,000	3,200E-1
573,173	65,985	67,000	3,200E-1
575,340	65,991	67,000	3,200E-1
575,340	65,991	67,000	3,200E-1
577,506	66,024	67,000	3,200E-1
577,506	66,024	67,000	3,200E-1
579,673	66,011	67,000	3,200E-1
579,673	66,011	67,000	3,200E-1
581,838	66,055	67,000	3,200E-1
581,838	66,055	67,000	3,200E-1
584,005	66,063	67,000	3,200E-1
584,005	66,063	67,000	3,200E-1
584,005	66,063	67,000	3,200E-1
586,170	66,095	67,000	3,200E-1
586,170	66,095	67,000	3,200E-1
588,339	66,029	67,000	3,200E-1
588,339	66,029	67,000	3,200E-1
590,506	66,031	67,000	3,200E-1
590,506	66,031	67,000	3,200E-1
592,673	66,021	67,000	3,200E-1
592,673	66,021	67,000	3,200E-1
594,838	65,969	67,000	3,200E-1
594,838	65,969	67,000	3,200E-1
597,007	65,984	67,000	3,200E-1
597,007	65,984	67,000	3,200E-1
597,007	65,984	67,000	3,200E-1
599,175	66,002	67,000	3,200E-1
599,175	66,002	67,000	3,200E-1
601,340	65,990	67,000	3,200E-1
601,340	65,990	67,000	3,200E-1
603,505	65,989	67,000	3,200E-1
603,505	65,989	67,000	3,200E-1
605,672	65,981	67,000	3,200E-1
605,672	65,981	67,000	3,200E-1
607,839	65,982	67,000	3,200E-1
607,839	65,982	67,000	3,200E-1
610,006	65,958	67,000	3,200E-1
610,006	65,958	67,000	3,200E-1
610,006	65,958	67,000	3,200E-1
612,169	65,977	67,000	3,200E-1
612,169	65,977	67,000	3,200E-1
614,334	65,970	67,000	3,200E-1
614,334	65,970	67,000	3,200E-1
616,499	65,960	67,000	3,200E-1
616,499	65,960	67,000	3,200E-1
618,666	65,958	67,000	3,200E-1
618,666	65,958	67,000	3,200E-1
620,831	65,967	67,000	3,200E-1
620,831	65,967	67,000	3,200E-1
623,000	65,991	67,000	3,200E-1
623,000	65,991	67,000	3,200E-1
623,000	65,991	67,000	3,200E-1
625,167	66,001	67,000	3,200E-1
625,167	66,001	67,000	3,200E-1
627,334	65,991	67,000	3,200E-1
627,334	65,991	67,000	3,200E-1
629,501	65,955	67,000	3,200E-1
629,501	65,955	67,000	3,200E-1
631,671	65,969	67,000	3,200E-1
631,671	65,969	67,000	3,200E-1
633,836	65,959	67,000	3,200E-1
633,836	65,959	67,000	3,200E-1
636,003	65,991	67,000	3,200E-1
636,003	65,991	67,000	3,200E-1
636,003	65,991	67,000	3,200E-1
638,168	65,991	67,000	3,200E-1
638,168	65,991	67,000	3,200E-1
640,335	65,931	67,000	3,200E-1
640,335	65,931	67,000	3,200E-1
642,502	65,896	67,000	3,200E-1
642,502	65,896	67,000	3,200E-1
644,667	65,930	67,000	3,200E-1
644,667	65,930	67,000	3,200E-1
646,832	65,940	67,000	3,200E-1
646,832	65,940	67,000	3,200E-1
648,999	65,982	67,000	3,200E-1
648,999	65,982	67,000	3,200E-1
648,999	65,982	67,000	3,200E-1
651,160	65,941	67,000	3,200E-1
651,160	65,941	67,000	3,200E-1
653,331	65,938	67,000	3,200E-1
653,331	65,938	67,000	3,200E-1
655,496	65,946	67,000	3,200E-1
655,496	65,946	67,000	3,200E-1
657,663	65,909	67,000	3,200E-1
657,663	65,909	67,000	3,200E-1
659,828	65,926	67,000	3,200E-1
659,828	65,926	67,000	3,200E-1
661,995	65,908	67,000	3,200E-1
661,995	65,908	67,000	3,200E-1
661,995	65,908	67,000	3,200E-1
664,160	65,884	67,000	3,200E-1
664,160	65,884	67,000	3,200E-1
666,327	65,895	67,000	3,200E-1
666,327	65,895	67,000	3,200E-1
668,494	65,911	67,000	3,200E-1
668,494	65,911	67,000	3,200E-1
670,661	65,876	67,000	3,200E-1
670,661	65,876	67,000	3,200E-1
672,828	65,886	67,000	3,200E-1
672,828	65,886	67,000	3,200E-1
674,993	65,879	67,000	3,200E-1
674,993	65,879	67,000	3,200E-1
674,993	65,879	67,000	3,200E-1
677,160	65,906	67,000	3,200E-1
677,160	65,906	67,000	3,200E-1
679,325	65,948	67,000	3,200E-1
679,325	65,948	67,000	3,200E-1
681,492	65,952	67,000	3,200E-1
681,492	65,952	67,000	3,200E-1
683,660	65,977	67,000	3,200E-1
683,660	65,977	67,000	3,200E-1
685,826	65,957	67,000	3,200E-1
685,826	65,957	67,000	3,200E-1
687,991	65,982	67,000	3,200E-1
687,991	65,982	67,000	3,200E-1
687,991	65,982	67,000	3,200E-1
690,161	65,933	67,000	3,200E-1
690,161	65,933	67,000	3,200E-1
692,324	65,976	67,000	3,200E-1
692,324	65,976	67,000	3,200E-1
694,491	65,943	67,000	3,200E-1
694,491	65,943	67,000	3,200E-1
696,656	65,947	67,000	3,200E-1
696,656	65,947	67,000	3,200E-1
698,823	65,957	67,000	3,200E-1
698,823	65,957	67,000	3,200E-1
700,988	65,948	67,000	3,200E-1
700,988	65,948	67,000	3,200E-1
700,988	65,948	67,000	3,200E-1
703,157	65,985	67,000	3,200E-1
703,157	65,985	67,000	3,200E-1
705,322	65,975	67,000	3,200E-1
705,322	65,975	67,000	3,200E-1
707,491	65,966	67,000	3,200E-1
707,491	65,966	67,000	3,200E-1
709,656	65,994	67,000	3,200E-1
709,656	65,994	67,000	3,200E-1
711,823	66,023	67,000	3,200E-1
711,823	66,023	67,000	3,200E-1
713,988	66,016	67,000	3,200E-1
713,988	66,016	67,000	3,200E-1
713,988	66,016	67,000	3,200E-1
716,157	65,954	67,000	3,200E-1
716,157	65,954	67,000	3,200E-1
718,320	66,001	67,000	3,200E-1
718,320	66,001	67,000	3,200E-1
720,487	65,969	67,000	3,200E-1
720,487	65,969	67,000	3,200E-1
722,654	65,920	67,000	3,200E-1
722,654	65,920	67,000	3,200E-1
724,821	65,971	67,000	3,200E-1
724,821	65,971	67,000	3,200E-1
726,986	65,982	67,000	3,200E-1
726,986	65,982	67,000	3,200E-1
726,986	65,982	67,000	3,200E-1
729,153	65,967	67,000	3,200E-1
729,153	65,967	67,000	3,200E-1
731,320	65,953	67,000	3,200E-1
731,320	65,953	67,000	3,200E-1
733,487	66,011	67,000	3,200E-1
733,487	66,011	67,000	3,200E-1
735,654	65,960	67,000	3,200E-1
735,654	65,960	67,000	3,200E-1
737,821	65,964	67,000	3,200E-1
737,821	65,964	67,000	3,200E-1
739,984	65,935	67,000	3,200E-1
739,984	65,935	67,000	3,200E-1
739,984	65,935	67,000	3,200E-1
742,152	65,937	67,000	3,200E-1
742,152	65,937	67,000	3,200E-1
744,321	65,950	67,000	3,200E-1
744,321	65,950	67,000	3,200E-1
746,486	65,916	67,000	3,200E-1
746,486	65,916	67,000	3,200E-1
748,652	65,923	67,000	3,200E-1
748,652	65,923	67,000	3,200E-1
750,820	65,951	67,000	3,200E-1
750,820	65,951	67,000	3,200E-1
752,984	65,911	67,000	3,200E-1
752,984	65,911	67,000	3,200E-1
752,984	65,911	67,000	3,200E-1
755,151	65,928	67,000	3,200E-1
755,151	65,928	67,000	3,200E-1
757,319	65,910	67,000	3,200E-1
757,319	65,910	67,000	3,200E-1
759,484	65,960	67,000	3,200E-1
759,484	65,960	67,000	3,200E-1
761,651	65,952	67,000	3,200E-1
761,651	65,952	67,000	3,200E-1
763,816	65,954	67,000	3,200E-1
763,816	65,954	67,000	3,200E-1
765,983	65,961	67,000	3,200E-1
765,983	65,961	67,000	3,200E-1
765,983	65,961	67,000	3,200E-1
768,150	65,952	67,000	3,200E-1
768,150	65,952	67,000	3,200E-1
770,317	65,967	67,000	3,200E-1
770,317	65,967	67,000	3,200E-1
772,484	65,965	67,000	3,200E-1
772,484	65,965	67,000	3,200E-1
774,651	65,928	67,000	3,200E-1
774,651	65,928	67,000	3,200E-1
776,818	65,879	67,000	3,200E-1
776,818	65,879	67,000	3,200E-1
778,983	65,911	67,000	3,200E-1
778,983	65,911	67,000	3,200E-1
778,983	65,911	67,000	3,200E-1
781,148	65,920	67,000	3,200E-1
781,148	65,920	67,000	3,200E-1
783,315	65,933	67,000	3,200E-1
783,315	65,933	67,000	3,200E-1
785,484	65,891	67,000	3,200E-1
785,484	65,891	67,000	3,200E-1
787,651	65,906	67,000	3,200E-1
787,651	65,906	67,000	3,200E-1
789,816	65,930	67,000	3,200E-1
789,816	65,930	67,000	3,200E-1
791,985	65,874	67,000	3,200E-1
791,985	65,874	67,000	3,200E-1
791,985	65,874	67,000	3,200E-1
794,152	65,924	67,000	3,200E-1
794,152	65,924	67,000	3,200E-1
796,315	65,918	67,000	3,200E-1
796,315	65,918	67,000	3,200E-1
798,480	65,891	67,000	3,200E-1
798,480	65,891	67,000	3,200E-1
800,647	65,896	67,000	3,200E-1
800,647	65,896	67,000	3,200E-1
802,814	65,911	67,000	3,200E-1
802,814	65,911	67,000	3,200E-1
804,979	65,926	67,000	3,200E-1
804,979	65,926	67,000	3,200E-1
804,979	65,926	67,000	3,200E-1
807,148	65,937	67,000	3,200E-1
807,148	65,937	67,000	3,200E-1
809,313	65,875	67,000	3,200E-1
809,313	65,875	67,000	3,200E-1
811,482	65,888	67,000	3,200E-1
811,482	65,888	67,000	3,200E-1
813,648	65,920	67,000	3,200E-1
813,648	65,920	67,000	3,200E-1
815,813	65,858	67,000	3,200E-1
815,813	65,858	67,000	3,200E-1
817,980	65,899	67,000	3,200E-1
817,980	65,899	67,000	3,200E-1
817,980	65,899	67,000	3,200E-1
820,145	65,881	67,000	3,200E-1
820,145	65,881	67,000	3,200E-1
822,312	65,899	67,000	3,200E-1
822,312	65,899	67,000	3,200E-1
824,479	65,896	67,000	3,200E-1
824,479	65,896	67,000	3,200E-1
826,646	65,903	67,000	3,200E-1
826,646	65,903	67,000	3,200E-1
828,817	65,900	67,000	3,200E-1
828,817	65,900	67,000	3,200E-1
830,984	65,858	67,000	3,200E-1
830,984	65,858	67,000	3,200E-1
830,984	65,858	67,000	3,200E-1
833,151	65,879	67,000	3,200E-1
833,151	65,879	67,000	3,200E-1
835,318	65,886	67,000	3,200E-1
835,318	65,886	67,000	3,200E-1
837,485	65,867	67,000	3,200E-1
837,485	65,867	67,000	3,200E-1
839,650	65,889	67,000	3,200E-1
839,650	65,889	67,000	3,200E-1
841,817	65,906	67,000	3,200E-1
841,817	65,906	67,000	3,200E-1
843,984	65,867	67,000	3,200E-1
843,984	65,867	67,000	3,200E-1
843,984	65,867	67,000	3,200E-1
846,151	65,855	67,000	3,200E-1
846,151	65,855	67,000	3,200E-1
848,318	65,845	67,000	3,200E-1
848,318	65,845	67,000	3,200E-1
850,485	65,871	67,000	3,200E-1
850,485	65,871	67,000	3,200E-1
852,650	65,827	67,000	3,200E-1
852,650	65,827	67,000	3,200E-1
854,817	65,825	67,000	3,200E-1
854,817	65,825	67,000	3,200E-1
856,985	65,864	67,000	3,200E-1
856,985	65,864	67,000	3,200E-1
856,985	65,864	67,000	3,200E-1
859,152	65,827	67,000	3,200E-1
859,152	65,827	67,000	3,200E-1
861,319	65,868	67,000	3,200E-1
861,319	65,868	67,000	3,200E-1
863,488	65,827	67,000	3,200E-1
863,488	65,827	67,000	3,200E-1
865,653	65,830	67,000	3,200E-1
865,653	65,830	67,000	3,200E-1
867,820	65,825	67,000	3,200E-1
867,820	65,825	67,000	3,200E-1
869,985	65,881	67,000	3,200E-1
869,985	65,881	67,000	3,200E-1
869,985	65,881	67,000	3,200E-1
872,152	65,903	67,000	3,200E-1
872,152	65,903	67,000	3,200E-1
874,323	65,867	67,000	3,200E-1
874,323	65,867	67,000	3,200E-1
876,490	65,885	67,000	3,200E-1
876,490	65,885	67,000	3,200E-1
878,657	65,895	67,000	3,200E-1
878,657	65,895	67,000	3,200E-1
880,826	65,905	67,000	3,200E-1
880,826	65,905	67,000	3,200E-1
882,995	65,927	67,000	3,200E-1
882,995	65,927	67,000	3,200E-1
882,995	65,927	67,000	3,200E-1
885,166	65,899	67,000	3,200E-1
885,166	65,899	67,000	3,200E-1
887,329	65,916	67,000	3,200E-1
887,329	65,916	67,000	3,200E-1
889,497	65,879	67,000	3,200E-1
889,497	65,879	67,000	3,200E-1
891,663	65,894	67,000	3,200E-1
891,663	65,894	67,000	3,200E-1
893,830	65,899	67,000	3,200E-1
893,830	65,899	67,000	3,200E-1
895,997	65,891	67,000	3,200E-1
895,997	65,891	67,000	3,200E-1
895,997	65,891	67,000	3,200E-1
898,166	65,862	67,000	3,200E-1
898,166	65,862	67,000	3,200E-1
900,334	65,859	67,000	3,200E-1
900,334	65,859	67,000	3,200E-1
902,498	65,885	67,000	3,200E-1
902,498	65,885	67,000	3,200E-1
904,664	65,876	67,000	3,200E-1
904,664	65,876	67,000	3,200E-1
906,833	65,868	67,000	3,200E-1
906,833	65,868	67,000	3,200E-1
908,998	65,859	67,000	3,200E-1
908,998	65,859	67,000	3,200E-1
908,998	65,859	67,000	3,200E-1
911,165	65,857	67,000	3,200E-1
911,165	65,857	67,000	3,200E-1
913,332	65,859	67,000	3,200E-1
913,332	65,859	67,000	3,200E-1
915,499	65,869	67,000	3,200E-1
915,499	65,869	67,000	3,200E-1
917,666	65,909	67,000	3,200E-1
917,666	65,909	67,000	3,200E-1
919,833	65,911	67,000	3,200E-1
919,833	65,911	67,000	3,200E-1
922,000	65,913	67,000	3,200E-1
922,000	65,913	67,000	3,200E-1
922,000	65,913	67,000	3,200E-1
924,169	65,916	67,000	3,200E-1
924,169	65,916	67,000	3,200E-1
926,334	65,940	67,000	3,200E-1
926,334	65,940	67,000	3,200E-1
928,501	65,889	67,000	3,200E-1
928,501	65,889	67,000	3,200E-1
930,666	65,859	67,000	3,200E-1
930,666	65,859	67,000	3,200E-1
932,831	65,855	67,000	3,200E-1
932,831	65,855	67,000	3,200E-1
935,000	65,886	67,000	3,200E-1
935,000	65,886	67,000	3,200E-1
935,000	65,886	67,000	3,200E-1
937,165	65,859	67,000	3,200E-1
937,165	65,859	67,000	3,200E-1
939,330	65,812	67,000	3,200E-1
939,330	65,812	67,000	3,200E-1
941,495	65,842	67,000	3,200E-1
941,495	65,842	67,000	3,200E-1
943,660	65,863	67,000	3,200E-1
943,660	65,863	67,000	3,200E-1
945,828	65,826	67,000	3,200E-1
945,828	65,826	67,000	3,200E-1
947,993	65,848	67,000	3,200E-1
947,993	65,848	67,000	3,200E-1
947,993	65,848	67,000	3,200E-1
950,160	65,829	67,000	3,200E-1
950,160	65,829	67,000	3,200E-1
952,325	65,781	67,000	3,200E-1
952,325	65,781	67,000	3,200E-1
954,492	65,830	67,000	3,200E-1
954,492	65,830	67,000	3,200E-1
956,657	65,805	67,000	3,200E-1
956,657	65,805	67,000	3,200E-1
958,826	65,810	67,000	3,200E-1
958,826	65,810	67,000	3,200E-1
960,993	65,796	67,000	3,200E-1
960,993	65,796	67,000	3,200E-1
960,993	65,796	67,000	3,200E-1
963,162	65,794	67,000	3,200E-1
963,162	65,794	67,000	3,200E-1
965,329	65,799	67,000	3,200E-1
965,329	65,799	67,000	3,200E-1
967,498	65,746	67,000	3,200E-1
967,498	65,746	67,000	3,200E-1
969,663	65,727	67,000	3,200E-1
969,663	65,727	67,000	3,200E-1
971,830	65,746	67,000	3,200E-1
971,830	65,746	67,000	3,200E-1
973,995	65,732	67,000	3,200E-1
973,995	65,732	67,000	3,200E-1
973,995	65,732	67,000	3,200E-1
976,162	65,732	67,000	3,200E-1
976,162	65,732	67,000	3,200E-1
978,327	65,736	67,000	3,200E-1
978,327	65,736	67,000	3,200E-1
980,495	65,687	67,000	3,200E-1
980,495	65,687	67,000	3,200E-1
982,660	65,719	67,000	3,200E-1
982,660	65,719	67,000	3,200E-1
984,827	65,717	67,000	3,200E-1
984,827	65,717	67,000	3,200E-1
986,994	65,687	67,000	3,200E-1
986,994	65,687	67,000	3,200E-1
986,994	65,687	67,000	3,200E-1
989,161	65,692	67,000	3,200E-1
989,161	65,692	67,000	3,200E-1
991,330	65,722	67,000	3,200E-1
991,330	65,722	67,000	3,200E-1
993,497	65,734	67,000	3,200E-1
993,497	65,734	67,000	3,200E-1
995,662	65,732	67,000	3,200E-1
995,662	65,732	67,000	3,200E-1
997,829	65,722	67,000	3,200E-1
997,829	65,722	67,000	3,200E-1
999,994	65,675	67,000	3,200E-1
999,994	65,675	67,000	3,200E-1
999,994	65,675	67,000	3,200E-1
1002,161	65,692	67,000	3,200E-1
1002,161	65,692	67,000	3,200E-1
1004,326	65,665	67,000	3,200E-1
1004,326	65,665	67,000	3,200E-1
1006,493	65,699	67,000	3,200E-1
1006,493	65,699	67,000	3,200E-1
1008,658	65,689	67,000	3,200E-1
1008,658	65,689	67,000	3,200E-1
1010,827	65,689	67,000	3,200E-1
1010,827	65,689	67,000	3,200E-1
1012,997	65,646	67,000	3,200E-1
1012,997	65,646	67,000	3,200E-1
1012,997	65,646	67,000	3,200E-1
1015,164	65,631	67,000	3,200E-1
1015,164	65,631	67,000	3,200E-1
1017,331	65,653	67,000	3,200E-1
1017,331	65,653	67,000	3,200E-1
1019,498	65,589	67,000	3,200E-1
1019,498	65,589	67,000	3,200E-1
1021,665	65,629	67,000	3,200E-1
1021,665	65,629	67,000	3,200E-1
1023,832	65,652	67,000	3,200E-1
1023,832	65,652	67,000	3,200E-1
1025,999	65,601	67,000	3,200E-1
1025,999	65,601	67,000	3,200E-1
1025,999	65,601	67,000	3,200E-1
1028,166	65,596	67,000	3,200E-1
1028,166	65,596	67,000	3,200E-1
1030,331	65,584	67,000	3,200E-1
1030,331	65,584	67,000	3,200E-1
1032,498	65,572	67,000	3,200E-1
1032,498	65,572	67,000	3,200E-1
1034,665	65,627	67,000	3,200E-1
1034,665	65,627	67,000	3,200E-1
1036,832	65,599	67,000	3,200E-1
1036,832	65,599	67,000	3,200E-1
1038,997	65,594	67,000	3,200E-1
1038,997	65,594	67,000	3,200E-1
1038,997	65,594	67,000	3,200E-1
1041,164	65,594	67,000	3,200E-1
1041,164	65,594	67,000	3,200E-1
1043,329	65,596	67,000	3,200E-1
1043,329	65,596	67,000	3,200E-1
1045,496	65,604	67,000	3,200E-1
1045,496	65,604	67,000	3,200E-1
1047,661	65,589	67,000	3,200E-1
1047,661	65,589	67,000	3,200E-1
1049,828	65,582	67,000	3,200E-1
1049,828	65,582	67,000	3,200E-1
1051,996	65,559	67,000	3,200E-1
1051,996	65,559	67,000	3,200E-1
1051,996	65,559	67,000	3,200E-1
1054,163	65,559	67,000	3,200E-1
1054,163	65,559	67,000	3,200E-1
1056,330	65,584	67,000	3,200E-1
1056,330	65,584	67,000	3,200E-1
1058,499	65,572	67,000	3,200E-1
1058,499	65,572	67,000	3,200E-1
1060,664	65,594	67,000	3,200E-1
1060,664	65,594	67,000	3,200E-1
1062,831	65,564	67,000	3,200E-1
1062,831	65,564	67,000	3,200E-1
1064,996	65,604	67,000	3,200E-1
1064,996	65,604	67,000	3,200E-1
1064,996	65,604	67,000	3,200E-1
1067,163	65,611	67,000	3,200E-1
1067,163	65,611	67,000	3,200E-1
1069,328	65,623	67,000	3,200E-1
1069,328	65,623	67,000	3,200E-1
1071,495	65,590	67,000	3,200E-1
1071,495	65,590	67,000	3,200E-1
1073,660	65,559	67,000	3,200E-1
1073,660	65,559	67,000	3,200E-1
1075,827	65,564	67,000	3,200E-1
1075,827	65,564	67,000	3,200E-1
1077,993	65,579	67,000	3,200E-1
1077,993	65,579	67,000	3,200E-1
1077,993	65,579	67,000	3,200E-1
1080,158	65,547	67,000	3,200E-1
1080,158	65,547	67,000	3,200E-1
1082,325	65,569	67,000	3,200E-1
1082,325	65,569	67,000	3,200E-1
1084,494	65,540	67,000	3,200E-1
1084,494	65,540	67,000	3,200E-1
1086,661	65,550	67,000	3,200E-1
1086,661	65,550	67,000	3,200E-1
1088,826	65,552	67,000	3,200E-1
1088,826	65,552	67,000	3,200E-1
1090,993	65,535	67,000	3,200E-1
1090,993	65,535	67,000	3,200E-1
1090,993	65,535	67,000	3,200E-1
1093,162	65,545	67,000	3,200E-1
1093,162	65,545	67,000	3,200E-1
1095,329	65,523	67,000	3,200E-1
1095,329	65,523	67,000	3,200E-1
1097,498	65,528	67,000	3,200E-1
1097,498	65,528	67,000	3,200E-1
1099,665	65,562	67,000	3,200E-1
1099,665	65,562	67,000	3,200E-1
1101,832	65,537	67,000	3,200E-1
1101,832	65,537	67,000	3,200E-1
1103,997	65,510	67,000	3,200E-1
1103,997	65,510	68,000	3,200E-1
1103,997	65,510	68,000	3,200E-1
1106,164	65,488	68,000	3,200E-1
1106,164	65,488	68,000	3,200E-1
1108,327	65,471	68,000	3,200E-1
1108,327	65,471	68,000	3,200E-1
1110,495	65,456	68,000	3,200E-1
1110,495	65,456	68,000	3,200E-1
1112,658	65,445	68,000	3,200E-1
1112,658	65,445	68,000	3,200E-1
1114,827	65,479	68,000	3,200E-1
1114,827	65,479	68,000	3,200E-1
1116,992	65,456	68,000	3,200E-1
1116,992	65,456	68,000	3,200E-1
1119,155	65,509	68,000	3,200E-1
1119,155	65,509	68,000	3,200E-1
1119,155	65,509	68,000	3,200E-1
1121,322	65,541	68,000	3,200E-1
1121,322	65,541	68,000	3,200E-1
1123,489	65,524	68,000	3,200E-1
1123,489	65,524	68,000	3,200E-1
1125,658	65,513	68,000	3,200E-1
1125,658	65,513	68,000	3,200E-1
1127,823	65,466	68,000	3,200E-1
1127,823	65,466	68,000	3,200E-1
1129,992	65,471	68,000	3,200E-1
1129,992	65,471	68,000	3,200E-1
1132,160	65,454	68,000	3,200E-1
1132,160	65,454	68,000	3,200E-1
1132,160	65,454	68,000	3,200E-1
1134,327	65,454	68,000	3,200E-1
1134,327	65,454	68,000	3,200E-1
1136,492	65,432	68,000	3,200E-1
1136,492	65,432	68,000	3,200E-1
1138,661	65,434	68,000	3,200E-1
1138,661	65,434	68,000	3,200E-1
1140,828	65,417	68,000	3,200E-1
1140,828	65,417	68,000	3,200E-1
1142,995	65,459	68,000	3,200E-1
1142,995	65,459	68,000	3,200E-1
1145,160	65,424	68,000	3,200E-1
1145,160	65,424	68,000	3,200E-1
1145,160	65,424	68,000	3,200E-1
1147,327	65,439	68,000	3,200E-1
1147,327	65,439	68,000	3,200E-1
1149,490	65,390	68,000	3,200E-1
1149,490	65,390	68,000	3,200E-1
1151,655	65,439	68,000	3,200E-1
1151,655	65,439	68,000	3,200E-1
1153,820	65,461	68,000	3,200E-1
1153,820	65,461	68,000	3,200E-1
1155,987	65,449	68,000	3,200E-1
1155,987	65,449	68,000	3,200E-1
1158,154	65,419	68,000	3,200E-1
1158,154	65,419	68,000	3,200E-1
1158,154	65,419	68,000	3,200E-1
1160,319	65,428	68,000	3,200E-1
1160,319	65,428	68,000	3,200E-1
1162,484	65,408	68,000	3,200E-1
1162,484	65,408	68,000	3,200E-1
1164,649	65,347	68,000	3,200E-1
1164,649	65,347	68,000	3,200E-1
1166,816	65,428	68,000	3,200E-1
1166,816	65,428	68,000	3,200E-1
1168,985	65,428	68,000	3,200E-1
1168,985	65,428	68,000	3,200E-1
1171,152	65,470	68,000	3,200E-1
1171,152	65,470	68,000	3,200E-1
1171,152	65,470	68,000	3,200E-1
1173,319	65,416	68,000	3,200E-1
1173,319	65,416	68,000	3,200E-1
1175,489	65,435	68,000	3,200E-1
1175,489	65,435	68,000	3,200E-1
1177,653	65,352	68,000	3,200E-1
1177,653	65,352	68,000	3,200E-1
1179,895	65,449	68,000	3,200E-1
1179,895	65,449	68,000	3,200E-1
1182,132	65,437	68,000	3,200E-1
1182,132	65,437	68,000	3,200E-1
1182,132	65,437	68,000	3,200E-1
1184,375	65,471	68,000	3,200E-1
1184,375	65,471	68,000	3,200E-1
1186,612	65,422	68,000	3,200E-1
1186,612	65,422	68,000	3,200E-1
1188,853	65,444	68,000	3,200E-1
1188,853	65,444	68,000	3,200E-1
1191,096	65,423	68,000	3,200E-1
1191,096	65,423	68,000	3,200E-1
1191,096	65,423	68,000	3,200E-1
1193,337	65,412	68,000	3,200E-1
1193,337	65,412	68,000	3,200E-1
1195,579	65,400	68,000	3,200E-1
1195,579	65,400	68,000	3,200E-1
1197,818	65,371	68,000	3,200E-1
1197,818	65,371	68,000	3,200E-1
1200,059	65,405	68,000	3,200E-1
1200,059	65,405	68,000	3,200E-1
1200,059	65,405	68,000	3,200E-1
1202,300	65,362	68,000	3,200E-1
1202,300	65,362	68,000	3,200E-1
1204,539	65,361	68,000	3,200E-1
1204,539	65,361	68,000	3,200E-1
1206,778	65,383	68,000	3,200E-1
1206,778	65,383	68,000	3,200E-1
1209,020	65,395	68,000	3,200E-1
1209,020	65,395	68,000	3,200E-1
1209,020	65,395	68,000	3,200E-1
1211,259	65,436	68,000	3,200E-1
1211,259	65,436	68,000	3,200E-1
1213,502	65,412	68,000	3,200E-1
1213,502	65,412	68,000	3,200E-1
1215,743	65,427	68,000	3,200E-1
1215,743	65,427	68,000	3,200E-1
1217,988	65,491	68,000	3,200E-1
1217,988	65,491	68,000	3,200E-1
1217,988	65,491	68,000	3,200E-1
1220,227	65,445	68,000	3,200E-1
1220,227	65,445	68,000	3,200E-1
1222,467	65,420	68,000	3,200E-1
1222,467	65,420	68,000	3,200E-1
1224,705	65,433	68,000	3,200E-1
1224,705	65,433	68,000	3,200E-1
1226,947	65,435	68,000	3,200E-1
1226,947	65,435	68,000	3,200E-1
1229,186	65,459	68,000	3,200E-1
1229,186	65,459	68,000	3,200E-1
1229,186	65,459	68,000	3,200E-1
1231,429	65,429	68,000	3,200E-1
1231,429	65,429	68,000	3,200E-1
1233,668	65,470	68,000	3,200E-1
1233,668	65,470	68,000	3,200E-1
1235,909	65,478	68,000	3,200E-1
1235,909	65,478	68,000	3,200E-1
1238,150	65,430	68,000	3,200E-1
1238,150	65,430	68,000	3,200E-1
1238,150	65,430	68,000	3,200E-1
1240,392	65,408	68,000	3,200E-1
1240,392	65,408	68,000	3,200E-1
1242,633	65,430	68,000	3,200E-1
1242,633	65,430	68,000	3,200E-1
1244,876	65,418	68,000	3,200E-1
1244,876	65,418	68,000	3,200E-1
1247,117	65,416	68,000	3,200E-1
1247,117	65,416	68,000	3,200E-1
1247,117	65,416	68,000	3,200E-1
1249,358	65,418	68,000	3,200E-1
1249,358	65,418	68,000	3,200E-1
1251,600	65,404	68,000	3,200E-1
1251,600	65,404	68,000	3,200E-1
1253,837	65,423	68,000	3,200E-1
1253,837	65,423	68,000	3,200E-1
1256,080	65,393	68,000	3,200E-1
1256,080	65,393	68,000	3,200E-1
1256,080	65,393	68,000	3,200E-1
1258,321	65,406	68,000	3,200E-1
1258,321	65,406	68,000	3,200E-1
1260,560	65,413	68,000	3,200E-1
1260,560	65,413	68,000	3,200E-1
1262,799	65,445	68,000	3,200E-1
1262,799	65,445	68,000	3,200E-1
1265,038	65,421	68,000	3,200E-1
1265,038	65,421	68,000	3,200E-1
1265,038	65,421	68,000	3,200E-1
1267,279	65,431	68,000	3,200E-1
1267,279	65,431	68,000	3,200E-1
1269,519	65,450	68,000	3,200E-1
1269,519	65,450	68,000	3,200E-1
1271,758	65,465	68,000	3,200E-1
1271,758	65,465	68,000	3,200E-1
1274,001	65,423	68,000	3,200E-1
1274,001	65,423	68,000	3,200E-1
1274,001	65,423	68,000	3,200E-1
1276,240	65,453	68,000	3,200E-1
1276,240	65,453	68,000	3,200E-1
1278,481	65,418	68,000	3,200E-1
1278,481	65,418	68,000	3,200E-1
1280,718	65,409	68,000	3,200E-1
1280,718	65,409	68,000	3,200E-1
1282,960	65,438	68,000	3,200E-1
1282,960	65,438	68,000	3,200E-1
1285,199	65,415	68,000	3,200E-1
1285,199	65,415	68,000	3,200E-1
1285,199	65,415	68,000	3,200E-1
1287,438	65,406	68,000	3,200E-1
1287,438	65,406	68,000	3,200E-1
1289,679	65,447	68,000	3,200E-1
1289,679	65,447	68,000	3,200E-1
1291,918	65,452	68,000	3,200E-1
1291,918	65,452	68,000	3,200E-1
1294,155	65,425	68,000	3,200E-1
1294,155	65,425	68,000	3,200E-1
1294,155	65,425	68,000	3,200E-1
1296,394	65,435	68,000	3,200E-1
1296,394	65,435	68,000	3,200E-1
1298,638	65,450	68,000	3,200E-1
1298,638	65,450	68,000	3,200E-1
1300,877	65,404	68,000	3,200E-1
1300,877	65,404	68,000	3,200E-1
1303,118	65,435	68,000	3,200E-1
1303,118	65,435	68,000	3,200E-1
1303,118	65,435	68,000	3,200E-1
1305,357	65,406	68,000	3,200E-1
1305,357	65,406	68,000	3,200E-1
1307,598	65,430	68,000	3,200E-1
1307,598	65,430	68,000	3,200E-1
1309,841	65,454	68,000	3,200E-1
1309,841	65,454	68,000	3,200E-1
1312,083	65,448	68,000	3,200E-1
1312,083	65,448	68,000	3,200E-1
1312,083	65,448	68,000	3,200E-1
1314,324	65,446	68,000	3,200E-1
1314,324	65,446	68,000	3,200E-1
1316,565	65,446	68,000	3,200E-1
1316,565	65,446	68,000	3,200E-1
1318,808	65,426	68,000	3,200E-1
1318,808	65,426	68,000	3,200E-1
1321,051	65,470	68,000	3,200E-1
1321,051	65,470	68,000	3,200E-1
1321,051	65,470	68,000	3,200E-1
1323,292	65,467	68,000	3,200E-1
1323,292	65,467	68,000	3,200E-1
1325,536	65,438	68,000	3,200E-1
1325,536	65,438	68,000	3,200E-1
1327,775	65,480	68,000	3,200E-1
1327,775	65,480	68,000	3,200E-1
1330,016	65,458	68,000	3,200E-1
1330,016	65,458	68,000	3,200E-1
1330,016	65,458	68,000	3,200E-1
1332,257	65,482	68,000	3,200E-1
1332,257	65,482	68,000	3,200E-1
1334,498	65,463	68,000	3,200E-1
1334,498	65,463	68,000	3,200E-1
1336,737	65,480	68,000	3,200E-1
1336,737	65,480	68,000	3,200E-1
1338,979	65,500	68,000	3,200E-1
1338,979	65,500	68,000	3,200E-1
1341,216	65,482	68,000	3,200E-1
1341,216	65,482	68,000	3,200E-1
1341,216	65,482	68,000	3,200E-1
1343,453	65,465	68,000	3,200E-1
1343,453	65,465	68,000	3,200E-1
1345,696	65,500	68,000	3,200E-1
1345,696	65,500	68,000	3,200E-1
1347,937	65,473	68,000	3,200E-1
1347,937	65,473	68,000	3,200E-1
1350,180	65,465	68,000	3,200E-1
1350,180	65,465	68,000	3,200E-1
1350,180	65,465	68,000	3,200E-1
1352,422	65,495	68,000	3,200E-1
1352,422	65,495	68,000	3,200E-1
1354,665	65,490	68,000	3,200E-1
1354,665	65,490	68,000	3,200E-1
1356,902	65,539	68,000	3,200E-1
1356,902	65,539	68,000	3,200E-1
1359,143	65,500	68,000	3,200E-1
1359,143	65,500	68,000	3,200E-1
1359,143	65,500	68,000	3,200E-1
1361,386	65,519	68,000	3,200E-1
1361,386	65,519	68,000	3,200E-1
1363,625	65,502	68,000	3,200E-1
1363,625	65,502	68,000	3,200E-1
1365,867	65,544	68,000	3,200E-1
1365,867	65,544	68,000	3,200E-1
1368,106	65,497	68,000	3,200E-1
1368,106	65,497	68,000	3,200E-1
1368,106	65,497	68,000	3,200E-1
1370,347	65,516	68,000	3,200E-1
1370,347	65,516	68,000	3,200E-1
1372,588	65,554	68,000	3,200E-1
1372,588	65,554	68,000	3,200E-1
1374,829	65,585	68,000	3,200E-1
1374,829	65,585	68,000	3,200E-1
1377,069	65,556	68,000	3,200E-1
1377,069	65,556	68,000	3,200E-1
1377,069	65,556	68,000	3,200E-1
1379,309	65,556	68,000	3,200E-1
1379,309	65,556	68,000	3,200E-1
1381,553	65,573	68,000	3,200E-1
1381,553	65,573	68,000	3,200E-1
1383,794	65,602	68,000	3,200E-1
1383,794	65,602	68,000	3,200E-1
1386,035	65,570	68,000	3,200E-1
1386,035	65,570	68,000	3,200E-1
1386,035	65,570	68,000	3,200E-1
1388,276	65,587	68,000	3,200E-1
1388,276	65,587	68,000	3,200E-1
1390,517	65,600	68,000	3,200E-1
1390,517	65,600	68,000	3,200E-1
1392,759	65,593	68,000	3,200E-1
1392,759	65,593	68,000	3,200E-1
1395,000	65,576	68,000	3,200E-1
1395,000	65,576	68,000	3,200E-1
1395,000	65,576	68,000	3,200E-1
1397,239	65,607	68,000	3,200E-1
1397,239	65,607	68,000	3,200E-1
1399,478	65,644	68,000	3,200E-1
1399,478	65,644	68,000	3,200E-1
1401,719	65,659	68,000	3,200E-1
1401,719	65,659	68,000	3,200E-1
1403,960	65,607	68,000	3,200E-1
1403,960	65,607	68,000	3,200E-1
1406,204	65,593	68,000	3,200E-1
1406,204	65,593	68,000	3,200E-1
1406,204	65,593	68,000	3,200E-1
1408,443	65,608	68,000	3,200E-1
1408,443	65,608	68,000	3,200E-1
1410,686	65,564	68,000	3,200E-1
1410,686	65,564	68,000	3,200E-1
1412,925	65,618	68,000	3,200E-1
1412,925	65,618	68,000	3,200E-1
1415,166	65,640	68,000	3,200E-1
1415,166	65,640	68,000	3,200E-1
1415,166	65,640	68,000	3,200E-1
1417,405	65,649	68,000	3,200E-1
1417,405	65,649	68,000	3,200E-1
1419,648	65,630	68,000	3,200E-1
1419,648	65,630	68,000	3,200E-1
1421,889	65,634	68,000	3,200E-1
1421,889	65,634	68,000	3,200E-1
1424,129	65,659	68,000	3,200E-1
1424,129	65,659	68,000	3,200E-1
1424,129	65,659	68,000	3,200E-1
1426,372	65,652	68,000	3,200E-1
1426,372	65,652	68,000	3,200E-1
1428,611	65,676	68,000	3,200E-1
1428,611	65,676	68,000	3,200E-1
1430,926	65,691	68,000	3,200E-1
1430,926	65,691	68,000	3,200E-1
1433,244	65,684	68,000	3,200E-1
1433,244	65,684	68,000	3,200E-1
1433,244	65,684	68,000	3,200E-1
1435,561	65,669	68,000	3,200E-1
1435,561	65,669	68,000	3,200E-1
1437,876	65,632	68,000	3,200E-1
1437,876	65,632	68,000	3,200E-1
1440,189	65,666	68,000	3,200E-1
1440,189	65,666	68,000	3,200E-1
1440,189	65,666	68,000	3,200E-1
1442,507	65,647	68,000	3,200E-1
1442,507	65,647	68,000	3,200E-1
1444,820	65,660	68,000	3,200E-1
1444,820	65,660	68,000	3,200E-1
1447,135	65,686	68,000	3,200E-1
1447,135	65,686	68,000	3,200E-1
1447,135	65,686	68,000	3,200E-1
1449,450	65,683	68,000	3,200E-1
1449,450	65,683	68,000	3,200E-1
1451,766	65,634	68,000	3,200E-1
1451,766	65,634	68,000	3,200E-1
1454,079	65,698	68,000	3,200E-1
1454,079	65,698	68,000	3,200E-1
1454,079	65,698	68,000	3,200E-1
1456,396	65,686	68,000	3,200E-1
1456,396	65,686	68,000	3,200E-1
1458,713	65,698	68,000	3,200E-1
1458,713	65,698	68,000	3,200E-1
1461,027	65,679	68,000	3,200E-1
1461,027	65,679	68,000	3,200E-1
1461,027	65,679	68,000	3,200E-1
1463,342	65,689	68,000	3,200E-1
1463,342	65,689	68,000	3,200E-1
1465,657	65,665	68,000	3,200E-1
1465,657	65,665	68,000	3,200E-1
1467,970	65,674	68,000	3,200E-1
1467,970	65,674	68,000	3,200E-1
1467,970	65,674	68,000	3,200E-1
1470,285	65,713	68,000	3,200E-1
1470,285	65,713	68,000	3,200E-1
1472,599	65,736	68,000	3,200E-1
1472,599	65,736	68,000	3,200E-1
1474,916	65,709	68,000	3,200E-1
1474,916	65,709	68,000	3,200E-1
1477,231	65,701	68,000	3,200E-1
1477,231	65,701	68,000	3,200E-1
1477,231	65,701	68,000	3,200E-1
1479,545	65,718	68,000	3,200E-1
1479,545	65,718	68,000	3,200E-1
1481,862	65,726	68,000	3,200E-1
1481,862	65,726	68,000	3,200E-1
1484,177	65,721	68,000	3,200E-1
1484,177	65,721	68,000	3,200E-1
1484,177	65,721	68,000	3,200E-1
1486,492	65,747	68,000	3,200E-1
1486,492	65,747	68,000	3,200E-1
1488,808	65,755	68,000	3,200E-1
1488,808	65,755	68,000	3,200E-1
1491,123	65,800	68,000	3,200E-1
1491,123	65,800	68,000	3,200E-1
1491,123	65,800	68,000	3,200E-1
1493,440	65,760	68,000	3,200E-1
1493,440	65,760	68,000	3,200E-1
1495,755	65,783	68,000	3,200E-1
1495,755	65,783	68,000	3,200E-1
1498,071	65,772	68,000	3,200E-1
1498,071	65,772	68,000	3,200E-1
1498,071	65,772	68,000	3,200E-1
1500,386	65,777	68,000	3,200E-1
1500,386	65,777	68,000	3,200E-1
1502,695	65,790	68,000	3,200E-1
1502,695	65,790	68,000	3,200E-1
1505,013	65,790	68,000	3,200E-1
1505,013	65,790	68,000	3,200E-1
1505,013	65,790	68,000	3,200E-1
1507,328	65,756	68,000	3,200E-1
1507,328	65,756	68,000	3,200E-1
1509,641	65,807	68,000	3,200E-1
1509,641	65,807	68,000	3,200E-1
1511,956	65,819	68,000	3,200E-1
1511,956	65,819	68,000	3,200E-1
1514,270	65,856	68,000	3,200E-1
1514,270	65,856	68,000	3,200E-1
1514,270	65,856	68,000	3,200E-1
1516,583	65,824	68,000	3,200E-1
1516,583	65,824	68,000	3,200E-1
1518,900	65,839	68,000	3,200E-1
1518,900	65,839	68,000	3,200E-1
1521,209	65,842	68,000	3,200E-1
1521,209	65,842	68,000	3,200E-1
1521,209	65,842	68,000	3,200E-1
1523,525	65,797	68,000	3,200E-1
1523,525	65,797	68,000	3,200E-1
1525,840	65,847	68,000	3,200E-1
1525,840	65,847	68,000	3,200E-1
1528,155	65,851	68,000	3,200E-1
1528,155	65,851	68,000	3,200E-1
1528,155	65,851	68,000	3,200E-1
1530,471	65,866	68,000	3,200E-1
1530,471	65,866	68,000	3,200E-1
1532,858	65,881	68,000	3,200E-1
1532,858	65,881	68,000	3,200E-1
1535,247	65,834	68,000	3,200E-1
1535,247	65,834	68,000	3,200E-1
1535,247	65,834	68,000	3,200E-1
1537,635	65,851	68,000	3,200E-1
1537,635	65,851	68,000	3,200E-1
1540,024	65,886	68,000	3,200E-1
1540,024	65,886	68,000	3,200E-1
1540,024	65,886	68,000	3,200E-1
1542,413	65,903	68,000	3,200E-1
1542,413	65,903	68,000	3,200E-1
1544,802	65,886	68,000	3,200E-1
1544,802	65,886	68,000	3,200E-1
1547,194	65,898	68,000	3,200E-1
1547,194	65,898	68,000	3,200E-1
1547,194	65,898	68,000	3,200E-1
1549,583	65,915	68,000	3,200E-1
1549,583	65,915	68,000	3,200E-1
1551,973	65,937	68,000	3,200E-1
1551,973	65,937	68,000	3,200E-1
1551,973	65,937	68,000	3,200E-1
1554,362	65,957	68,000	3,200E-1
1554,362	65,957	68,000	3,200E-1
1556,749	65,979	68,000	3,200E-1
1556,749	65,979	68,000	3,200E-1
1559,139	65,994	68,000	3,200E-1
1559,139	65,994	68,000	3,200E-1
1559,139	65,994	68,000	3,200E-1
1561,528	65,932	68,000	3,200E-1
1561,528	65,932	68,000	3,200E-1
1563,919	65,986	68,000	3,200E-1
1563,919	65,986	68,000	3,200E-1
1563,919	65,986	68,000	3,200E-1
1566,307	65,956	68,000	3,200E-1
1566,307	65,956	68,000	3,200E-1
1568,696	65,959	68,000	3,200E-1
1568,696	65,959	68,000	3,200E-1
1571,083	65,949	68,000	3,200E-1
1571,083	65,949	68,000	3,200E-1
1571,083	65,949	68,000	3,200E-1
1573,473	65,969	68,000	3,200E-1
1573,473	65,969	68,000	3,200E-1
1575,862	65,984	68,000	3,200E-1
1575,862	65,984	68,000	3,200E-1
1578,251	66,033	68,000	3,200E-1
1578,251	66,033	68,000	3,200E-1
1578,251	66,033	68,000	3,200E-1
1580,639	65,984	68,000	3,200E-1
1580,639	65,984	68,000	3,200E-1
1583,028	65,986	68,000	3,200E-1
1583,028	65,986	68,000	3,200E-1
1583,028	65,986	68,000	3,200E-1
1585,413	65,999	68,000	3,200E-1
1585,413	65,999	68,000	3,200E-1
1587,801	66,017	68,000	3,200E-1
1587,801	66,017	68,000	3,200E-1
1590,190	66,023	68,000	3,200E-1
1590,190	66,023	68,000	3,200E-1
1590,190	66,023	68,000	3,200E-1
1592,579	66,025	68,000	3,200E-1
1592,579	66,025	68,000	3,200E-1
1594,969	66,026	68,000	3,200E-1
1594,969	66,026	68,000	3,200E-1
1594,969	66,026	68,000	3,200E-1
1597,356	66,075	68,000	3,200E-1
1597,356	66,075	68,000	3,200E-1
1599,748	66,045	68,000	3,200E-1
1599,748	66,045	68,000	3,200E-1
1602,135	66,092	68,000	3,200E-1
1602,135	66,092	68,000	3,200E-1
1602,135	66,092	68,000	3,200E-1
1604,526	66,082	68,000	3,200E-1
1604,526	66,082	68,000	3,200E-1
1606,916	66,114	68,000	3,200E-1
1606,916	66,114	68,000	3,200E-1
1606,916	66,114	68,000	3,200E-1
1609,379	66,077	68,000	3,200E-1
1609,379	66,077	68,000	3,200E-1
1611,841	66,117	68,000	3,200E-1
1611,841	66,117	68,000	3,200E-1
1614,304	66,091	68,000	3,200E-1
1614,304	66,091	68,000	3,200E-1
1614,304	66,091	68,000	3,200E-1
1616,768	66,106	68,000	3,200E-1
1616,768	66,106	68,000	3,200E-1
1619,231	66,094	68,000	3,200E-1
1619,231	66,094	68,000	3,200E-1
1619,231	66,094	68,000	3,200E-1
1621,692	66,101	68,000	3,200E-1
1621,692	66,101	68,000	3,200E-1
1624,154	66,163	68,000	3,200E-1
1624,154	66,163	68,000	3,200E-1
1624,154	66,163	68,000	3,200E-1
1626,619	66,197	68,000	3,200E-1
1626,619	66,197	68,000	3,200E-1
1629,083	66,246	68,000	3,200E-1
1629,083	66,246	68,000	3,200E-1
1629,083	66,246	68,000	3,200E-1
1631,548	66,224	68,000	3,200E-1
1631,548	66,224	68,000	3,200E-1
1634,014	66,162	68,000	3,200E-1
1634,014	66,207	68,000	3,200E-1
1634,014	66,207	68,000	3,200E-1
1636,439	66,207	68,000	3,200E-1
1636,439	66,207	68,000	3,200E-1
1638,913	66,171	68,000	3,200E-1
1638,913	66,171	68,000	3,200E-1
1638,913	66,171	68,000	3,200E-1
1641,374	66,210	68,000	3,200E-1
1641,374	66,210	68,000	3,200E-1
1643,838	66,205	68,000	3,200E-1
1643,838	66,205	68,000	3,200E-1
1646,299	66,161	68,000	3,200E-1
1646,299	66,161	68,000	3,200E-1
1646,299	66,161	68,000	3,200E-1
1648,763	66,161	68,000	3,200E-1
1648,763	66,161	68,000	3,200E-1
1651,226	66,175	68,000	3,200E-1
1651,226	66,175	68,000	3,200E-1
1651,226	66,175	68,000	3,200E-1
1653,690	66,207	68,000	3,200E-1
1653,690	66,207	68,000	3,200E-1
1656,151	66,204	68,000	3,200E-1
1656,151	66,204	68,000	3,200E-1
1656,151	66,204	68,000	3,200E-1
1658,614	66,221	68,000	3,200E-1
1658,614	66,221	68,000	3,200E-1
1661,078	66,192	68,000	3,200E-1
1661,078	66,192	68,000	3,200E-1
1661,078	66,192	68,000	3,200E-1
1663,541	66,239	68,000	3,200E-1
1663,541	66,239	68,000	3,200E-1
1666,005	66,221	68,000	3,200E-1
1666,005	66,221	68,000	3,200E-1
1666,005	66,221	68,000	3,200E-1
1668,468	66,261	68,000	3,200E-1
1668,468	66,261	68,000	3,200E-1
1670,932	66,295	68,000	3,200E-1
1670,932	66,295	68,000	3,200E-1
1670,932	66,295	68,000	3,200E-1
1673,395	66,273	68,000	3,200E-1
1673,395	66,273	68,000	3,200E-1
1675,856	66,322	68,000	3,200E-1
1675,856	66,322	68,000	3,200E-1
1678,320	66,280	68,000	3,200E-1
1678,320	66,280	68,000	3,200E-1
1678,320	66,280	68,000	3,200E-1
1680,783	66,239	68,000	3,200E-1
1680,783	66,239	68,000	3,200E-1
1683,247	66,293	68,000	3,200E-1
1683,247	66,293	68,000	3,200E-1
1683,247	66,293	68,000	3,200E-1
1685,710	66,278	68,000	3,200E-1
1685,710	66,278	68,000	3,200E-1
1688,171	66,303	68,000	3,200E-1
1688,171	66,303	68,000	3,200E-1
1688,171	66,303	68,000	3,200E-1
1690,635	66,337	68,000	3,200E-1
1690,635	66,337	68,000	3,200E-1
1693,098	66,333	68,000	3,200E-1
1693,098	66,333	68,000	3,200E-1
1693,098	66,333	68,000	3,200E-1
1695,560	66,323	68,000	3,200E-1
1695,560	66,323	68,000	3,200E-1
1698,023	66,274	68,000	3,200E-1
1698,023	66,274	68,000	3,200E-1
1698,023	66,274	68,000	3,200E-1
1700,486	66,259	68,000	3,200E-1
1700,486	66,259	68,000	3,200E-1
1702,952	66,257	68,000	3,200E-1
1702,952	66,257	68,000	3,200E-1
1702,952	66,257	68,000	3,200E-1
1705,411	66,294	68,000	3,200E-1
1705,411	66,294	68,000	3,200E-1
1707,875	66,340	68,000	3,200E-1
1707,875	66,340	68,000	3,200E-1
1707,875	66,340	68,000	3,200E-1
1710,336	66,370	68,000	3,200E-1
1710,336	66,370	68,000	3,200E-1
1712,800	66,377	68,000	3,200E-1
1712,800	66,377	68,000	3,200E-1
1715,263	66,348	68,000	3,200E-1
1715,263	66,348	68,000	3,200E-1
1715,263	66,348	68,000	3,200E-1
1717,726	66,338	68,000	3,200E-1
1717,726	66,338	68,000	3,200E-1
1720,190	66,303	68,000	3,200E-1
1720,190	66,303	68,000	3,200E-1
1720,190	66,303	68,000	3,200E-1
1722,653	66,303	68,000	3,200E-1
1722,653	66,303	68,000	3,200E-1
1725,117	66,321	68,000	3,200E-1
1725,117	66,321	68,000	3,200E-1
1725,117	66,321	68,000	3,200E-1
1727,578	66,331	68,000	3,200E-1
1727,578	66,331	68,000	3,200E-1
1730,039	66,367	68,000	3,200E-1
1730,039	66,367	68,000	3,200E-1
1730,039	66,367	68,000	3,200E-1
1732,505	66,392	68,000	3,200E-1
1732,505	66,392	68,000	3,200E-1
1734,966	66,381	68,000	3,200E-1
1734,966	66,381	68,000	3,200E-1
1734,966	66,381	68,000	3,200E-1
1737,429	66,409	68,000	3,200E-1
1737,429	66,409	68,000	3,200E-1
1739,893	66,390	68,000	3,200E-1
1739,893	66,390	68,000	3,200E-1
1739,893	66,390	68,000	3,200E-1
1742,356	66,375	68,000	3,200E-1
1742,356	66,375	68,000	3,200E-1
1744,818	66,402	68,000	3,200E-1
1744,818	66,402	68,000	3,200E-1
1747,281	66,375	68,000	3,200E-1
1747,281	66,375	68,000	3,200E-1
1747,281	66,375	68,000	3,200E-1
1749,743	66,374	68,000	3,200E-1
1749,743	66,374	68,000	3,200E-1
1752,206	66,430	68,000	3,200E-1
1752,206	66,430	68,000	3,200E-1
1752,206	66,430	68,000	3,200E-1
1754,671	66,413	68,000	3,200E-1
1754,671	66,413	68,000	3,200E-1
1757,135	66,453	68,000	3,200E-1
1757,135	66,453	68,000	3,200E-1
1757,135	66,453	68,000	3,200E-1
1759,598	66,478	68,000	3,200E-1
1759,598	66,478	68,000	3,200E-1
1762,060	66,513	68,000	3,200E-1
1762,060	66,513	68,000	3,200E-1
1762,060	66,513	68,000	3,200E-1
1764,523	66,500	68,000	3,200E-1
1764,523	66,500	68,000	3,200E-1
1766,987	66,481	68,000	3,200E-1
1766,987	66,481	68,000	3,200E-1
1766,987	66,481	68,000	3,200E-1
1769,520	66,493	68,000	3,200E-1
1769,520	66,493	68,000	3,200E-1
1771,984	66,507	68,000	3,200E-1
1771,984	66,507	68,000	3,200E-1
1771,984	66,507	68,000	3,200E-1
1774,521	66,529	68,000	3,200E-1
1774,521	66,529	68,000	3,200E-1
1777,059	66,456	68,000	3,200E-1
1777,059	66,456	68,000	3,200E-1
1777,059	66,456	68,000	3,200E-1
1779,596	66,512	68,000	3,200E-1
1779,596	66,512	68,000	3,200E-1
1782,134	66,536	68,000	3,200E-1
1782,134	66,536	68,000	3,200E-1
1782,134	66,536	68,000	3,200E-1
1784,673	66,524	68,000	3,200E-1
1784,673	66,524	68,000	3,200E-1
1787,209	66,541	68,000	3,200E-1
1787,209	66,541	68,000	3,200E-1
1787,209	66,541	68,000	3,200E-1
1789,748	66,532	68,000	3,200E-1
1789,748	66,532	68,000	3,200E-1
1792,286	66,526	68,000	3,200E-1
1792,286	66,526	68,000	3,200E-1
1792,286	66,526	68,000	3,200E-1
1794,821	66,504	68,000	3,200E-1
1794,821	66,524	68,000	3,200E-1
1797,319	66,524	68,000	3,200E-1
1797,319	66,524	68,000	3,200E-1
1797,319	66,524	68,000	3,200E-1
1799,870	66,537	68,000	3,200E-1
1799,870	66,537	68,000	3,200E-1
1799,870	66,537	68,000	3,200E-1
1802,408	66,573	68,000	3,200E-1
1802,408	66,573	68,000	3,200E-1
1804,945	66,576	68,000	3,200E-1
1804,945	66,576	68,000	3,200E-1
1804,945	66,576	68,000	3,200E-1
1807,481	66,556	68,000	3,200E-1
1807,481	66,556	68,000	3,200E-1
1810,016	66,605	68,000	3,200E-1
1810,016	66,605	68,000	3,200E-1
1810,016	66,605	68,000	3,200E-1
1812,554	66,593	68,000	3,200E-1
1812,554	66,593	68,000	3,200E-1
1815,089	66,586	68,000	3,200E-1
1815,089	66,586	68,000	3,200E-1
1815,089	66,586	68,000	3,200E-1
1817,625	66,635	68,000	3,200E-1
1817,625	66,635	68,000	3,200E-1
1820,162	66,642	68,000	3,200E-1
1820,162	66,642	68,000	3,200E-1
1820,162	66,642	68,000	3,200E-1
1822,700	66,658	68,000	3,200E-1
1822,700	66,658	68,000	3,200E-1
1825,237	66,591	68,000	3,200E-1
1825,237	66,591	68,000	3,200E-1
1825,237	66,591	68,000	3,200E-1
1827,775	66,621	68,000	3,200E-1
1827,775	66,621	68,000	3,200E-1
1830,312	66,618	68,000	3,200E-1
1830,312	66,618	68,000	3,200E-1
1830,312	66,618	68,000	3,200E-1
1832,852	66,633	68,000	3,200E-1
1832,852	66,633	68,000	3,200E-1
1832,852	66,633	68,000	3,200E-1
1835,389	66,641	68,000	3,200E-1
1835,389	66,641	68,000	3,200E-1
1837,925	66,670	68,000	3,200E-1
1837,925	66,670	68,000	3,200E-1
1837,925	66,670	68,000	3,200E-1
1840,462	66,641	68,000	3,200E-1
1840,462	66,641	68,000	3,200E-1
1843,000	66,631	68,000	3,200E-1
1843,000	66,631	68,000	3,200E-1
1843,000	66,631	68,000	3,200E-1
1845,538	66,626	68,000	3,200E-1
1845,538	66,626	68,000	3,200E-1
1848,075	66,627	68,000	3,200E-1
1848,075	66,627	68,000	3,200E-1
1848,075	66,627	68,000	3,200E-1
1850,612	66,637	68,000	3,200E-1
1850,612	66,637	68,000	3,200E-1
1853,148	66,672	68,000	3,200E-1
1853,148	66,672	68,000	3,200E-1
1853,148	66,672	68,000	3,200E-1
1855,686	66,659	68,000	3,200E-1
1855,686	66,659	68,000	3,200E-1
1858,223	66,692	68,000	3,200E-1
1858,223	66,692	68,000	3,200E-1
1858,223	66,692	68,000	3,200E-1
1860,761	66,710	68,000	3,200E-1
1860,761	66,710	68,000	3,200E-1
1863,298	66,724	68,000	3,200E-1
1863,298	66,724	68,000	3,200E-1
1863,298	66,724	68,000	3,200E-1
1865,834	66,722	68,000	3,200E-1
1865,834	66,722	68,000	3,200E-1
1868,371	66,737	68,000	3,200E-1
1868,371	66,737	68,000	3,200E-1
1868,371	66,737	68,000	3,200E-1
1870,907	66,739	68,000	3,200E-1
1870,907	66,739	68,000	3,200E-1
1870,907	66,739	68,000	3,200E-1
1873,442	66,771	68,000	3,200E-1
1873,442	66,771	68,000	3,200E-1
1875,980	66,772	68,000	3,200E-1
1875,980	66,772	68,000	3,200E-1
1875,980	66,772	68,000	3,200E-1
1878,517	66,777	68,000	3,200E-1
1878,517	66,777	68,000	3,200E-1
1881,055	66,743	68,000	3,200E-1
1881,055	66,743	68,000	3,200E-1
1881,055	66,743	68,000	3,200E-1
1883,592	66,780	68,000	3,200E-1
1883,592	66,780	68,000	3,200E-1
1886,132	66,795	68,000	3,200E-1
1886,132	66,795	68,000	3,200E-1
1886,132	66,795	68,000	3,200E-1
1888,669	66,800	68,000	3,200E-1
1888,669	66,800	68,000	3,200E-1
1891,205	66,790	68,000	3,200E-1
1891,205	66,790	68,000	3,200E-1
1891,205	66,790	68,000	3,200E-1
1893,738	66,763	68,000	3,200E-1
1893,738	66,763	68,000	3,200E-1
1896,278	66,831	68,000	3,200E-1
1896,278	66,831	68,000	3,200E-1
1896,278	66,831	68,000	3,200E-1
1898,815	66,817	68,000	3,200E-1
1898,815	66,817	68,000	3,200E-1
1901,351	66,834	68,000	3,200E-1
1901,351	66,834	68,000	3,200E-1
1901,351	66,834	68,000	3,200E-1
1903,886	66,812	68,000	3,200E-1
1903,886	66,812	68,000	3,200E-1
1903,886	66,812	68,000	3,200E-1
1906,428	66,827	68,000	3,200E-1
1906,428	66,827	68,000	3,200E-1
1908,966	66,846	68,000	3,200E-1
1908,966	66,846	68,000	3,200E-1
1908,966	66,846	68,000	3,200E-1
1911,501	66,795	68,000	3,200E-1
1911,501	66,795	68,000	3,200E-1
1914,039	66,824	68,000	3,200E-1
1914,039	66,824	68,000	3,200E-1
1914,039	66,824	68,000	3,200E-1
1916,576	66,792	68,000	3,200E-1
1916,576	66,792	68,000	3,200E-1
1919,114	66,812	68,000	3,200E-1
1919,114	66,812	68,000	3,200E-1
1919,114	66,812	68,000	3,200E-1
1921,653	66,848	68,000	3,200E-1
1921,653	66,848	68,000	3,200E-1
1924,187	66,821	68,000	3,200E-1
1924,187	66,821	68,000	3,200E-1
1924,187	66,821	68,000	3,200E-1
1926,724	66,866	68,000	3,200E-1
1926,724	66,866	68,000	3,200E-1
1929,262	66,856	68,000	3,200E-1
1929,262	66,856	68,000	3,200E-1
1929,262	66,856	68,000	3,200E-1
1931,802	66,890	68,000	3,200E-1
1931,802	66,890	68,000	3,200E-1
1934,339	66,918	68,000	3,200E-1
1934,339	66,918	68,000	3,200E-1
1934,339	66,918	68,000	3,200E-1
1936,874	66,859	68,000	3,200E-1
1936,874	66,859	68,000	3,200E-1
1939,410	66,868	68,000	3,200E-1
1939,410	66,868	68,000	3,200E-1
1939,410	66,868	68,000	3,200E-1
1941,947	66,903	68,000	3,200E-1
1941,947	66,903	68,000	3,200E-1
1941,947	66,903	68,000	3,200E-1
1944,485	66,915	68,000	3,200E-1
1944,485	66,915	68,000	3,200E-1
1947,022	66,967	68,000	3,200E-1
1947,022	66,967	68,000	3,200E-1
1947,022	66,967	68,000	3,200E-1
1949,560	66,977	68,000	3,200E-1
1949,560	66,977	68,000	3,200E-1
1952,097	67,031	68,000	3,200E-1
1952,097	67,031	68,000	3,200E-1
1952,097	67,031	68,000	3,200E-1
1954,637	66,974	68,000	3,200E-1
1954,637	66,974	68,000	3,200E-1
1957,172	67,016	68,000	3,200E-1
1957,172	67,016	68,000	3,200E-1
1957,172	67,016	68,000	3,200E-1
1959,710	66,985	68,000	3,200E-1
1959,710	66,985	68,000	3,200E-1
1962,247	67,024	68,000	3,200E-1
1962,247	67,024	68,000	3,200E-1
1962,247	67,024	68,000	3,200E-1
1964,785	66,995	68,000	3,200E-1
1964,785	66,995	68,000	3,200E-1
1967,320	67,017	68,000	3,200E-1
1967,320	67,017	68,000	3,200E-1
1967,320	67,017	68,000	3,200E-1
1969,858	66,968	68,000	3,200E-1
1969,858	66,968	68,000	3,200E-1
1972,395	66,946	68,000	3,200E-1
1972,395	66,946	68,000	3,200E-1
1972,395	66,946	68,000	3,200E-1
1974,935	66,933	68,000	3,200E-1
1974,935	66,933	68,000	3,200E-1
1974,935	66,933	68,000	3,200E-1
1977,472	67,017	68,000	3,200E-1
1977,472	67,017	68,000	3,200E-1
1980,010	67,007	68,000	3,200E-1
1980,010	67,007	68,000	3,200E-1
1980,010	67,007	68,000	3,200E-1
1982,546	66,970	68,000	3,200E-1
1982,546	66,970	68,000	3,200E-1
1985,083	67,027	68,000	3,200E-1
1985,083	67,027	68,000	3,200E-1
1985,083	67,027	68,000	3,200E-1
1987,617	67,064	68,000	3,200E-1
1987,617	67,064	68,000	3,200E-1
1990,154	67,091	68,000	3,200E-1
1990,154	67,091	68,000	3,200E-1
1990,154	67,091	68,000	3,200E-1
1992,690	67,073	68,000	3,200E-1
1992,690	67,073	68,000	3,200E-1
1995,223	67,086	68,000	3,200E-1
1995,223	67,086	68,000	3,200E-1
1995,223	67,086	68,000	3,200E-1
1997,761	67,080	68,000	3,200E-1
1997,761	67,080	68,000	3,200E-1
2000,298	67,075	68,000	3,200E-1
2000,298	67,075	68,000	3,200E-1
2000,298	67,075	68,000	3,200E-1
2002,836	67,044	68,000	3,200E-1
2002,836	67,044	68,000	3,200E-1
2005,371	67,073	68,000	3,200E-1
2005,371	67,073	68,000	3,200E-1
2005,371	67,073	68,000	3,200E-1
2007,907	67,056	68,000	3,200E-1
2007,907	67,056	68,000	3,200E-1
2007,907	67,056	68,000	3,200E-1
2010,444	67,099	68,000	3,200E-1
2010,444	67,099	68,000	3,200E-1
2012,982	67,107	68,000	3,200E-1
2012,982	67,107	68,000	3,200E-1
2012,982	67,107	68,000	3,200E-1
2015,519	67,119	68,000	3,200E-1
2015,519	67,119	68,000	3,200E-1
2018,057	67,109	68,000	3,200E-1
2018,057	67,109	68,000	3,200E-1
2018,057	67,109	68,000	3,200E-1
2020,590	67,109	68,000	3,200E-1
2020,590	67,109	68,000	3,200E-1
2023,128	67,099	68,000	3,200E-1
2023,128	67,099	68,000	3,200E-1
2023,128	67,099	68,000	3,200E-1
2025,666	67,050	68,000	3,200E-1
2025,666	67,050	68,000	3,200E-1
2028,203	67,080	68,000	3,200E-1
2028,203	67,080	68,000	3,200E-1
2028,203	67,080	68,000	3,200E-1
2030,741	67,099	68,000	3,200E-1
2030,741	67,099	68,000	3,200E-1
2033,276	67,065	68,000	3,200E-1
2033,276	67,065	68,000	3,200E-1
2033,276	67,065	68,000	3,200E-1
2035,814	67,124	68,000	3,200E-1
2035,814	67,124	68,000	3,200E-1
2038,351	67,131	68,000	3,200E-1
2038,351	67,131	68,000	3,200E-1
2038,351	67,131	68,000	3,200E-1
2040,891	67,116	68,000	3,200E-1
2040,891	67,116	68,000	3,200E-1
2043,428	67,173	68,000	3,200E-1
2043,428	67,173	68,000	3,200E-1
2043,428	67,173	68,000	3,200E-1
2045,964	67,173	68,000	3,200E-1
2045,964	67,173	68,000	3,200E-1
2045,964	67,173	68,000	3,200E-1
2048,501	67,156	68,000	3,200E-1
2048,501	67,156	68,000	3,200E-1
2051,037	67,197	68,000	3,200E-1
2051,037	67,197	68,000	3,200E-1
2051,037	67,197	68,000	3,200E-1
2053,572	67,180	68,000	3,200E-1
2053,572	67,180	68,000	3,200E-1
2056,110	67,173	68,000	3,200E-1
2056,110	67,173	68,000	3,200E-1
2056,110	67,173	68,000	3,200E-1
2058,645	67,197	68,000	3,200E-1
2058,645	67,197	68,000	3,200E-1
2061,185	67,197	68,000	3,200E-1
2061,185	67,197	68,000	3,200E-1
2061,185	67,197	68,000	3,200E-1
2063,723	67,156	68,000	3,200E-1
2063,723	67,156	68,000	3,200E-1
2066,258	67,170	68,000	3,200E-1
2066,258	67,170	68,000	3,200E-1
2066,258	67,170	68,000	3,200E-1
2068,796	67,188	68,000	3,200E-1
2068,796	67,188	68,000	3,200E-1
2071,333	67,192	68,000	3,200E-1
2071,333	67,192	68,000	3,200E-1
2071,333	67,192	68,000	3,200E-1
2073,873	67,185	68,000	3,200E-1
2073,873	67,185	68,000	3,200E-1
2076,408	67,197	68,000	3,200E-1
2076,408	67,197	68,000	3,200E-1
2076,408	67,197	68,000	3,200E-1
2078,946	67,195	68,000	3,200E-1
2078,946	67,195	68,000	3,200E-1
2078,946	67,195	68,000	3,200E-1
2081,483	67,225	68,000	3,200E-1
2081,483	67,225	68,000	3,200E-1
2084,021	67,243	68,000	3,200E-1
2084,021	67,243	68,000	3,200E-1
2084,021	67,243	68,000	3,200E-1
2086,554	67,206	68,000	3,200E-1
2086,554	67,206	68,000	3,200E-1
2089,092	67,225	68,000	3,200E-1
2089,092	67,225	68,000	3,200E-1
2089,092	67,225	68,000	3,200E-1
2091,629	67,228	68,000	3,200E-1
2091,629	67,228	68,000	3,200E-1
2094,167	67,267	68,000	3,200E-1
2094,167	67,267	68,000	3,200E-1
2094,167	67,267	68,000	3,200E-1
2096,704	67,321	68,000	3,200E-1
2096,704	67,321	68,000	3,200E-1
2099,242	67,347	68,000	3,200E-1
2099,242	67,347	68,000	3,200E-1
2099,242	67,347	68,000	1,327E-1
2101,779	67,288	68,000	1,327E-1
2101,779	67,288	68,000	1,327E-1
2104,315	67,289	68,000	1,327E-1
2104,315	67,289	68,000	1,327E-1
2104,315	67,289	68,000	3,200E-1
2106,851	67,319	68,000	3,200E-1
2106,851	67,319	68,000	3,200E-1
2109,388	67,304	68,000	3,200E-1
2109,388	67,304	68,000	3,200E-1
2109,388	67,304	68,000	3,200E-1
2111,926	67,284	68,000	3,200E-1
2111,926	67,284	68,000	3,200E-1
2111,926	67,284	68,000	3,200E-1
2114,463	67,304	68,000	3,200E-1
2114,463	67,304	68,000	3,200E-1
2116,999	67,316	68,000	3,200E-1
2116,999	67,316	68,000	3,200E-1
2116,999	67,316	68,000	3,200E-1
2119,536	67,292	68,000	3,200E-1
2119,536	67,292	68,000	3,200E-1
2122,074	67,325	68,000	3,200E-1
2122,074	67,325	68,000	3,200E-1
2122,074	67,325	68,000	3,200E-1
2124,611	67,290	68,000	3,200E-1
2124,611	67,290	68,000	3,200E-1
2127,149	67,350	68,000	3,200E-1
2127,149	67,350	68,000	3,200E-1
2127,149	67,350	68,000	3,200E-1
2129,686	67,316	68,000	3,200E-1
2129,686	67,316	68,000	3,200E-1
2132,222	67,336	68,000	3,200E-1
2132,222	67,336	68,000	3,200E-1
2132,222	67,336	68,000	3,200E-1
2134,759	67,333	68,000	3,200E-1
2134,759	67,333	68,000	3,200E-1
2137,297	67,348	68,000	3,200E-1
2137,297	67,348	68,000	3,200E-1
2137,297	67,348	68,000	3,200E-1
2139,835	67,360	68,000	3,200E-1
2139,835	67,360	68,000	3,200E-1
2142,372	67,385	68,000	3,200E-1
2142,372	67,385	68,000	3,200E-1
2142,372	67,385	68,000	3,200E-1
2144,908	67,348	68,000	3,200E-1
2144,908	67,348	68,000	3,200E-1
2147,445	67,348	68,000	3,200E-1
2147,445	67,348	68,000	3,200E-1
2147,445	67,348	68,000	3,200E-1
2149,983	67,409	68,000	3,200E-1
2149,983	67,409	68,000	2,413E-1
2149,983	67,409	68,000	2,413E-1
2152,520	67,422	68,000	2,413E-1
2152,520	67,422	68,000	2,413E-1
2155,056	67,402	68,000	2,413E-1
2155,056	67,402	68,000	3,200E-1
2155,056	67,402	68,000	3,200E-1
2157,593	67,473	68,000	3,200E-1
2157,593	67,473	68,000	3,200E-1
2160,127	67,439	68,000	3,200E-1
2160,127	67,439	68,000	3,200E-1
2160,127	67,439	68,000	3,200E-1
2162,664	67,478	68,000	3,200E-1
2162,664	67,478	68,000	3,200E-1
2165,202	67,421	68,000	3,200E-1
2165,202	67,421	68,000	3,200E-1
2165,202	67,421	68,000	3,200E-1
2167,740	67,421	68,000	3,200E-1
2167,740	67,421	68,000	3,200E-1
2170,280	67,404	68,000	3,200E-1
2170,280	67,404	68,000	3,200E-1
2170,280	67,404	68,000	3,200E-1
2172,817	67,408	68,000	3,200E-1
2172,817	67,408	68,000	3,200E-1
2175,352	67,467	68,000	3,200E-1
2175,352	67,467	68,000	1,855E-1
2175,352	67,467	68,000	1,855E-1
2177,888	67,403	68,000	1,855E-1
2177,888	67,403	68,000	1,855E-1
2180,423	67,413	68,000	1,855E-1
2180,423	67,413	68,000	3,200E-1
2180,423	67,413	68,000	3,200E-1
2182,961	67,435	68,000	3,200E-1
2182,961	67,435	68,000	3,200E-1
2182,961	67,435	68,000	3,200E-1
2185,496	67,412	68,000	3,200E-1
2185,496	67,412	68,000	3,200E-1
2188,034	67,481	68,000	3,200E-1
2188,034	67,481	68,000	3,200E-1
2188,034	67,481	68,000	3,200E-1
2190,567	67,488	68,000	6,733E-2
2190,567	67,488	68,000	6,733E-2
2193,105	67,466	68,000	6,733E-2
2193,105	67,466	68,000	6,733E-2
2193,105	67,466	68,000	6,733E-2
2195,643	67,488	68,000	3,200E-1
2195,643	67,488	68,000	3,200E-1
2198,180	67,463	68,000	3,200E-1
2198,180	67,463	68,000	3,200E-1
2198,180	67,463	68,000	3,200E-1
2200,717	67,516	68,000	3,200E-1
2200,717	67,516	68,000	3,200E-1
2203,253	67,470	68,000	3,200E-1
2203,253	67,470	68,000	3,200E-1
2203,253	67,470	68,000	3,200E-1
2205,718	67,502	68,000	3,200E-1
2205,718	67,502	68,000	3,200E-1
2208,180	67,468	68,000	3,200E-1
2208,180	67,468	68,000	3,200E-1
2208,180	67,468	68,000	3,200E-1
2210,643	67,412	68,000	3,200E-1
2210,643	67,412	68,000	3,200E-1
2213,107	67,432	68,000	3,200E-1
2213,107	67,432	68,000	3,200E-1
2213,107	67,432	68,000	3,200E-1
2215,568	67,508	68,000	0,000E+0
2215,568	67,508	68,000	0,000E+0
2218,031	67,517	68,000	0,000E+0
2218,031	67,517	68,000	0,000E+0
2218,031	67,517	68,000	0,000E+0
2220,493	67,566	68,000	0,000E+0
2220,493	67,566	68,000	0,000E+0
2222,956	67,490	68,000	0,000E+0
2222,956	67,490	68,000	0,000E+0
2225,418	67,522	68,000	0,000E+0
2225,418	67,522	68,000	3,200E-1
2225,418	67,522	68,000	3,200E-1
2227,879	67,525	68,000	3,200E-1
2227,879	67,525	68,000	3,200E-1
2230,343	67,534	68,000	3,200E-1
2230,343	67,534	68,000	3,200E-1
2230,343	67,534	68,000	3,200E-1
2232,806	67,517	68,000	3,200E-1
2232,806	67,517	68,000	3,200E-1
2235,271	67,543	68,000	3,200E-1
2235,271	67,543	68,000	3,200E-1
2235,271	67,543	68,000	3,200E-1
2237,731	67,519	68,000	3,200E-1
2237,731	67,519	68,000	3,200E-1
2240,194	67,524	68,000	3,200E-1
2240,194	67,524	68,000	3,200E-1
2240,194	67,524	68,000	3,200E-1
2242,660	67,499	68,000	3,200E-1
2242,660	67,499	68,000	3,200E-1
2245,125	67,531	68,000	3,200E-1
2245,125	67,531	68,000	3,200E-1
2245,125	67,531	68,000	3,200E-1
2247,588	67,570	68,000	3,200E-1
2247,588	67,570	68,000	3,200E-1
2250,050	67,558	68,000	3,200E-1
2250,050	67,558	68,000	3,200E-1
2250,050	67,558	68,000	3,200E-1
2252,516	67,584	68,000	3,200E-1
2252,516	67,584	68,000	3,200E-1
2254,977	67,577	68,000	3,200E-1
2254,977	67,577	68,000	3,200E-1
2257,439	67,568	68,000	3,200E-1
2257,439	67,568	68,000	3,200E-1
2257,439	67,568	68,000	3,200E-1
2259,902	67,561	68,000	3,200E-1
2259,902	67,561	68,000	3,200E-1
2262,365	67,591	68,000	3,200E-1
2262,365	67,591	68,000	3,200E-1
2262,365	67,591	68,000	3,200E-1
2264,827	67,569	68,000	3,200E-1
2264,827	67,569	68,000	3,200E-1
2267,288	67,559	68,000	3,200E-1
2267,288	67,559	68,000	3,200E-1
2267,288	67,559	68,000	3,200E-1
2269,751	67,532	68,000	3,200E-1
2269,751	67,532	68,000	3,200E-1
2272,215	67,586	68,000	3,200E-1
2272,215	67,586	68,000	3,200E-1
2272,215	67,586	68,000	3,200E-1
2274,678	67,591	68,000	3,200E-1
2274,678	67,591	68,000	1,317E-1
2277,142	67,592	68,000	1,317E-1
2277,142	67,592	68,000	1,317E-1
2277,142	67,592	68,000	1,317E-1
2279,603	67,638	68,000	1,317E-1
2279,603	67,638	68,000	6,763E-3
2282,067	67,673	68,000	6,763E-3
2282,067	67,673	68,000	6,763E-3
2282,067	67,673	68,000	6,763E-3
2284,530	67,704	68,000	6,763E-3
2284,530	67,704	68,000	0,000E+0
2286,994	67,713	68,000	0,000E+0
2286,994	67,713	68,000	0,000E+0
2289,455	67,662	68,000	0,000E+0
2289,455	67,662	68,000	0,000E+0
2289,455	67,662	68,000	3,200E-1
2291,920	67,664	68,000	3,200E-1
2291,920	67,664	68,000	3,200E-1
2294,384	67,667	68,000	3,200E-1
2294,384	67,667	68,000	3,200E-1
2294,384	67,667	68,000	3,200E-1
2296,845	67,699	68,000	3,200E-1
2296,845	67,699	68,000	3,200E-1
2299,309	67,699	68,000	3,200E-1
2299,309	67,699	68,000	3,200E-1
2299,309	67,699	68,000	2,725E-1
2301,772	67,698	68,000	2,725E-1
2301,772	67,698	68,000	2,725E-1
2304,235	67,732	68,000	2,725E-1
2304,235	67,732	68,000	2,725E-1
2304,235	67,732	68,000	1,943E-1
2306,699	67,732	68,000	1,943E-1
2306,699	67,732	68,000	1,943E-1
2309,159	67,703	68,000	1,943E-1
2309,159	67,703	68,000	1,943E-1
2309,159	67,703	68,000	3,200E-1
2311,620	67,692	68,000	3,200E-1
2311,620	67,692	68,000	3,200E-1
2314,086	67,733	68,000	3,200E-1
2314,086	67,733	68,000	3,200E-1
2314,086	67,733	68,000	2,650E-1
2316,549	67,659	68,000	2,650E-1
2316,549	67,659	68,000	2,650E-1
2319,008	67,699	68,000	2,650E-1
2319,008	67,699	68,000	2,650E-1
2321,474	67,698	68,000	3,200E-1
2321,474	67,698	68,000	3,200E-1
2321,474	67,698	68,000	3,200E-1
2323,937	67,669	68,000	3,200E-1
2323,937	67,669	68,000	3,200E-1
2326,401	67,702	68,000	3,200E-1
2326,401	67,702	68,000	3,200E-1
2326,401	67,702	68,000	3,200E-1
2328,864	67,708	68,000	3,200E-1
2328,864	67,708	68,000	3,200E-1
2331,325	67,691	68,000	2,105E-1
2331,325	67,691	68,000	2,105E-1
2331,325	67,691	68,000	2,105E-1
2333,789	67,718	68,000	2,105E-1
2333,789	67,718	68,000	2,105E-1
2336,253	67,753	68,000	3,200E-1
2336,253	67,753	68,000	3,200E-1
2336,253	67,753	68,000	3,200E-1
2338,714	67,748	68,000	3,200E-1
2338,714	67,748	68,000	3,200E-1
2341,179	67,757	68,000	2,547E-1
2341,179	67,757	68,000	2,547E-1
2341,179	67,757	68,000	2,547E-1
2343,643	67,718	68,000	2,547E-1
2343,643	67,718	68,000	2,547E-1
2346,106	67,757	68,000	3,200E-1
2346,106	67,757	68,000	3,200E-1
2346,106	67,757	68,000	3,200E-1
2348,567	67,718	68,000	3,200E-1
2348,567	67,718	68,000	3,200E-1
2351,031	67,706	68,000	3,200E-1
2351,031	67,706	68,000	3,200E-1
2353,495	67,765	68,000	3,200E-1
2353,495	67,765	68,000	3,200E-1
2353,495	67,765	68,000	3,200E-1
2355,954	67,777	68,000	0,000E+0
2355,954	67,777	68,000	0,000E+0
2358,419	67,711	68,000	0,000E+0
2358,419	67,711	68,000	0,000E+0
2358,419	67,711	68,000	0,000E+0
2360,879	67,780	68,000	1,278E-1
2360,879	67,780	68,000	1,278E-1
2363,338	67,750	68,000	1,278E-1
2363,338	67,750	68,000	1,278E-1
2363,338	67,750	68,000	1,278E-1
2365,802	67,723	68,000	3,200E-1
2365,802	67,723	68,000	3,200E-1
2368,265	67,757	68,000	3,200E-1
2368,265	67,757	68,000	3,200E-1
2368,265	67,757	68,000	3,200E-1
2370,729	67,754	68,000	2,426E-1
2370,729	67,754	68,000	2,426E-1
2373,190	67,816	68,000	2,426E-1
2373,190	67,816	68,000	2,426E-1
2373,190	67,816	68,000	2,426E-1
2375,653	67,760	68,000	3,200E-1
2375,653	67,760	68,000	3,200E-1
2378,117	67,716	68,000	3,200E-1
2378,117	67,716	68,000	3,200E-1
2378,117	67,716	68,000	3,200E-1
2380,576	67,717	68,000	3,200E-1
2380,576	67,717	68,000	3,200E-1
2383,042	67,687	68,000	3,200E-1
2383,042	67,687	68,000	3,200E-1
2385,505	67,737	68,000	3,200E-1
2385,505	67,737	68,000	3,200E-1
2385,505	67,737	68,000	3,200E-1
2387,969	67,803	68,000	3,200E-1
2387,969	67,803	68,000	3,200E-1
2390,430	67,762	68,000	3,200E-1
2390,430	67,762	68,000	2,849E-1
2390,430	67,762	68,000	2,849E-1
2392,894	67,772	68,000	2,849E-1
2392,894	67,772	68,000	2,849E-1
2395,355	67,784	68,000	2,849E-1
2395,355	67,784	68,000	2,585E-1
2395,355	67,784	68,000	2,585E-1
2397,819	67,806	68,000	2,585E-1
2397,819	67,806	68,000	2,585E-1
2400,280	67,816	68,000	2,585E-1
2400,280	67,816	68,000	1,303E-1
2400,280	67,816	68,000	1,303E-1
2402,743	67,797	68,000	1,303E-1
2402,743	67,797	68,000	1,303E-1
2405,207	67,809	68,000	1,303E-1
2405,207	67,809	68,000	3,178E-1
2405,207	67,809	68,000	3,178E-1
2407,670	67,833	68,000	3,178E-1
2407,670	67,833	68,000	3,178E-1
2410,134	67,846	68,000	3,178E-1
2410,134	67,846	68,000	1,291E-1
2410,134	67,846	68,000	1,291E-1
2412,593	67,841	68,000	1,291E-1
2412,593	67,841	68,000	1,291E-1
2415,057	67,912	68,000	1,291E-1
2415,057	67,912	68,000	0,000E+0
2417,520	67,929	68,000	0,000E+0
2417,520	67,929	68,000	0,000E+0
2417,520	67,929	68,000	0,000E+0
2419,982	67,843	68,000	0,000E+0
2419,982	67,843	68,000	3,200E-1
2422,445	67,824	68,000	3,200E-1
2422,445	67,824	68,000	3,200E-1
2422,445	67,824	68,000	3,200E-1
2424,907	67,907	68,000	3,200E-1
2424,907	67,907	68,000	0,000E+0
2427,368	67,887	68,000	0,000E+0
2427,368	67,887	68,000	0,000E+0
2427,368	67,887	68,000	0,000E+0
2429,832	67,857	68,000	0,000E+0
2429,832	67,857	68,000	3,200E-1
2432,291	67,878	68,000	3,200E-1
2432,291	67,878	68,000	3,200E-1
2432,291	67,878	68,000	3,200E-1
2434,754	67,942	68,000	3,200E-1
2434,754	67,942	68,000	0,000E+0
2437,218	67,912	68,000	0,000E+0
2437,218	67,912	68,000	0,000E+0
2437,218	67,912	68,000	0,000E+0
2439,681	67,899	68,000	0,000E+0
2439,681	67,899	68,000	3,200E-1
2442,143	67,890	68,000	3,200E-1
2442,143	67,890	68,000	3,200E-1
2442,143	67,890	68,000	3,200E-1
2444,608	67,816	68,000	3,200E-1
2444,608	67,816	68,000	3,200E-1
2447,072	67,843	68,000	3,200E-1
2447,072	67,843	68,000	3,200E-1
2449,533	67,858	68,000	3,200E-1
2449,533	67,858	68,000	3,200E-1
2449,533	67,858	68,000	8,319E-2
2451,999	67,854	68,000	8,319E-2
2451,999	67,854	68,000	8,319E-2
2454,462	67,838	68,000	8,319E-2
2454,462	67,838	68,000	8,319E-2
2454,462	67,838	68,000	3,200E-1
2456,926	67,882	68,000	3,200E-1
2456,926	67,882	68,000	3,200E-1
2459,389	67,905	68,000	3,200E-1
2459,389	67,905	68,000	3,200E-1
2459,389	67,905	68,000	0,000E+0
2461,850	67,863	68,000	0,000E+0
2461,850	67,863	68,000	0,000E+0
2464,314	67,874	68,000	0,000E+0
2464,314	67,874	68,000	0,000E+0
2464,314	67,874	68,000	3,200E-1
2466,775	67,905	68,000	3,200E-1
2466,775	67,905	68,000	3,200E-1
2469,239	67,885	68,000	3,200E-1
2469,239	67,885	68,000	3,200E-1
2469,239	67,885	68,000	3,116E-1
2471,700	67,900	68,000	3,116E-1
2471,700	67,900	68,000	3,116E-1
2474,161	67,884	68,000	3,116E-1
2474,161	67,884	68,000	3,116E-1
2474,161	67,884	68,000	3,200E-1
2476,625	67,860	68,000	3,200E-1
2476,625	67,860	68,000	3,200E-1
2479,086	67,821	68,000	3,200E-1
2479,086	67,821	68,000	3,200E-1
2481,550	67,874	68,000	3,200E-1
2481,550	67,874	68,000	3,200E-1
2481,550	67,874	68,000	3,200E-1
2484,013	67,894	68,000	3,200E-1
2484,013	67,894	68,000	3,200E-1
2486,477	67,845	68,000	0,000E+0
2486,477	67,845	68,000	0,000E+0
2486,477	67,845	68,000	0,000E+0
2488,940	67,867	68,000	0,000E+0
2488,940	67,867	68,000	0,000E+0
2491,402	67,846	68,000	3,069E-1
2491,402	67,846	68,000	3,069E-1
2491,402	67,846	68,000	3,069E-1
2493,865	67,872	68,000	3,069E-1
2493,865	67,872	68,000	3,069E-1
2496,331	67,921	68,000	3,200E-1
2496,331	67,921	68,000	3,200E-1
2496,331	67,921	68,000	3,200E-1
2498,792	67,859	68,000	3,200E-1
2498,792	67,859	68,000	3,200E-1
2501,255	67,864	68,000	3,200E-1
2501,255	67,864	68,000	3,200E-1
2501,255	67,864	68,000	3,200E-1
2503,719	67,910	68,000	3,200E-1
2503,719	67,910	68,000	3,200E-1
2506,180	67,906	68,000	0,000E+0
2506,180	67,906	68,000	0,000E+0
2506,180	67,906	68,000	0,000E+0
2508,644	67,917	68,000	0,000E+0
2508,644	67,917	68,000	0,000E+0
2511,107	67,910	68,000	1,440E-3
2511,107	67,910	68,000	1,440E-3
2513,569	67,888	68,000	1,440E-3
2513,569	67,888	68,000	1,440E-3
2513,569	67,888	68,000	1,440E-3
2516,032	67,917	68,000	5,867E-2
2516,032	67,917	68,000	5,867E-2
2518,495	67,973	68,000	5,867E-2
2518,495	67,973	68,000	5,867E-2
2518,495	67,973	68,000	5,867E-2
2520,961	67,991	68,000	0,000E+0
2520,961	67,991	68,000	0,000E+0
2523,422	67,937	68,000	0,000E+0
2523,422	67,937	68,000	0,000E+0
2523,422	67,937	68,000	0,000E+0
2525,882	67,932	68,000	3,200E-1
2525,882	67,932	68,000	3,200E-1
2528,345	67,915	68,000	3,200E-1
2528,345	67,915	68,000	3,200E-1
2528,345	67,915	68,000	3,200E-1
2530,805	67,912	68,000	3,200E-1
2530,805	67,912	68,000	3,200E-1
2533,266	67,940	68,000	3,200E-1
2533,266	67,940	68,000	3,200E-1
2533,266	67,940	68,000	3,200E-1
2535,730	67,918	68,000	3,200E-1
2535,730	67,918	68,000	3,200E-1
2538,193	67,948	68,000	3,200E-1
2538,193	67,948	68,000	3,200E-1
2538,193	67,948	68,000	3,200E-1
2540,656	67,904	68,000	3,200E-1
2540,656	67,904	68,000	3,200E-1
2543,120	67,959	68,000	3,200E-1
2543,120	67,959	68,000	3,200E-1
2543,120	67,959	68,000	3,200E-1
2545,579	67,971	68,000	0,000E+0
2545,579	67,971	68,000	0,000E+0
2548,043	67,966	68,000	0,000E+0
2548,043	67,966	68,000	0,000E+0
2550,508	68,013	68,000	0,000E+0
2550,508	68,013	68,000	0,000E+0
2550,508	68,013	68,000	0,000E+0
2552,974	67,983	68,000	0,000E+0
2552,974	67,983	68,000	0,000E+0
2555,435	67,966	68,000	0,000E+0
2555,435	67,966	68,000	3,200E-1
2555,435	67,966	68,000	3,200E-1
2557,895	67,936	68,000	3,200E-1
2557,895	67,936	68,000	3,200E-1
2560,358	67,885	68,000	3,200E-1
2560,358	67,885	68,000	3,200E-1
2560,358	67,885	68,000	3,200E-1
2562,820	67,893	68,000	3,200E-1
2562,820	67,893	68,000	3,200E-1
2565,281	67,888	68,000	3,200E-1
2565,281	67,888	68,000	3,200E-1
2565,281	67,888	68,000	3,200E-1
2567,743	67,925	68,000	3,200E-1
2567,743	67,925	68,000	3,200E-1
2570,206	67,942	68,000	3,200E-1
2570,206	67,942	68,000	0,000E+0
2570,206	67,942	68,000	0,000E+0
2572,668	67,978	68,000	0,000E+0
2572,668	67,978	68,000	0,000E+0
2575,131	67,961	68,000	0,000E+0
2575,131	67,961	68,000	0,000E+0
2575,131	67,961	68,000	0,000E+0
2577,595	67,946	68,000	0,000E+0
2577,595	67,946	68,000	0,000E+0
2580,056	67,897	68,000	0,000E+0
2580,056	67,897	68,000	3,200E-1
2582,520	67,942	68,000	3,200E-1
2582,520	67,942	68,000	3,200E-1
2582,520	67,942	68,000	3,200E-1
2584,983	67,966	68,000	3,200E-1
2584,983	67,966	68,000	0,000E+0
2587,449	67,951	68,000	0,000E+0
2587,449	67,951	68,000	0,000E+0
2587,449	67,951	68,000	0,000E+0
2589,912	67,942	68,000	0,000E+0
2589,912	67,942	68,000	2,313E-1
2592,375	67,917	68,000	2,313E-1
2592,375	67,917	68,000	2,313E-1
2592,375	67,917	68,000	2,313E-1
2594,839	67,885	68,000	2,313E-1
2594,839	67,885	68,000	3,200E-1
2597,302	67,988	68,000	3,200E-1
2597,302	67,988	68,000	3,200E-1
2597,302	67,988	68,000	3,200E-1
2599,763	67,938	68,000	3,200E-1
2599,763	67,938	68,000	0,000E+0
2602,225	67,923	68,000	0,000E+0
2602,225	67,923	68,000	0,000E+0
2602,225	67,923	68,000	0,000E+0
2604,688	67,967	68,000	0,000E+0
2604,688	67,967	68,000	0,000E+0
2607,152	67,927	68,000	0,000E+0
2607,152	67,927	68,000	0,000E+0
2607,152	67,927	68,000	0,000E+0
2609,615	67,954	68,000	0,000E+0
2609,615	67,954	68,000	1,353E-1
2612,077	67,917	68,000	1,353E-1
2612,077	67,917	68,000	1,353E-1
2614,540	67,881	68,000	1,353E-1
2614,540	67,881	68,000	1,353E-1
2614,540	67,881	68,000	3,200E-1
2617,004	67,896	68,000	3,200E-1
2617,004	67,896	68,000	3,200E-1
2619,467	67,915	68,000	3,200E-1
2619,467	67,915	68,000	3,200E-1
2619,467	67,915	68,000	1,076E-1
2621,931	67,972	68,000	1,076E-1
2621,931	67,972	68,000	1,076E-1
2624,394	67,974	68,000	1,076E-1
2624,394	67,974	68,000	1,076E-1
2624,394	67,974	68,000	0,000E+0
2626,856	67,951	68,000	0,000E+0
2626,856	67,951	68,000	0,000E+0
2629,319	67,946	68,000	0,000E+0
2629,319	67,946	68,000	0,000E+0
2629,319	67,946	68,000	2,604E-1
2631,778	67,929	68,000	2,604E-1
2631,778	67,929	68,000	2,604E-1
2634,242	67,976	68,000	2,604E-1
2634,242	67,976	68,000	2,604E-1
2634,242	67,976	68,000	3,784E-2
2636,705	67,989	68,000	3,784E-2
2636,705	67,989	68,000	3,784E-2
2639,169	68,004	68,000	3,784E-2
2639,169	68,004	68,000	3,784E-2
2639,169	68,004	68,000	0,000E+0
2641,630	67,946	68,000	0,000E+0
2641,630	67,946	68,000	0,000E+0
2644,094	67,907	68,000	0,000E+0
2644,094	67,907	68,000	0,000E+0
2646,557	67,910	68,000	3,200E-1
2646,557	67,910	68,000	3,200E-1
2646,557	67,910	68,000	3,200E-1
2649,019	67,948	68,000	3,200E-1
2649,019	67,948	68,000	3,200E-1
2651,480	67,953	68,000	2,911E-2
2651,480	67,953	68,000	2,911E-2
2651,480	67,953	68,000	2,911E-2
2653,940	67,909	68,000	2,911E-2
2653,940	67,909	68,000	2,911E-2
2656,405	67,942	68,000	3,200E-1
2656,405	67,942	68,000	3,200E-1
2656,405	67,942	68,000	3,200E-1
2658,869	67,976	68,000	3,200E-1
2658,869	67,976	68,000	3,200E-1
2661,328	67,968	68,000	0,000E+0
2661,328	67,968	68,000	0,000E+0
2661,328	67,968	68,000	0,000E+0
2663,795	67,988	68,000	0,000E+0
2663,795	67,988	68,000	0,000E+0
2666,259	67,956	68,000	0,000E+0
2666,259	67,956	68,000	0,000E+0
2666,259	67,956	68,000	0,000E+0
2668,722	67,976	68,000	0,000E+0
2668,722	67,976	68,000	0,000E+0
2671,184	68,000	68,000	1,122E-1
2671,184	68,000	68,000	1,122E-1
2671,184	68,000	68,000	1,122E-1
2673,647	67,937	68,000	1,122E-1
2673,647	67,937	68,000	1,122E-1
2676,113	67,944	68,000	3,200E-1
2676,113	67,944	68,000	3,200E-1
2678,576	67,935	68,000	3,200E-1
2678,576	67,935	68,000	3,200E-1
2678,576	67,935	68,000	3,200E-1
2681,038	67,964	68,000	3,200E-1
2681,038	67,964	68,000	3,200E-1
2683,501	67,996	68,000	3,200E-1
2683,501	67,996	68,000	3,200E-1
2683,501	67,996	68,000	3,200E-1
2685,965	67,979	68,000	0,000E+0
2685,965	67,979	68,000	0,000E+0
2688,428	67,988	68,000	0,000E+0
2688,428	67,988	68,000	0,000E+0
2688,428	67,988	68,000	0,000E+0
2690,892	67,995	68,000	0,000E+0
2690,892	67,995	68,000	0,000E+0
2693,353	68,005	68,000	0,000E+0
2693,353	68,005	68,000	0,000E+0
2693,353	68,005	68,000	0,000E+0
2695,817	67,966	68,000	2,546E-1
2695,817	67,966	68,000	2,546E-1
2698,280	67,937	68,000	2,546E-1
2698,280	67,937	68,000	2,546E-1
2698,280	67,937	68,000	2,546E-1
2700,744	67,989	68,000	7,884E-2
2700,744	67,989	68,000	7,884E-2
2703,207	68,041	68,000	7,884E-2
2703,207	68,041	68,000	7,884E-2
2703,207	68,041	68,000	7,884E-2
2705,671	68,022	68,000	0,000E+0
2705,671	68,022	68,000	0,000E+0
2708,128	67,968	68,000	0,000E+0
2708,128	67,968	68,000	0,000E+0
2710,592	68,032	68,000	0,000E+0
2710,592	68,032	68,000	0,000E+0
2710,592	68,032	68,000	0,000E+0
2713,055	67,983	68,000	0,000E+0
2713,055	67,983	68,000	0,000E+0
2715,519	68,015	68,000	0,000E+0
2715,519	68,015	68,000	1,251E-1
2715,519	68,015	68,000	1,251E-1
2717,982	67,988	68,000	1,251E-1
2717,982	67,988	68,000	1,251E-1
2720,445	68,015	68,000	1,251E-1
2720,445	68,015	68,000	1,148E-1
2720,445	68,015	68,000	1,148E-1
2722,908	67,993	68,000	1,148E-1
2722,908	67,993	68,000	1,148E-1
2725,372	67,951	68,000	1,148E-1
2725,372	67,951	68,000	3,200E-1
2725,372	67,951	68,000	3,200E-1
2727,835	67,963	68,000	3,200E-1
2727,835	67,963	68,000	3,200E-1
2730,296	67,967	68,000	3,200E-1
2730,296	67,967	68,000	2,152E-1
2730,296	67,967	68,000	2,152E-1
2732,760	67,967	68,000	2,152E-1
2732,760	67,967	68,000	2,152E-1
2735,221	67,913	68,000	2,152E-1
2735,221	67,913	68,000	3,200E-1
2735,221	67,913	68,000	3,200E-1
2737,683	67,934	68,000	3,200E-1
2737,683	67,934	68,000	3,200E-1
2740,144	67,980	68,000	3,200E-1
2740,144	67,980	68,000	0,000E+0
2742,607	67,995	68,000	0,000E+0
2742,607	67,995	68,000	0,000E+0
2742,607	67,995	68,000	0,000E+0
2745,069	67,983	68,000	0,000E+0
2745,069	67,983	68,000	0,000E+0
2747,530	68,048	68,000	0,000E+0
2747,530	68,048	68,000	0,000E+0
2747,530	68,048	68,000	0,000E+0
2749,993	68,071	68,000	0,000E+0
2749,993	68,071	68,000	0,000E+0
2752,457	68,042	68,000	0,000E+0
2752,457	68,042	68,000	0,000E+0
2752,457	68,042	68,000	0,000E+0
2754,918	68,020	68,000	0,000E+0
2754,918	68,020	68,000	3,200E-1
2757,381	68,005	68,000	3,200E-1
2757,381	68,005	68,000	3,200E-1
2757,381	68,005	68,000	3,200E-1
2759,841	68,010	68,000	3,200E-1
2759,841	68,010	68,000	3,200E-1
2762,306	68,018	68,000	3,200E-1
2762,306	68,018	68,000	3,200E-1
2762,306	68,018	68,000	3,200E-1
2764,767	68,003	68,000	3,200E-1
2764,767	68,003	68,000	3,200E-1
2767,231	67,949	68,000	3,200E-1
2767,231	67,949	68,000	3,200E-1
2767,231	67,949	68,000	3,200E-1
2769,694	67,971	68,000	3,200E-1
2769,694	67,971	68,000	3,200E-1
2772,117	67,971	68,000	3,200E-1
2772,117	67,971	68,000	3,200E-1
2774,593	68,032	68,000	3,200E-1
2774,593	68,032	68,000	3,200E-1
2774,593	68,032	68,000	0,000E+0
2777,054	68,020	68,000	0,000E+0
2777,054	68,020	68,000	0,000E+0
2779,516	68,003	68,000	0,000E+0
2779,516	68,003	68,000	0,000E+0
2779,516	68,003	68,000	2,290E-1
2781,979	67,998	68,000	2,290E-1
2781,979	67,998	68,000	2,290E-1
2784,443	68,005	68,000	2,290E-1
2784,443	68,005	68,000	2,290E-1
2784,443	68,005	68,000	2,097E-1
2786,906	67,951	68,000	2,097E-1
2786,906	67,951	68,000	2,097E-1
2789,369	67,943	68,000	2,097E-1
2789,369	67,943	68,000	2,097E-1
2789,369	67,943	68,000	3,200E-1
2791,833	67,931	68,000	3,200E-1
2791,833	67,931	68,000	3,200E-1
2794,294	67,980	68,000	3,200E-1
2794,294	67,980	68,000	3,200E-1
2794,294	67,980	68,000	3,892E-2
2796,757	67,939	68,000	3,892E-2
2796,757	67,939	68,000	3,892E-2
2799,221	67,927	68,000	3,892E-2
2799,221	67,927	68,000	3,892E-2
2799,221	67,927	68,000	3,200E-1
2801,682	67,949	68,000	3,200E-1
2801,682	67,949	68,000	3,200E-1
2804,143	67,962	68,000	3,200E-1
2804,143	67,962	68,000	3,200E-1
2806,607	67,932	68,000	6,727E-2
2806,607	67,932	68,000	6,727E-2
2806,607	67,932	68,000	6,727E-2
2809,068	67,971	68,000	6,727E-2
2809,068	67,971	68,000	6,727E-2
2811,532	67,983	68,000	1,554E-2
2811,532	67,983	68,000	1,554E-2
2811,532	67,983	68,000	1,554E-2
2813,995	67,929	68,000	1,554E-2
2813,995	67,929	68,000	1,554E-2
2816,460	67,946	68,000	3,200E-1
2816,460	67,946	68,000	3,200E-1
2816,460	67,946	68,000	3,200E-1
2818,924	67,900	68,000	3,200E-1
2818,924	67,900	68,000	3,200E-1
2821,387	67,949	68,000	3,200E-1
2821,387	67,949	68,000	3,200E-1
2821,387	67,949	68,000	3,200E-1
2823,852	67,983	68,000	3,200E-1
2823,852	67,983	68,000	3,200E-1
2826,314	67,988	68,000	0,000E+0
2826,314	67,988	68,000	0,000E+0
2826,314	67,988	68,000	0,000E+0
2828,777	68,018	68,000	0,000E+0
2828,777	68,018	68,000	0,000E+0
2831,241	68,001	68,000	0,000E+0
2831,241	68,001	68,000	0,000E+0
2831,241	68,001	68,000	0,000E+0
2833,704	67,991	68,000	0,000E+0
2833,704	67,991	68,000	0,000E+0
2836,165	68,003	68,000	2,214E-1
2836,165	68,003	68,000	2,214E-1
2838,629	67,998	68,000	2,214E-1
2838,629	67,998	68,000	2,214E-1
2838,629	67,998	68,000	2,214E-1
2841,092	67,998	68,000	1,670E-1
2841,092	67,998	68,000	1,670E-1
2843,553	67,961	68,000	1,670E-1
2843,553	67,961	68,000	1,670E-1
2843,553	67,961	68,000	1,670E-1
2846,015	67,944	68,000	3,200E-1
2846,015	67,944	68,000	3,200E-1
2848,478	67,984	68,000	3,200E-1
2848,478	67,984	68,000	3,200E-1
2848,478	67,984	68,000	3,200E-1
2850,941	67,975	68,000	9,019E-2
2850,941	67,975	68,000	9,019E-2
2853,404	67,962	68,000	9,019E-2
2853,404	67,962	68,000	9,019E-2
2853,404	67,962	68,000	9,019E-2
2855,866	67,930	68,000	3,200E-1
2855,866	67,930	68,000	3,200E-1
2858,329	67,907	68,000	3,200E-1
2858,329	67,907	68,000	3,200E-1
2858,329	67,907	68,000	3,200E-1
2860,789	67,954	68,000	1,605E-1
2860,789	67,954	68,000	1,605E-1
2863,252	67,952	68,000	1,605E-1
2863,252	67,952	68,000	1,605E-1
2863,252	67,952	68,000	1,605E-1
2865,713	67,896	68,000	3,200E-1
2865,713	67,896	68,000	3,200E-1
2868,177	67,901	68,000	3,200E-1
2868,177	67,901	68,000	3,200E-1
2870,640	67,974	68,000	3,200E-1
2870,640	67,974	68,000	0,000E+0
2870,640	67,974	68,000	0,000E+0
2873,101	67,960	68,000	0,000E+0
2873,101	67,960	68,000	0,000E+0
2875,565	67,938	68,000	0,000E+0
2875,565	67,938	68,000	3,200E-1
2875,565	67,938	68,000	3,200E-1
2878,028	67,889	68,000	3,200E-1
2878,028	67,889	68,000	3,200E-1
2880,491	67,893	68,000	3,200E-1
2880,491	67,893	68,000	3,200E-1
2880,491	67,893	68,000	3,200E-1
2882,955	67,952	68,000	3,200E-1
2882,955	67,952	68,000	3,200E-1
2885,418	67,996	68,000	3,200E-1
2885,418	67,996	68,000	0,000E+0
2885,418	67,996	68,000	0,000E+0
2887,882	67,988	68,000	0,000E+0
2887,882	67,988	68,000	0,000E+0
2890,345	67,993	68,000	0,000E+0
2890,345	67,993	68,000	2,873E-2
2890,345	67,993	68,000	2,873E-2
2892,810	67,986	68,000	2,873E-2
2892,810	67,986	68,000	2,873E-2
2895,274	68,002	68,000	2,873E-2
2895,274	68,002	68,000	0,000E+0
2895,274	68,002	68,000	0,000E+0
2897,735	68,048	68,000	0,000E+0
2897,735	68,048	68,000	0,000E+0
2900,199	67,961	68,000	0,000E+0
2900,199	67,961	68,000	3,200E-1
2902,660	67,917	68,000	3,200E-1
2902,660	67,917	68,000	3,200E-1
2902,660	67,917	68,000	3,200E-1
2905,123	67,979	68,000	3,200E-1
2905,123	67,979	68,000	1,910E-1
2907,587	67,964	68,000	1,910E-1
2907,587	67,964	68,000	1,910E-1
