Time [s]	PV [ºC]	SP [ºC]	Duty Cycle 
0,000	0,000	50,000	9,990000E+1
0,000	29,529	50,000	9,990000E+1
1,000	29,528	50,000	1,000000E-2
2,000	29,512	50,000	1,014472E+0
4,000	29,509	50,000	2,553015E+0
5,000	29,519	50,000	3,576239E+0
6,000	29,507	50,000	4,125030E+0
7,000	29,502	50,000	5,525278E+0
8,001	29,520	50,000	6,628898E+0
9,001	29,520	50,000	6,841213E+0
10,001	29,523	50,000	7,766847E+0
11,001	29,544	50,000	8,591575E+0
12,001	29,535	50,000	8,664286E+0
13,001	29,535	50,000	9,964325E+0
14,001	29,540	50,000	1,090819E+1
15,001	29,543	50,000	1,163415E+1
16,001	29,553	50,000	1,241933E+1
17,001	29,545	47,500	1,292698E+1
18,001	29,547	50,000	1,416718E+1
19,001	29,555	50,000	1,505114E+1
20,002	29,549	50,000	1,563788E+1
21,002	29,564	50,000	1,681858E+1
22,002	29,582	50,000	1,712787E+1
23,002	29,573	50,000	1,731760E+1
24,002	29,565	50,000	1,861685E+1
25,002	29,554	50,000	1,985525E+1
26,002	29,551	50,000	2,121379E+1
27,002	29,565	50,000	2,225586E+1
28,002	29,570	50,000	2,264428E+1
29,002	29,556	50,000	2,332927E+1
30,002	29,561	50,000	2,482717E+1
31,002	29,559	50,000	2,555124E+1
32,002	29,561	50,000	2,655337E+1
33,002	29,564	50,000	2,741690E+1
34,002	29,561	50,000	2,822094E+1
35,002	29,559	50,000	2,924276E+1
36,002	29,564	50,000	3,022600E+1
37,002	29,562	50,000	3,094991E+1
38,003	29,553	50,000	3,195188E+1
39,003	29,559	50,000	3,325111E+1
40,003	29,550	50,000	3,395642E+1
41,003	29,571	50,000	3,519640E+1
42,003	29,584	50,000	3,530749E+1
43,003	29,578	50,000	3,573463E+1
44,003	29,575	50,000	3,689424E+1
45,003	29,572	50,000	3,793524E+1
46,003	29,569	50,000	3,897638E+1
47,003	29,569	50,000	3,997803E+1
48,003	29,576	50,000	4,090052E+1
49,003	29,601	50,000	4,156548E+1
50,003	29,609	50,000	4,149711E+1
51,003	29,619	50,000	4,210213E+1
52,003	29,620	50,000	4,262569E+1
53,003	29,617	50,000	4,352615E+1
54,003	29,605	50,000	4,456525E+1
55,004	29,603	50,000	4,594128E+1
56,004	29,608	50,000	4,694143E+1
57,004	29,612	50,000	4,766430E+1
58,004	29,612	50,000	4,842656E+1
59,004	29,605	50,000	4,934714E+1
60,004	29,601	50,000	5,054507E+1
61,004	29,608	50,000	5,162446E+1
62,004	29,615	50,000	5,224836E+1
63,004	29,616	50,000	5,291155E+1
64,004	29,627	50,000	5,377256E+1
65,004	29,637	50,000	5,425709E+1
66,004	29,633	50,000	5,480055E+1
67,004	29,626	50,000	5,589830E+1
68,004	29,655	50,000	5,707550E+1
69,004	29,660	50,000	5,684639E+1
70,004	29,687	50,000	5,754710E+1
71,004	29,689	50,000	5,741549E+1
72,004	29,696	50,000	5,825344E+1
73,005	29,712	50,000	5,889318E+1
74,005	29,716	50,000	5,919581E+1
75,005	29,723	50,000	5,991378E+1
76,005	29,711	50,000	6,057210E+1
77,005	29,709	50,000	6,196313E+1
78,005	29,700	50,000	6,293867E+1
79,005	29,696	50,000	6,423126E+1
80,005	29,706	50,000	6,530636E+1
81,005	29,726	50,000	6,580802E+1
82,005	29,730	50,000	6,597059E+1
83,005	29,723	50,000	6,670866E+1
84,005	29,752	50,000	6,790034E+1
85,005	29,757	50,000	6,766685E+1
86,005	29,767	50,000	6,838300E+1
87,005	29,778	50,000	6,892062E+1
88,005	29,785	50,000	6,937856E+1
89,005	29,779	50,000	7,001428E+1
90,005	29,773	50,000	7,118459E+1
91,006	29,777	50,000	7,233539E+1
92,006	29,811	50,000	7,305061E+1
93,006	29,806	50,000	7,261655E+1
94,006	29,816	50,000	7,374604E+1
95,006	29,808	50,000	7,424182E+1
96,006	29,812	50,000	7,548995E+1
97,006	29,809	50,000	7,624410E+1
98,006	29,822	50,000	7,729342E+1
99,006	29,846	50,000	7,765041E+1
100,006	29,835	50,000	7,765016E+1
101,006	29,846	50,000	7,897623E+1
102,006	29,852	50,000	7,945089E+1
103,006	29,879	50,000	8,010336E+1
104,006	29,882	50,000	7,998380E+1
105,006	29,881	50,000	8,075275E+1
106,006	29,883	50,000	8,170076E+1
107,007	29,937	50,000	8,251014E+1
108,007	29,943	50,000	8,127975E+1
109,007	29,955	50,000	8,198660E+1
110,007	29,955	50,000	8,239698E+1
111,007	29,966	50,000	8,330297E+1
112,007	29,965	50,000	8,377131E+1
113,007	29,980	50,000	8,471552E+1
114,007	29,972	50,000	8,502583E+1
115,007	30,003	41,429	1,342101E+0
116,007	30,020	45,000	1,000000E-2
117,007	30,010	42,500	5,653294E+1
118,007	30,012	40,357	1,000000E-2
119,007	30,017	40,357	1,000000E-2
120,007	30,026	40,357	2,591891E-1
121,007	30,030	40,357	4,095401E-1
122,007	30,065	40,357	6,774645E-1
123,007	30,057	40,357	1,000000E-2
124,007	30,084	40,357	7,719120E-1
125,008	30,133	40,357	1,671839E-1
126,008	30,157	40,357	1,000000E-2
127,008	30,197	40,357	1,000000E-2
128,008	30,227	40,357	1,000000E-2
129,008	30,256	40,357	1,000000E-2
130,008	30,259	40,357	1,000000E-2
131,008	30,262	40,357	3,472282E-1
132,008	30,248	40,357	6,843210E-1
133,008	30,258	40,357	1,714673E+0
134,008	30,248	40,357	1,774927E+0
135,008	30,218	40,357	2,607370E+0
136,008	30,237	40,357	4,232693E+0
137,008	30,270	40,357	3,957465E+0
138,008	30,268	40,357	3,106874E+0
139,008	30,281	40,357	3,641583E+0
140,008	30,286	40,357	3,582043E+0
141,009	30,286	40,357	3,838897E+0
142,009	30,278	40,357	4,273828E+0
143,009	30,265	40,357	5,065793E+0
144,009	30,280	40,357	6,015723E+0
145,009	30,286	40,357	5,896862E+0
146,009	30,305	40,357	6,114139E+0
147,009	30,302	40,357	5,835863E+0
148,009	30,301	40,357	6,369014E+0
149,009	30,305	40,357	6,882444E+0
150,009	30,341	40,357	7,178472E+0
151,009	30,372	40,357	6,185678E+0
152,009	30,354	40,357	5,410065E+0
153,009	30,334	40,357	6,613279E+0
154,009	30,346	40,357	7,857424E+0
155,009	30,328	40,357	7,834549E+0
156,010	30,319	40,357	8,980000E+0
157,010	30,341	40,357	9,789448E+0
158,010	30,357	40,357	9,371002E+0
159,010	30,351	40,357	9,209562E+0
160,010	30,340	40,357	9,898404E+0
161,010	30,353	40,357	1,074646E+1
162,010	30,328	40,357	1,070346E+1
163,010	30,319	40,357	1,214574E+1
164,010	30,306	40,357	1,297500E+1
165,010	30,299	40,357	1,394336E+1
166,010	30,329	40,357	1,465477E+1
167,010	30,327	40,357	1,390044E+1
168,010	30,362	40,357	1,445227E+1
169,010	30,352	40,357	1,349856E+1
170,010	30,330	40,357	1,436588E+1
171,010	30,382	40,357	1,570915E+1
172,011	30,361	40,357	1,410156E+1
173,011	30,363	40,357	1,538406E+1
174,011	30,377	40,357	1,575619E+1
175,011	30,372	40,357	1,565321E+1
176,011	30,353	40,357	1,630153E+1
177,011	30,343	40,357	1,748543E+1
178,011	30,337	40,357	1,831356E+1
179,011	30,358	40,357	1,902325E+1
180,011	30,349	40,357	1,866343E+1
181,011	30,393	40,357	1,945173E+1
182,011	30,380	40,357	1,816024E+1
183,011	30,423	40,357	1,912524E+1
184,011	30,401	40,357	1,787197E+1
185,011	30,377	40,357	1,917241E+1
186,011	30,394	40,357	2,059314E+1
187,011	30,389	40,357	2,039000E+1
188,011	30,394	40,357	2,103755E+1
189,012	30,370	40,357	2,126974E+1
190,012	30,370	40,357	2,265073E+1
191,012	30,352	40,357	2,312192E+1
192,012	30,341	40,357	2,426581E+1
193,012	30,335	40,357	2,515340E+1
194,012	30,345	40,357	2,584382E+1
195,012	30,355	40,357	2,591946E+1
196,012	30,343	40,357	2,595550E+1
197,012	30,348	40,357	2,690239E+1
198,012	30,355	40,357	2,717625E+1
199,012	30,368	40,357	2,733105E+1
200,012	30,358	40,357	2,726758E+1
201,012	30,368	40,357	2,811485E+1
202,012	30,368	40,357	2,817011E+1
203,012	30,394	40,357	2,862115E+1
204,012	30,376	40,357	2,804200E+1
205,012	30,341	40,357	2,920507E+1
206,013	30,354	40,357	3,102273E+1
207,013	30,384	40,357	3,099994E+1
208,013	30,374	40,357	3,026251E+1
209,013	30,371	40,357	3,106945E+1
210,013	30,355	40,357	3,165888E+1
211,013	30,363	40,357	3,272393E+1
212,013	30,397	40,357	3,287836E+1
213,013	30,412	40,357	3,198246E+1
214,013	30,412	40,357	3,185766E+1
215,013	30,394	40,357	3,230674E+1
216,013	30,416	40,357	3,346947E+1
217,013	30,440	40,357	3,302785E+1
218,013	30,440	40,357	3,254514E+1
219,013	30,440	40,357	3,299295E+1
220,013	30,439	40,357	3,342095E+1
221,014	30,429	40,357	3,390836E+1
222,014	30,443	40,357	3,473261E+1
223,014	30,433	40,357	3,464597E+1
224,014	30,416	40,357	3,548984E+1
225,014	30,413	40,357	3,659172E+1
226,014	30,393	40,357	3,717925E+1
227,014	30,392	40,357	3,840089E+1
228,014	30,381	40,357	3,891022E+1
229,014	30,381	40,357	3,979647E+1
230,014	30,407	40,357	4,024647E+1
231,014	30,410	40,357	3,968655E+1
232,014	30,417	40,357	3,999762E+1
233,014	30,427	40,357	4,014959E+1
234,014	30,446	40,357	4,024134E+1
235,014	30,434	40,357	3,993691E+1
236,014	30,440	40,357	4,084011E+1
237,014	30,433	40,357	4,107024E+1
238,014	30,426	40,357	4,179541E+1
239,015	30,438	40,357	4,250109E+1
240,015	30,450	40,357	4,247403E+1
241,015	30,446	40,357	4,244644E+1
242,015	30,444	40,357	4,305227E+1
243,015	30,458	40,357	4,359884E+1
244,015	30,463	40,357	4,347194E+1
245,015	30,457	40,357	4,370100E+1
246,015	30,488	40,357	4,440527E+1
247,015	30,470	40,357	4,364425E+1
248,015	30,464	40,357	4,480265E+1
249,015	30,480	40,357	4,546748E+1
250,015	30,492	40,357	4,527977E+1
251,015	30,526	40,357	4,527010E+1
252,015	30,523	40,357	4,434858E+1
253,015	30,513	40,357	4,491135E+1
254,015	30,507	40,357	4,575162E+1
255,016	30,500	40,357	4,643385E+1
256,016	30,521	40,357	4,715596E+1
257,016	30,532	40,357	4,674916E+1
258,016	30,531	40,357	4,679704E+1
259,016	30,538	40,357	4,726051E+1
260,016	30,562	40,357	4,740702E+1
261,016	30,572	40,357	4,691923E+1
262,016	30,557	40,357	4,698509E+1
263,016	30,572	40,357	4,798166E+1
264,016	30,598	40,357	4,786943E+1
265,016	30,615	40,357	4,726128E+1
266,016	30,626	40,357	4,700853E+1
267,016	30,631	40,357	4,703280E+1
268,016	30,657	40,357	4,727364E+1
269,016	30,624	40,357	4,670243E+1
270,016	30,661	40,357	4,842817E+1
271,016	30,662	40,357	4,740162E+1
272,016	30,661	40,357	4,779980E+1
273,017	30,658	40,357	4,827719E+1
274,017	30,648	40,357	4,883387E+1
275,017	30,669	40,357	4,964822E+1
276,017	30,696	40,357	4,929415E+1
277,017	30,696	40,357	4,866225E+1
278,017	30,700	40,357	4,907869E+1
279,017	30,681	40,357	4,933618E+1
280,017	30,651	40,357	5,056465E+1
281,017	30,662	40,357	5,217045E+1
282,017	30,663	40,357	5,217286E+1
283,017	30,669	40,357	5,255119E+1
284,017	30,726	40,357	5,277096E+1
285,017	30,769	40,357	5,096973E+1
286,017	30,739	40,357	4,968105E+1
287,017	30,779	40,357	5,128285E+1
288,017	30,805	40,357	5,013221E+1
289,018	30,828	40,357	4,957410E+1
290,018	30,826	40,357	4,909454E+1
291,018	30,822	40,357	4,958384E+1
292,018	30,809	40,357	5,017269E+1
293,018	30,816	40,357	5,113813E+1
294,018	30,834	40,357	5,127211E+1
295,018	30,857	40,357	5,098972E+1
296,018	30,884	40,357	5,050839E+1
297,018	30,898	40,357	4,986754E+1
298,018	30,944	40,357	4,974057E+1
299,018	30,934	40,357	4,834546E+1
300,018	30,965	40,357	4,918610E+1
301,018	30,953	40,357	4,838331E+1
302,018	30,947	40,357	4,926307E+1
303,018	30,923	40,357	4,994524E+1
304,018	31,014	40,357	5,130129E+1
305,018	31,008	40,357	4,810181E+1
306,019	31,005	40,357	4,878120E+1
307,019	31,058	40,357	4,930240E+1
308,019	31,065	40,357	4,766428E+1
309,019	31,114	40,357	4,780683E+1
310,019	31,087	40,357	4,626510E+1
311,019	31,083	40,357	4,777208E+1
312,019	31,110	40,357	4,832935E+1
313,019	31,108	40,357	4,769810E+1
314,019	31,093	40,357	4,815570E+1
315,019	31,080	40,357	4,920727E+1
316,019	31,084	40,357	5,014027E+1
317,019	31,090	40,357	5,036149E+1
318,019	31,076	40,357	5,056183E+1
319,019	31,054	40,357	5,153498E+1
320,019	31,046	40,357	5,282575E+1
321,019	31,045	40,357	5,356280E+1
322,020	31,062	40,357	5,402327E+1
323,020	31,062	40,357	5,374992E+1
324,020	31,077	40,357	5,418941E+1
325,020	31,084	40,357	5,401478E+1
326,020	31,105	40,357	5,415644E+1
327,020	31,154	40,357	5,376289E+1
328,020	31,172	40,357	5,219955E+1
329,020	31,222	40,357	5,190228E+1
330,020	31,197	40,357	5,035567E+1
331,020	31,197	40,357	5,173891E+1
332,020	31,216	40,357	5,215208E+1
333,020	31,250	40,357	5,183265E+1
334,020	31,256	40,357	5,091804E+1
335,020	31,233	40,357	5,109154E+1
336,020	31,227	40,357	5,237420E+1
337,020	31,172	40,357	5,302390E+1
338,020	31,159	40,357	5,565499E+1
339,021	31,150	40,357	5,656503E+1
340,021	31,140	40,357	5,733696E+1
341,021	31,137	40,357	5,812952E+1
342,021	31,179	40,357	5,868394E+1
343,021	31,210	40,357	5,741629E+1
344,021	31,239	40,357	5,660239E+1
345,021	31,281	40,357	5,588615E+1
346,021	31,305	40,357	5,463371E+1
347,021	31,286	40,357	5,409299E+1
348,021	31,293	40,357	5,525414E+1
349,021	31,291	40,357	5,538678E+1
350,021	31,382	40,357	5,589470E+1
351,021	31,365	40,357	5,267862E+1
352,021	31,331	40,357	5,375746E+1
353,021	31,375	40,357	5,551105E+1
354,021	31,379	40,357	5,419462E+1
355,021	31,380	40,357	5,444172E+1
356,022	31,361	40,357	5,480751E+1
357,022	31,370	40,357	5,594590E+1
358,022	31,409	40,357	5,597569E+1
359,022	31,385	40,357	5,485599E+1
360,022	31,415	40,357	5,621096E+1
361,022	31,417	40,357	5,544722E+1
362,022	31,401	40,357	5,575195E+1
363,022	31,403	40,357	5,680939E+1
364,022	31,483	40,357	5,711475E+1
365,022	31,488	40,357	5,436906E+1
366,022	31,483	40,357	5,455186E+1
367,022	31,503	40,357	5,517065E+1
368,023	31,499	40,357	5,475910E+1
369,023	31,511	40,357	5,529717E+1
370,023	31,526	40,357	5,522165E+1
371,023	31,549	40,357	5,502672E+1
372,023	31,571	40,357	5,453394E+1
373,023	31,573	40,357	5,407977E+1
374,023	31,536	40,357	5,439726E+1
375,023	31,572	40,357	5,624014E+1
376,023	31,576	40,357	5,521203E+1
377,023	31,641	40,357	5,545021E+1
378,023	31,652	40,357	5,327124E+1
379,023	31,668	40,357	5,322895E+1
380,023	31,632	40,357	5,300786E+1
381,023	31,644	40,357	5,480682E+1
382,023	31,605	40,357	5,472532E+1
383,024	31,630	40,357	5,664421E+1
384,024	31,648	40,357	5,606862E+1
385,024	31,660	40,357	5,574947E+1
386,024	31,660	40,357	5,566724E+1
387,024	31,627	40,357	5,604013E+1
388,024	31,599	40,357	5,776096E+1
389,024	31,604	40,357	5,926379E+1
390,024	31,598	40,357	5,946153E+1
391,024	31,593	40,357	6,009410E+1
392,024	31,583	40,357	6,070752E+1
393,024	31,607	40,357	6,147969E+1
394,024	31,614	40,357	6,094473E+1
395,024	31,635	40,357	6,104268E+1
396,024	31,681	40,357	6,060538E+1
397,024	31,707	40,357	5,915676E+1
398,024	31,691	40,357	5,851831E+1
399,025	31,708	40,357	5,956264E+1
400,025	31,705	40,357	5,928036E+1
401,025	31,712	40,357	5,978976E+1
402,025	31,673	40,357	5,990307E+1
403,025	31,695	40,357	6,181889E+1
404,025	31,733	40,357	6,135910E+1
405,025	31,762	40,357	6,022475E+1
406,025	31,782	40,357	5,946508E+1
407,025	31,801	40,357	5,908090E+1
408,025	31,815	40,357	5,871487E+1
409,025	31,826	40,357	5,854649E+1
410,025	31,873	40,357	5,847654E+1
411,025	31,874	40,357	5,699946E+1
412,025	31,879	40,357	5,736271E+1
413,025	31,904	40,357	5,756744E+1
414,025	31,884	40,357	5,692009E+1
415,025	31,862	40,357	5,811402E+1
416,025	31,904	40,357	5,934849E+1
417,026	31,937	40,357	5,808771E+1
418,026	31,977	40,357	5,716185E+1
419,026	31,987	40,357	5,593733E+1
420,026	31,949	40,357	5,591985E+1
421,026	31,944	40,357	5,782323E+1
422,026	31,940	40,357	5,842043E+1
423,026	31,943	40,357	5,893901E+1
424,026	31,933	40,357	5,920058E+1
425,026	31,937	40,357	5,997635E+1
426,026	32,020	40,357	6,017842E+1
427,026	32,013	40,357	5,728973E+1
428,026	32,061	40,357	5,794353E+1
429,026	32,050	40,357	5,641841E+1
430,026	32,046	40,357	5,720904E+1
431,026	32,058	40,357	5,776241E+1
432,027	32,011	40,357	5,766221E+1
433,027	32,008	40,357	5,989920E+1
434,027	32,041	40,357	6,037511E+1
435,027	32,013	40,357	5,948416E+1
436,027	32,062	40,357	6,094968E+1
437,027	32,090	40,357	5,936475E+1
438,027	32,084	40,357	5,862984E+1
439,027	32,107	40,357	5,928046E+1
440,027	32,123	40,357	5,872291E+1
441,027	32,147	40,357	5,844165E+1
442,027	32,228	40,357	5,788230E+1
443,027	32,234	40,357	5,504358E+1
444,027	32,206	40,357	5,517290E+1
445,027	32,208	40,357	5,666893E+1
446,027	32,171	40,357	5,693794E+1
447,027	32,229	40,357	5,879174E+1
448,027	32,223	40,357	5,684348E+1
449,027	32,195	40,357	5,744822E+1
450,028	32,162	40,357	5,894474E+1
451,028	32,123	40,357	6,060104E+1
452,028	32,187	40,357	6,249655E+1
453,028	32,174	40,357	6,035229E+1
454,028	32,209	40,357	6,123629E+1
455,028	32,197	40,357	6,023880E+1
456,028	32,230	40,357	6,104258E+1
457,028	32,210	40,357	6,014309E+1
458,028	32,182	40,357	6,126291E+1
459,028	32,237	40,357	6,275999E+1
460,028	32,213	40,357	6,094989E+1
461,028	32,156	40,357	6,226748E+1
462,028	32,159	40,357	6,489369E+1
463,028	32,185	40,357	6,516494E+1
464,028	32,206	40,357	6,446532E+1
465,028	32,213	40,357	6,402241E+1
466,029	32,260	40,357	6,409292E+1
467,029	32,251	40,357	6,261854E+1
468,029	32,218	40,357	6,336020E+1
469,029	32,215	40,357	6,501397E+1
470,029	32,215	40,357	6,552016E+1
471,029	32,249	40,357	6,584820E+1
472,029	32,256	40,357	6,488882E+1
473,029	32,251	40,357	6,497721E+1
474,029	32,219	40,357	6,554111E+1
475,029	32,261	40,357	6,715524E+1
476,029	32,276	40,357	6,589816E+1
477,029	32,280	40,357	6,563014E+1
478,029	32,316	40,357	6,585596E+1
479,029	32,397	40,357	6,481407E+1
480,029	32,367	40,357	6,194793E+1
481,030	32,383	40,357	6,349603E+1
482,030	32,385	40,357	6,322285E+1
483,030	32,434	40,357	6,352347E+1
484,030	32,459	40,357	6,192214E+1
485,030	32,441	40,357	6,128933E+1
486,030	32,418	40,357	6,237897E+1
487,030	32,426	40,357	6,364775E+1
488,030	32,404	40,357	6,364965E+1
489,030	32,441	40,357	6,489925E+1
490,030	32,507	40,357	6,381213E+1
491,030	32,563	40,357	6,155450E+1
492,030	32,586	40,357	5,967030E+1
493,030	32,593	40,357	5,911091E+1
494,030	32,605	40,357	5,920461E+1
495,031	32,598	40,357	5,904011E+1
496,031	32,576	40,357	5,968694E+1
497,031	32,588	40,357	6,088917E+1
498,031	32,621	40,357	6,076502E+1
499,031	32,700	40,357	5,980825E+1
500,031	32,716	40,357	5,706732E+1
501,031	32,685	40,357	5,675897E+1
502,031	32,677	40,357	5,833229E+1
503,031	32,721	40,357	5,899569E+1
504,031	32,758	40,357	5,757927E+1
505,031	32,739	40,357	5,647816E+1
506,031	32,716	40,357	5,757376E+1
507,031	32,692	40,357	5,880925E+1
508,031	32,749	40,357	6,012535E+1
509,031	32,754	40,357	5,819281E+1
510,032	32,748	40,357	5,837817E+1
511,032	32,740	40,357	5,891927E+1
512,032	32,730	40,357	5,959996E+1
513,032	32,714	40,357	6,032030E+1
514,032	32,731	40,357	6,131810E+1
515,032	32,756	40,357	6,100944E+1
516,032	32,752	40,357	6,034377E+1
517,032	32,760	40,357	6,086494E+1
518,032	32,829	40,357	6,087157E+1
519,032	32,838	40,357	5,846117E+1
520,032	32,891	40,357	5,848375E+1
521,032	32,938	40,357	5,670347E+1
522,032	32,983	40,357	5,517867E+1
523,032	33,069	40,357	5,375012E+1
524,033	33,036	40,357	5,065576E+1
525,033	33,040	40,357	5,229238E+1
526,033	33,052	40,357	5,248427E+1
527,033	33,023	40,357	5,233921E+1
528,033	33,020	40,357	5,379833E+1
529,033	33,043	40,357	5,422855E+1
530,033	33,037	40,357	5,368812E+1
531,033	33,086	40,357	5,425613E+1
532,033	33,105	40,357	5,262536E+1
533,033	33,108	40,357	5,222066E+1
534,033	33,130	40,357	5,238964E+1
535,033	33,115	40,357	5,188487E+1
536,033	33,090	40,357	5,280588E+1
537,033	33,060	40,357	5,410334E+1
538,033	33,138	40,357	5,562014E+1
539,034	33,175	40,357	5,285907E+1
540,034	33,164	40,357	5,169919E+1
541,034	33,169	40,357	5,247912E+1
542,034	33,187	40,357	5,258599E+1
543,034	33,133	40,357	5,221714E+1
544,034	33,085	40,357	5,470032E+1
545,034	33,079	40,357	5,690861E+1
546,034	33,105	40,357	5,745489E+1
547,034	33,176	40,357	5,675331E+1
548,034	33,168	40,357	5,428735E+1
549,034	33,143	40,357	5,494839E+1
550,034	33,162	40,357	5,624378E+1
551,034	33,128	40,357	5,581701E+1
552,034	33,154	40,357	5,748874E+1
553,035	33,178	40,357	5,678497E+1
554,035	33,161	40,357	5,613945E+1
555,035	33,153	40,357	5,715699E+1
556,035	33,177	40,357	5,779889E+1
557,035	33,153	40,357	5,719305E+1
558,035	33,218	40,357	5,846822E+1
559,035	33,243	40,357	5,619825E+1
560,035	33,239	40,357	5,551023E+1
561,035	33,260	40,357	5,598992E+1
562,035	33,300	40,357	5,549904E+1
563,035	33,360	40,357	5,423460E+1
564,035	33,442	40,357	5,217589E+1
565,035	33,450	40,357	4,924278E+1
566,035	33,535	40,357	4,923804E+1
567,035	33,577	40,357	4,620181E+1
568,035	33,597	40,357	4,484572E+1
569,035	33,582	40,357	4,433963E+1
570,036	33,522	40,357	4,525901E+1
571,036	33,534	40,357	4,794231E+1
572,036	33,504	40,357	4,775568E+1
573,036	33,502	40,357	4,925244E+1
574,036	33,565	40,357	4,962131E+1
575,036	33,580	40,357	4,745441E+1
576,036	33,508	40,357	4,716676E+1
577,036	33,502	40,357	5,030578E+1
578,036	33,472	40,357	5,085275E+1
579,036	33,498	40,357	5,237074E+1
580,036	33,487	40,357	5,165144E+1
581,036	33,475	40,357	5,237719E+1
582,036	33,556	40,357	5,318266E+1
583,036	33,560	40,357	5,030379E+1
584,036	33,643	40,357	5,043260E+1
585,036	33,614	40,357	4,745084E+1
586,037	33,642	40,357	4,892286E+1
587,037	33,642	40,357	4,809812E+1
588,037	33,631	40,357	4,840163E+1
589,037	33,594	40,357	4,914038E+1
590,037	33,638	40,357	5,089031E+1
591,037	33,623	40,357	4,947208E+1
592,037	33,602	40,357	5,036981E+1
593,037	33,595	40,357	5,150595E+1
594,037	33,599	40,357	5,208832E+1
595,037	33,586	40,357	5,223516E+1
596,037	33,586	40,357	5,305540E+1
597,037	33,582	40,357	5,336114E+1
598,037	33,593	40,357	5,382537E+1
599,037	33,555	40,357	5,371555E+1
600,037	33,541	40,357	5,552666E+1
601,037	33,560	40,357	5,636841E+1
602,037	33,550	40,357	5,592335E+1
603,038	33,567	40,357	5,664630E+1
604,038	33,600	40,357	5,626029E+1
605,038	33,651	40,357	5,523953E+1
606,038	33,663	40,357	5,356348E+1
607,038	33,650	40,357	5,339083E+1
608,038	33,587	40,357	5,418840E+1
609,038	33,565	40,357	5,698777E+1
610,038	33,554	40,357	5,816486E+1
611,038	33,553	40,357	5,890739E+1
612,038	33,617	40,357	5,923438E+1
613,038	33,608	40,357	5,700574E+1
614,038	33,633	40,357	5,768647E+1
615,038	33,639	40,357	5,698084E+1
616,038	33,628	40,357	5,706651E+1
617,038	33,620	40,357	5,780570E+1
618,039	33,704	40,357	5,840671E+1
619,039	33,740	40,357	5,540240E+1
620,039	33,718	40,357	5,425658E+1
621,039	33,745	40,357	5,544685E+1
622,039	33,769	40,357	5,469663E+1
623,039	33,754	40,357	5,404457E+1
624,039	33,770	40,357	5,493610E+1
625,039	33,778	40,357	5,456070E+1
626,039	33,736	40,357	5,458104E+1
627,039	33,753	40,357	5,650236E+1
628,039	33,747	40,357	5,614753E+1
629,039	33,768	40,357	5,668346E+1
630,039	33,734	40,357	5,614985E+1
631,039	33,727	40,357	5,777473E+1
632,039	33,725	40,357	5,839074E+1
633,039	33,738	40,357	5,874957E+1
634,040	33,763	40,357	5,853393E+1
635,040	33,733	40,357	5,786205E+1
636,040	33,712	40,357	5,934850E+1
637,040	33,724	40,357	6,047969E+1
638,040	33,705	40,357	6,028448E+1
639,040	33,809	40,357	6,133681E+1
640,040	33,794	40,357	5,749662E+1
641,040	33,816	40,357	5,842623E+1
642,040	33,797	40,357	5,785090E+1
643,040	33,799	40,357	5,887929E+1
644,040	33,808	40,357	5,911607E+1
645,040	33,841	40,357	5,905560E+1
646,040	33,877	40,357	5,804379E+1
647,040	33,879	40,357	5,691163E+1
648,040	33,924	40,357	5,710519E+1
649,041	33,941	40,357	5,561468E+1
650,041	33,972	40,357	5,523157E+1
651,041	34,007	40,357	5,427317E+1
652,041	34,024	40,357	5,319448E+1
653,041	34,010	40,357	5,280762E+1
654,041	34,034	40,357	5,366811E+1
655,041	34,083	40,357	5,300407E+1
656,041	34,070	40,357	5,132800E+1
657,041	34,041	40,357	5,214619E+1
658,041	34,014	40,357	5,355934E+1
659,041	34,055	40,357	5,489454E+1
660,041	34,138	40,357	5,359602E+1
661,041	34,216	40,357	5,059221E+1
662,041	34,231	40,357	4,774258E+1
663,041	34,222	40,357	4,744532E+1
664,042	34,221	40,357	4,805873E+1
665,042	34,189	40,357	4,839516E+1
666,042	34,210	40,357	4,994015E+1
667,042	34,233	40,357	4,936677E+1
668,042	34,249	40,357	4,877261E+1
669,042	34,236	40,357	4,839539E+1
670,042	34,254	40,357	4,916647E+1
671,042	34,325	40,357	4,874944E+1
672,042	34,433	40,357	4,619200E+1
673,042	34,418	40,357	4,218511E+1
674,042	34,369	40,357	4,306673E+1
675,042	34,303	40,357	4,527667E+1
676,042	34,255	40,357	4,816187E+1
677,042	34,255	40,357	5,035693E+1
678,043	34,246	40,357	5,063248E+1
679,043	34,215	40,357	5,124482E+1
680,043	34,191	40,357	5,276887E+1
681,043	34,200	40,357	5,399717E+1
682,043	34,236	40,357	5,389920E+1
683,043	34,242	40,357	5,275080E+1
684,043	34,214	40,357	5,276964E+1
685,043	34,258	40,357	5,417498E+1
686,043	34,242	40,357	5,272878E+1
687,043	34,238	40,357	5,359853E+1
688,043	34,314	40,357	5,405293E+1
689,043	34,358	40,357	5,131818E+1
690,043	34,394	40,357	4,984766E+1
691,043	34,518	40,357	4,869185E+1
692,043	34,527	40,357	4,404817E+1
693,043	34,526	40,357	4,395496E+1
694,044	34,529	40,357	4,427790E+1
695,044	34,514	40,357	4,442209E+1
696,044	34,539	40,357	4,525980E+1
697,044	34,548	40,357	4,453307E+1
698,044	34,517	40,357	4,441936E+1
699,044	34,547	40,357	4,594956E+1
700,044	34,573	40,357	4,498498E+1
701,044	34,606	40,357	4,425674E+1
702,044	34,540	40,357	4,319057E+1
703,044	34,544	40,357	4,608516E+1
704,044	34,489	40,357	4,614973E+1
705,044	34,485	40,357	4,863105E+1
706,044	34,594	40,357	4,903471E+1
707,044	34,653	40,357	4,496145E+1
708,044	34,608	40,357	4,292328E+1
709,045	34,611	40,357	4,496388E+1
710,045	34,579	40,357	4,508481E+1
711,045	34,584	40,357	4,659264E+1
712,045	34,565	40,357	4,667495E+1
713,045	34,551	40,357	4,768846E+1
714,045	34,560	40,357	4,850470E+1
715,045	34,523	40,357	4,841027E+1
716,045	34,621	40,357	5,013806E+1
717,045	34,645	40,357	4,649866E+1
718,045	34,616	40,357	4,580670E+1
719,045	34,557	40,357	4,723347E+1
720,045	34,537	40,357	4,983043E+1
721,045	34,556	40,357	5,088477E+1
722,045	34,652	40,357	5,037493E+1
723,045	34,620	40,357	4,685289E+1
724,045	34,611	40,357	4,835886E+1
725,046	34,581	40,357	4,901385E+1
726,046	34,615	40,357	5,044220E+1
727,046	34,555	40,357	4,933603E+1
728,046	34,505	40,357	5,199245E+1
729,046	34,532	40,357	5,421601E+1
730,046	34,510	40,357	5,341016E+1
731,046	34,569	40,357	5,456466E+1
732,046	34,533	40,357	5,249095E+1
733,046	34,459	40,357	5,417897E+1
734,046	34,437	40,357	5,739357E+1
735,046	34,475	40,357	5,851180E+1
736,046	34,499	40,357	5,725364E+1
737,046	34,486	40,357	5,658834E+1
738,046	34,523	40,357	5,736768E+1
739,047	34,551	40,357	5,616675E+1
740,047	34,534	40,357	5,532074E+1
741,047	34,534	40,357	5,623668E+1
742,047	34,573	40,357	5,651940E+1
743,047	34,566	40,357	5,525687E+1
744,047	34,583	40,357	5,575579E+1
745,047	34,604	40,357	5,536349E+1
746,047	34,587	40,357	5,479213E+1
747,047	34,590	40,357	5,570567E+1
748,047	34,632	40,357	5,584732E+1
749,047	34,587	40,357	5,448318E+1
750,047	34,527	40,357	5,648510E+1
751,047	34,508	40,357	5,914278E+1
752,047	34,507	40,357	6,015886E+1
753,048	34,481	40,357	6,046285E+1
754,048	34,493	40,357	6,173711E+1
755,048	34,553	40,357	6,154676E+1
756,048	34,572	40,357	5,945400E+1
757,048	34,562	40,357	5,896353E+1
758,048	34,530	40,357	5,962073E+1
759,048	34,569	40,357	6,113053E+1
760,048	34,546	40,357	5,984836E+1
761,048	34,529	40,357	6,104084E+1
762,048	34,533	40,357	6,195703E+1
763,048	34,656	40,357	6,206196E+1
764,048	34,677	40,357	5,747091E+1
765,048	34,727	40,357	5,685666E+1
766,048	34,702	40,357	5,513198E+1
767,048	34,717	40,357	5,639681E+1
768,049	34,726	40,357	5,605756E+1
769,049	34,714	40,357	5,595563E+1
770,049	34,760	40,357	5,668536E+1
771,049	34,838	40,357	5,511753E+1
772,049	34,889	40,357	5,229950E+1
773,049	34,941	40,357	5,048836E+1
774,049	34,964	40,357	4,871449E+1
775,049	34,927	40,357	4,802818E+1
776,049	34,998	40,357	4,973748E+1
777,049	35,029	40,357	4,714965E+1
778,049	35,008	40,357	4,618312E+1
779,049	34,992	40,357	4,727583E+1
780,049	34,953	40,357	4,815135E+1
781,049	34,930	40,357	4,993890E+1
782,049	34,974	40,357	5,109401E+1
783,049	35,017	40,357	4,957588E+1
784,050	34,992	40,357	4,809536E+1
785,050	35,058	40,357	4,936665E+1
786,050	35,038	40,357	4,695421E+1
787,050	35,053	40,357	4,798591E+1
788,050	35,032	40,357	4,763197E+1
789,050	34,994	40,357	4,870327E+1
790,050	35,006	40,357	5,046941E+1
791,050	35,026	40,357	5,023586E+1
792,050	35,043	40,357	4,966521E+1
793,050	35,094	40,357	4,927219E+1
794,050	35,087	40,357	4,745155E+1
795,050	35,055	40,357	4,800615E+1
796,050	34,996	40,357	4,949224E+1
797,050	34,987	40,357	5,206939E+1
798,051	34,977	40,357	5,266806E+1
799,051	35,053	40,357	5,330701E+1
800,051	35,109	40,357	5,051857E+1
801,051	35,115	40,357	4,857904E+1
802,051	35,063	40,357	4,853844E+1
803,051	35,061	40,357	5,085530E+1
804,051	35,089	40,357	5,119340E+1
805,051	35,102	40,357	5,030331E+1
806,051	35,114	40,357	5,000628E+1
807,051	35,138	40,357	4,976807E+1
808,051	35,133	40,357	4,909347E+1
809,051	35,156	40,357	4,948764E+1
810,051	35,184	40,357	4,883200E+1
811,051	35,189	40,357	4,797723E+1
812,051	35,213	40,357	4,797309E+1
813,052	35,266	40,357	4,729511E+1
814,052	35,228	40,357	4,540760E+1
815,052	35,222	40,357	4,716295E+1
816,052	35,159	40,357	4,761249E+1
817,052	35,157	40,357	5,032077E+1
818,052	35,136	40,357	5,063470E+1
819,052	35,156	40,357	5,172137E+1
820,052	35,195	40,357	5,114509E+1
821,052	35,127	40,357	4,983440E+1
822,052	35,136	40,357	5,276180E+1
823,052	35,180	40,357	5,268095E+1
824,052	35,203	40,357	5,113371E+1
825,052	35,246	40,357	5,047594E+1
826,052	35,325	40,357	4,898508E+1
827,052	35,353	40,357	4,612528E+1
828,052	35,344	40,357	4,520346E+1
829,053	35,320	40,357	4,578600E+1
830,053	35,269	40,357	4,700290E+1
831,053	35,273	40,357	4,923130E+1
832,053	35,291	40,357	4,928274E+1
833,053	35,258	40,357	4,881889E+1
834,053	35,318	40,357	5,035519E+1
835,053	35,329	40,357	4,820807E+1
836,053	35,377	40,357	4,799998E+1
837,053	35,355	40,357	4,634472E+1
838,053	35,363	40,357	4,742149E+1
839,053	35,355	40,357	4,733038E+1
840,053	35,457	40,357	4,787286E+1
841,053	35,546	40,357	4,405722E+1
842,053	35,542	40,357	4,077187E+1
843,053	35,506	40,357	4,112781E+1
844,053	35,497	40,357	4,277164E+1
845,053	35,470	40,357	4,334729E+1
846,054	35,468	40,357	4,463655E+1
847,054	35,547	40,357	4,493646E+1
848,054	35,564	40,357	4,200723E+1
849,054	35,581	40,357	4,155081E+1
850,054	35,575	40,357	4,113325E+1
851,054	35,555	40,357	4,158667E+1
852,054	35,524	40,357	4,257526E+1
853,054	35,510	40,357	4,402060E+1
854,054	35,590	40,357	4,479333E+1
855,054	35,546	40,357	4,182258E+1
856,054	35,539	40,357	4,380123E+1
857,054	35,546	40,357	4,429560E+1
858,054	35,520	40,357	4,423580E+1
859,054	35,486	40,357	4,548322E+1
860,054	35,555	40,357	4,702899E+1
861,055	35,584	40,357	4,453499E+1
862,055	35,641	40,357	4,360276E+1
863,055	35,615	40,357	4,157940E+1
864,055	35,671	40,357	4,278293E+1
865,055	35,687	40,357	4,079797E+1
866,055	35,666	40,357	4,037561E+1
867,055	35,677	40,357	4,143857E+1
868,055	35,733	40,357	4,121436E+1
869,055	35,722	40,357	3,916742E+1
870,055	35,671	40,357	3,981183E+1
871,055	35,662	40,357	4,206187E+1
872,055	35,683	40,357	4,262986E+1
873,055	35,636	40,357	4,202959E+1
874,055	35,605	40,357	4,406331E+1
875,055	35,581	40,357	4,554438E+1
876,055	35,556	40,357	4,667051E+1
877,055	35,552	40,357	4,791611E+1
878,056	35,567	40,357	4,825179E+1
879,056	35,552	40,357	4,789421E+1
880,056	35,541	40,357	4,870483E+1
881,056	35,545	40,357	4,933805E+1
882,056	35,623	40,357	4,941682E+1
883,056	35,597	40,357	4,654332E+1
884,056	35,566	40,357	4,780708E+1
885,056	35,626	40,357	4,923053E+1
886,056	35,650	40,357	4,706950E+1
887,056	35,650	40,357	4,635200E+1
888,056	35,623	40,357	4,656456E+1
889,056	35,597	40,357	4,780732E+1
890,056	35,661	40,357	4,905124E+1
891,056	35,764	40,357	4,675012E+1
892,056	35,731	40,357	4,290085E+1
893,056	35,683	40,357	4,439621E+1
894,057	35,687	40,357	4,650676E+1
895,057	35,735	40,357	4,653951E+1
896,057	35,739	40,357	4,486850E+1
897,057	35,720	40,357	4,491850E+1
898,057	35,677	40,357	4,587985E+1
899,057	35,788	40,357	4,781282E+1
900,057	35,822	40,357	4,358643E+1
901,057	35,845	40,357	4,246536E+1
902,057	35,837	40,357	4,175882E+1
903,057	35,883	40,357	4,227954E+1
904,057	35,856	40,357	4,068081E+1
905,057	35,853	40,357	4,193285E+1
906,057	35,880	40,357	4,225496E+1
907,057	35,862	40,357	4,140833E+1
908,057	35,864	40,357	4,230391E+1
909,057	35,879	40,357	4,244764E+1
910,058	35,881	40,357	4,203619E+1
911,058	35,880	40,357	4,215915E+1
912,058	35,838	40,357	4,238107E+1
913,058	35,804	40,357	4,424735E+1
914,058	35,797	40,357	4,581836E+1
915,058	35,875	40,357	4,628149E+1
916,058	35,889	40,357	4,341663E+1
917,058	35,852	40,357	4,304448E+1
918,058	35,865	40,357	4,473206E+1
919,058	35,913	40,357	4,440057E+1
920,058	35,925	40,357	4,270150E+1
921,058	35,910	40,357	4,242667E+1
922,058	35,849	40,357	4,322111E+1
923,058	35,823	40,357	4,587849E+1
924,058	35,898	40,357	4,709244E+1
925,058	35,921	40,357	4,432548E+1
926,058	35,977	40,357	4,363531E+1
927,059	35,958	40,357	4,157716E+1
928,059	35,957	40,357	4,254755E+1
929,059	35,931	40,357	4,280582E+1
930,059	35,954	40,357	4,401469E+1
931,059	35,978	40,357	4,332304E+1
932,059	35,948	40,357	4,255132E+1
933,059	35,963	40,357	4,393753E+1
934,059	36,010	40,357	4,352247E+1
935,059	35,931	40,357	4,187840E+1
936,059	35,951	40,357	4,520487E+1
937,059	35,924	40,357	4,463208E+1
938,059	35,922	40,357	4,590087E+1
939,059	35,933	40,357	4,614088E+1
940,059	35,917	40,357	4,592488E+1
941,059	35,977	40,357	4,675861E+1
942,059	36,017	40,357	4,456193E+1
943,060	36,036	40,357	4,319459E+1
944,060	35,997	40,357	4,261811E+1
945,060	35,984	40,357	4,437810E+1
946,060	35,990	40,357	4,510987E+1
947,060	35,963	40,357	4,503000E+1
948,060	35,949	40,357	4,631679E+1
949,060	35,919	40,357	4,706991E+1
950,060	35,953	40,357	4,843782E+1
951,060	35,948	40,357	4,733084E+1
952,060	36,023	40,357	4,772764E+1
953,060	36,050	40,357	4,491544E+1
954,060	36,026	40,357	4,404130E+1
955,060	35,995	40,357	4,520651E+1
956,060	35,968	40,357	4,665019E+1
957,060	35,974	40,357	4,789717E+1
958,060	35,999	40,357	4,783781E+1
959,061	35,992	40,357	4,704513E+1
960,061	35,962	40,357	4,753906E+1
961,061	36,007	40,357	4,890503E+1
962,061	36,002	40,357	4,736026E+1
963,061	35,984	40,357	4,773481E+1
964,061	35,989	40,357	4,862486E+1
965,061	35,983	40,357	4,862418E+1
966,061	35,969	40,357	4,907894E+1
967,061	35,931	40,357	4,981135E+1
968,061	35,967	40,357	5,153493E+1
969,061	35,977	40,357	5,030837E+1
970,061	35,971	40,357	5,009056E+1
971,061	36,002	40,357	5,056587E+1
972,061	36,002	40,357	4,953544E+1
973,061	36,008	40,357	4,971250E+1
974,061	35,962	40,357	4,967122E+1
975,061	35,945	40,357	5,171004E+1
976,061	35,954	40,357	5,254248E+1
977,062	35,993	40,357	5,240508E+1
978,062	35,969	40,357	5,103881E+1
979,062	36,019	40,357	5,218658E+1
980,062	36,114	40,357	5,042338E+1
981,062	36,198	40,357	4,685511E+1
982,062	36,171	40,357	4,373822E+1
983,062	36,154	40,357	4,497604E+1
984,062	36,158	40,357	4,583864E+1
985,062	36,189	40,357	4,586993E+1
986,062	36,248	40,357	4,481142E+1
987,062	36,269	40,357	4,270150E+1
988,062	36,310	40,357	4,205499E+1
989,062	36,294	40,357	4,059526E+1
990,062	36,295	40,357	4,139233E+1
991,062	36,283	40,357	4,155578E+1
992,062	36,279	40,357	4,221467E+1
993,063	36,263	40,357	4,257693E+1
994,063	36,281	40,357	4,337524E+1
995,063	36,323	40,357	4,284690E+1
996,063	36,311	40,357	4,138680E+1
997,063	36,361	40,357	4,202445E+1
998,063	36,413	40,357	4,022601E+1
999,063	36,474	40,357	3,836589E+1
1000,063	36,463	40,357	3,612702E+1
1001,063	36,542	40,357	3,671842E+1
1002,063	36,504	40,357	3,376406E+1
1003,063	36,488	40,357	3,544199E+1
1004,063	36,493	40,357	3,624993E+1
1005,063	36,436	40,357	3,620671E+1
1006,063	36,428	40,357	3,865946E+1
1007,063	36,386	40,357	3,913386E+1
1008,063	36,386	40,357	4,101484E+1
1009,064	36,337	40,357	4,117436E+1
1010,064	36,396	40,357	4,331499E+1
1011,064	36,511	40,357	4,113917E+1
1012,064	36,458	40,357	3,674144E+1
1013,064	36,461	40,357	3,903489E+1
1014,064	36,466	40,357	3,909208E+1
1015,064	36,495	40,357	3,905008E+1
1016,064	36,434	40,357	3,811632E+1
1017,064	36,487	40,357	4,066809E+1
1018,064	36,422	40,357	3,876502E+1
1019,064	36,413	40,357	4,153505E+1
1020,064	36,445	40,357	4,206936E+1
1021,064	36,500	40,357	4,093992E+1
1022,064	36,469	40,357	3,895712E+1
1023,064	36,483	40,357	4,037939E+1
1024,064	36,493	40,357	3,998044E+1
1025,064	36,548	40,357	3,973933E+1
1026,065	36,488	40,357	3,775436E+1
1027,065	36,416	40,357	4,030371E+1
1028,065	36,427	40,357	4,335105E+1
1029,065	36,413	40,357	4,309335E+1
1030,065	36,382	40,357	4,378575E+1
1031,065	36,386	40,357	4,523174E+1
1032,065	36,361	40,357	4,521313E+1
1033,065	36,359	40,357	4,642261E+1
1034,065	36,331	40,357	4,664287E+1
1035,065	36,332	40,357	4,795244E+1
1036,065	36,342	40,357	4,811442E+1
1037,065	36,412	40,357	4,788015E+1
1038,065	36,427	40,357	4,528787E+1
1039,065	36,502	40,357	4,487167E+1
1040,065	36,508	40,357	4,209742E+1
1041,065	36,478	40,357	4,199398E+1
1042,066	36,518	40,357	4,339623E+1
1043,066	36,550	40,357	4,196652E+1
1044,066	36,541	40,357	4,087194E+1
1045,066	36,492	40,357	4,140045E+1
1046,066	36,489	40,357	4,351444E+1
1047,066	36,486	40,357	4,380766E+1
1048,066	36,529	40,357	4,410118E+1
1049,066	36,541	40,357	4,255239E+1
1050,066	36,532	40,357	4,226956E+1
1051,066	36,501	40,357	4,279865E+1
1052,066	36,477	40,357	4,421930E+1
1053,066	36,495	40,357	4,534438E+1
1054,066	36,489	40,357	4,480640E+1
1055,066	36,453	40,357	4,517892E+1
1056,066	36,459	40,357	4,677997E+1
1057,066	36,468	40,357	4,671849E+1
1058,067	36,474	40,357	4,655769E+1
1059,067	36,436	40,357	4,647575E+1
1060,067	36,428	40,357	4,817653E+1
1061,067	36,430	40,357	4,867056E+1
1062,067	36,419	40,357	4,874892E+1
1063,067	36,424	40,357	4,938188E+1
1064,067	36,453	40,357	4,936158E+1
1065,067	36,470	40,357	4,840993E+1
1066,067	36,564	40,357	4,789285E+1
1067,067	36,538	40,357	4,434384E+1
1068,067	36,490	40,357	4,554530E+1
1069,067	36,530	40,357	4,761980E+1
1070,067	36,570	40,357	4,620934E+1
1071,067	36,580	40,357	4,481722E+1
1072,067	36,600	40,357	4,457204E+1
1073,067	36,582	40,357	4,393032E+1
1074,068	36,555	40,357	4,481315E+1
1075,068	36,661	40,357	4,609302E+1
1076,068	36,671	40,357	4,204492E+1
1077,068	36,642	40,357	4,181558E+1
1078,068	36,642	40,357	4,313108E+1
1079,068	36,655	40,357	4,329883E+1
1080,068	36,718	40,357	4,295148E+1
1081,068	36,700	40,357	4,062243E+1
1082,068	36,703	40,357	4,149995E+1
1083,068	36,696	40,357	4,152657E+1
1084,068	36,711	40,357	4,200835E+1
1085,068	36,685	40,357	4,155954E+1
1086,068	36,684	40,357	4,275436E+1
1087,068	36,648	40,357	4,295979E+1
1088,068	36,660	40,357	4,455206E+1
1089,068	36,641	40,357	4,422442E+1
1090,069	36,626	40,357	4,518362E+1
1091,069	36,635	40,357	4,592596E+1
1092,069	36,680	40,357	4,575764E+1
1093,069	36,751	40,357	4,412290E+1
1094,069	36,769	40,357	4,147573E+1
1095,069	36,773	40,357	4,092535E+1
1096,069	36,739	40,357	4,092888E+1
1097,069	36,776	40,357	4,243788E+1
1098,069	36,787	40,357	4,115519E+1
1099,069	36,737	40,357	4,088090E+1
1100,069	36,697	40,357	4,300344E+1
1101,069	36,790	40,357	4,475197E+1
1102,069	36,762	40,357	4,121252E+1
1103,069	36,776	40,357	4,250265E+1
1104,069	36,764	40,357	4,209045E+1
1105,069	36,743	40,357	4,276723E+1
1106,070	36,766	40,357	4,372194E+1
1107,070	36,777	40,357	4,299360E+1
1108,070	36,745	40,357	4,271990E+1
1109,070	36,776	40,357	4,414948E+1
1110,070	36,798	40,357	4,306446E+1
1111,070	36,801	40,357	4,235461E+1
1112,070	36,812	40,357	4,241607E+1
1113,070	36,803	40,357	4,214079E+1
1114,070	36,844	40,357	4,265747E+1
1115,070	36,864	40,357	4,117361E+1
1116,070	36,895	40,357	4,057939E+1
1117,070	36,963	40,357	3,948919E+1
1118,070	36,987	40,357	3,693136E+1
1119,070	37,057	40,357	3,613350E+1
1120,070	37,082	40,357	3,353203E+1
1121,070	37,063	40,357	3,267052E+1
1122,070	37,062	40,357	3,359102E+1
1123,071	37,078	40,357	3,379919E+1
1124,071	37,088	40,357	3,327442E+1
1125,071	37,059	40,357	3,302623E+1
1126,071	37,022	40,357	3,432288E+1
1127,071	37,001	40,357	3,597743E+1
1128,071	36,957	40,357	3,694031E+1
1129,071	36,959	40,357	3,885505E+1
1130,071	36,969	40,357	3,890955E+1
1131,071	36,931	40,357	3,868657E+1
1132,071	36,888	40,357	4,032542E+1
1133,071	36,894	40,357	4,220370E+1
1134,071	36,946	40,357	4,212263E+1
1135,071	36,907	40,357	4,019884E+1
1136,071	36,914	40,357	4,187864E+1
1137,071	36,884	40,357	4,177655E+1
1138,071	36,993	40,357	4,312069E+1
1139,072	36,950	40,357	3,895865E+1
1140,072	36,927	40,357	4,083414E+1
1141,072	36,931	40,357	4,189932E+1
1142,072	36,984	40,357	4,187592E+1
1143,073	37,034	40,357	3,993063E+1
1144,073	37,029	40,357	3,808199E+1
1145,073	37,009	40,357	3,843013E+1
1146,074	36,945	40,357	3,939280E+1
1147,074	36,916	40,357	4,205986E+1
1148,074	36,936	40,357	4,338277E+1
1149,074	36,925	40,357	4,276551E+1
1150,074	37,002	40,357	4,335585E+1
1151,074	37,008	40,357	4,044010E+1
1152,074	37,042	40,357	4,033405E+1
1153,074	37,043	40,357	3,915789E+1
1154,074	37,100	40,357	3,924829E+1
1155,074	37,077	40,357	3,715909E+1
1156,074	37,033	40,357	3,821748E+1
1157,074	37,093	40,357	4,010898E+1
1158,074	37,081	40,357	3,790153E+1
1159,074	37,062	40,357	3,850460E+1
1160,074	37,043	40,357	3,942517E+1
1161,075	37,102	40,357	4,030699E+1
1162,075	37,123	40,357	3,813871E+1
1163,075	37,150	40,357	3,745364E+1
1164,075	37,204	40,357	3,652988E+1
1165,075	37,228	40,357	3,449548E+1
1166,075	37,204	40,357	3,368689E+1
1167,075	37,249	40,357	3,479891E+1
1168,075	37,253	40,357	3,313845E+1
1169,075	37,234	40,357	3,314009E+1
1170,075	37,220	40,357	3,401341E+1
1171,075	37,270	40,357	3,472880E+1
1172,075	37,323	40,357	3,286951E+1
1173,075	37,319	40,357	3,092883E+1
1174,075	37,227	40,357	3,124400E+1
1175,075	37,224	40,357	3,500666E+1
1176,075	37,218	40,357	3,528668E+1
1177,075	37,221	40,357	3,562629E+1
1178,076	37,245	40,357	3,566895E+1
1179,076	37,258	40,357	3,485961E+1
1180,076	37,230	40,357	3,448504E+1
1181,076	37,173	40,357	3,571460E+1
1182,076	37,168	40,357	3,813407E+1
1183,076	37,136	40,357	3,847596E+1
1184,076	37,106	40,357	3,990784E+1
1185,076	37,072	40,357	4,122202E+1
1186,076	37,040	40,357	4,273595E+1
1187,076	37,073	40,357	4,413227E+1
1188,076	37,062	40,357	4,297450E+1
1189,076	37,130	40,357	4,355864E+1
1190,076	37,122	40,357	4,099327E+1
1191,076	37,131	40,357	4,147576E+1
1192,076	37,144	40,357	4,126523E+1
1193,076	37,136	40,357	4,087600E+1
1194,077	37,133	40,357	4,137766E+1
1195,077	37,138	40,357	4,162233E+1
1196,077	37,182	40,357	4,156965E+1
1197,077	37,206	40,357	3,997176E+1
1198,077	37,165	40,357	3,918399E+1
1199,077	37,152	40,357	4,095082E+1
1200,077	37,166	40,357	4,159012E+1
1201,077	37,135	40,357	4,116031E+1
1202,077	37,109	40,357	4,255249E+1
1203,077	37,098	40,357	4,372816E+1
1204,077	37,067	40,357	4,431068E+1
1205,077	37,063	40,357	4,568614E+1
1206,077	37,111	40,357	4,599334E+1
1207,077	37,178	40,357	4,424004E+1
1208,077	37,170	40,357	4,171209E+1
1209,078	37,210	40,357	4,219241E+1
1210,078	37,219	40,357	4,075156E+1
1211,078	37,188	40,357	4,053706E+1
1212,078	37,183	40,357	4,190705E+1
1213,078	37,207	40,357	4,226793E+1
1214,078	37,230	40,357	4,142085E+1
1215,078	37,218	40,357	4,067142E+1
1216,078	37,401	40,357	4,130790E+1
1217,078	37,364	40,357	3,419887E+1
1218,078	37,401	40,357	3,579827E+1
1219,078	37,376	40,357	3,442779E+1
1220,078	37,378	40,357	3,557162E+1
1221,078	37,401	40,357	3,562698E+1
1222,078	37,450	40,357	3,483050E+1
1223,078	37,428	40,357	3,304213E+1
1224,078	37,459	40,357	3,402541E+1
1225,078	37,467	40,357	3,292922E+1
1226,079	37,440	40,357	3,276289E+1
1227,079	37,420	40,357	3,396319E+1
1228,079	37,368	40,357	3,486755E+1
1229,079	37,427	40,357	3,706052E+1
1230,079	37,436	40,357	3,489736E+1
1231,079	37,412	40,357	3,465327E+1
1232,079	37,437	40,357	3,575592E+1
1233,079	37,397	40,357	3,487855E+1
1234,079	37,432	40,357	3,661512E+1
1235,079	37,382	40,357	3,534220E+1
1236,079	37,378	40,357	3,747522E+1
1237,079	37,307	40,357	3,774826E+1
1238,079	37,335	40,357	4,069598E+1
1239,079	37,282	40,357	3,970459E+1
1240,079	37,279	40,357	4,198051E+1
1241,079	37,316	40,357	4,223825E+1
1242,080	37,364	40,357	4,089141E+1
1243,080	37,418	40,357	3,910704E+1
1244,080	37,434	40,357	3,710254E+1
1245,080	37,483	40,357	3,660127E+1
1246,080	37,466	40,357	3,483135E+1
1247,080	37,479	40,357	3,561493E+1
1248,080	37,517	40,357	3,523050E+1
1249,080	37,545	40,357	3,383486E+1
1250,080	37,561	40,357	3,287346E+1
1251,080	37,528	40,357	3,234666E+1
1252,080	37,555	40,357	3,382019E+1
1253,080	37,594	40,357	3,283840E+1
1254,080	37,587	40,357	3,141962E+1
1255,080	37,535	40,357	3,182172E+1
1256,080	37,570	40,357	3,404677E+1
1257,080	37,613	40,357	3,276762E+1
1258,080	37,695	40,357	3,118970E+1
1259,081	37,624	40,357	2,804474E+1
1260,081	37,645	40,357	3,099794E+1
1261,081	37,669	40,357	3,030908E+1
1262,081	37,638	40,357	2,946081E+1
1263,081	37,709	40,357	3,083030E+1
1264,081	37,676	40,357	2,812009E+1
1265,081	37,688	40,357	2,952739E+1
1266,081	37,629	40,357	2,917296E+1
1267,081	37,667	40,357	3,167081E+1
1268,081	37,657	40,357	3,026855E+1
1269,081	37,600	40,357	3,078624E+1
1270,081	37,591	40,357	3,316665E+1
1271,081	37,559	40,357	3,364775E+1
1272,081	37,560	40,357	3,504057E+1
1273,081	37,605	40,357	3,512729E+1
1274,082	37,699	40,357	3,347057E+1
1275,082	37,741	40,357	2,987032E+1
1276,082	37,738	40,357	2,832619E+1
1277,082	37,733	40,357	2,856330E+1
1278,082	37,707	40,357	2,885975E+1
1279,082	37,701	40,357	3,002821E+1
1280,082	37,722	40,357	3,036580E+1
1281,082	37,739	40,357	2,969326E+1
1282,082	37,752	40,357	2,911887E+1
1283,082	37,744	40,357	2,870218E+1
1284,082	37,763	40,357	2,915658E+1
1285,082	37,697	40,357	2,852186E+1
1286,082	37,716	40,357	3,123415E+1
1287,082	37,708	40,357	3,062123E+1
1288,082	37,712	40,357	3,105746E+1
1289,082	37,701	40,357	3,103840E+1
1290,083	37,674	40,357	3,155408E+1
1291,083	37,663	40,357	3,278342E+1
1292,083	37,665	40,357	3,332064E+1
1293,083	37,581	40,357	3,336316E+1
1294,083	37,587	40,357	3,679308E+1
1295,083	37,576	40,357	3,670049E+1
1296,083	37,578	40,357	3,726141E+1
1297,083	37,545	40,357	3,732756E+1
1298,083	37,537	40,357	3,874080E+1
1299,083	37,522	40,357	3,918488E+1
1300,083	37,524	40,357	3,990643E+1
1301,083	37,531	40,357	3,995520E+1
1302,083	37,550	40,357	3,980577E+1
1303,083	37,541	40,357	3,918068E+1
1304,083	37,593	40,357	3,964409E+1
1305,083	37,593	40,357	3,775060E+1
1306,084	37,615	40,357	3,783569E+1
1307,084	37,668	40,357	3,710859E+1
1308,084	37,742	40,357	3,513240E+1
1309,084	37,730	40,357	3,230194E+1
1310,084	37,672	40,357	3,291529E+1
1311,084	37,669	40,357	3,533202E+1
1312,084	37,636	40,357	3,555232E+1
1313,084	37,654	40,357	3,700103E+1
1314,084	37,663	40,357	3,641069E+1
1315,084	37,639	40,357	3,615633E+1
1316,084	37,584	40,357	3,726852E+1
1317,084	37,576	40,357	3,957051E+1
1318,084	37,606	40,357	3,999292E+1
1319,084	37,620	40,357	3,892982E+1
1320,084	37,674	40,357	3,849933E+1
1321,084	37,686	40,357	3,650311E+1
1322,084	37,698	40,357	3,612912E+1
1323,084	37,634	40,357	3,575445E+1
1324,085	37,614	40,357	3,843003E+1
1325,085	37,620	40,357	3,934557E+1
1326,085	37,634	40,357	3,925138E+1
1327,085	37,651	40,357	3,880046E+1
1328,085	37,659	40,357	3,826977E+1
1329,085	37,674	40,357	3,807488E+1
1330,085	37,697	40,357	3,760252E+1
1331,085	37,686	40,357	3,681225E+1
1332,085	37,680	40,357	3,734842E+1
1333,085	37,689	40,357	3,772658E+1
1334,085	37,695	40,357	3,749088E+1
1335,085	37,698	40,357	3,733414E+1
1336,085	37,752	40,357	3,735514E+1
1337,085	37,724	40,357	3,533559E+1
1338,085	37,718	40,357	3,654284E+1
1339,085	37,698	40,357	3,693907E+1
1340,085	37,682	40,357	3,783090E+1
1341,086	37,724	40,357	3,858493E+1
1342,086	37,793	40,357	3,704169E+1
1343,086	37,747	40,357	3,442663E+1
1344,086	37,867	40,357	3,636493E+1
1345,086	37,829	40,357	3,174800E+1
1346,086	37,813	40,357	3,334620E+1
1347,086	37,819	40,357	3,407450E+1
1348,086	37,811	40,357	3,397142E+1
1349,086	37,763	40,357	3,442294E+1
1350,086	37,721	40,357	3,643969E+1
1351,086	37,731	40,357	3,820130E+1
1352,086	37,731	40,357	3,790418E+1
1353,086	37,695	40,357	3,802273E+1
1354,086	37,685	40,357	3,956770E+1
1355,086	37,676	40,357	4,008411E+1
1356,086	37,761	40,357	4,058115E+1
1357,086	37,777	40,357	3,731448E+1
1358,086	37,761	40,357	3,681754E+1
1359,087	37,742	40,357	3,754819E+1
1360,087	37,749	40,357	3,843803E+1
1361,087	37,732	40,357	3,827875E+1
1362,087	37,707	40,357	3,907010E+1
1363,087	37,701	40,357	4,015939E+1
1364,087	37,669	40,357	4,055639E+1
1365,087	37,679	40,357	4,190476E+1
1366,087	37,724	40,357	4,162977E+1
1367,087	37,706	40,357	3,996766E+1
1368,087	37,721	40,357	4,083947E+1
1369,087	37,710	40,357	4,034493E+1
1370,087	37,722	40,357	4,089981E+1
1371,087	37,748	40,357	4,054387E+1
1372,087	37,746	40,357	3,961297E+1
1373,087	37,722	40,357	3,982970E+1
1374,087	37,736	40,357	4,089854E+1
1375,087	37,685	40,357	4,048262E+1
1376,087	37,686	40,357	4,260194E+1
1377,088	37,708	40,357	4,268309E+1
1378,088	37,703	40,357	4,193188E+1
1379,088	37,697	40,357	4,226942E+1
1380,088	37,698	40,357	4,262702E+1
1381,088	37,734	40,357	4,268784E+1
1382,088	37,702	40,357	4,136157E+1
1383,088	37,752	40,357	4,276784E+1
1384,088	37,782	40,357	4,092629E+1
1385,088	37,728	40,357	3,983558E+1
1386,088	37,719	40,357	4,207154E+1
1387,088	37,763	40,357	4,254683E+1
1388,088	37,709	40,357	4,096216E+1
1389,088	37,770	40,357	4,319924E+1
1390,088	37,767	40,357	4,092153E+1
1391,088	37,823	40,357	4,111761E+1
1392,088	37,867	40,357	3,901568E+1
1393,089	37,846	40,357	3,738669E+1
1394,089	37,844	40,357	3,837080E+1
1395,089	37,873	40,357	3,854364E+1
1396,089	37,859	40,357	3,752787E+1
1397,089	37,880	40,357	3,817496E+1
1398,089	37,859	40,357	3,743588E+1
1399,089	37,827	40,357	3,839959E+1
1400,089	37,791	40,357	3,978031E+1
1401,089	37,837	40,357	4,130116E+1
1402,089	37,906	40,357	3,961418E+1
1403,089	37,881	40,357	3,701382E+1
1404,089	37,841	40,357	3,809528E+1
1405,089	37,800	40,357	3,981179E+1
1406,089	37,811	40,357	4,153014E+1
1407,089	37,823	40,357	4,118995E+1
1408,089	37,805	40,357	4,086904E+1
1409,089	37,836	40,357	4,167688E+1
1410,090	37,871	40,357	4,058363E+1
1411,090	37,956	40,357	3,929089E+1
1412,090	37,972	40,357	3,605503E+1
1413,090	37,958	40,357	3,550970E+1
1414,090	37,951	40,357	3,617212E+1
1415,090	37,923	40,357	3,657761E+1
1416,090	37,900	40,357	3,777590E+1
1417,090	37,936	40,357	3,879713E+1
1418,090	37,963	40,357	3,746196E+1
1419,090	38,056	40,357	3,652116E+1
1420,090	38,020	40,357	3,296417E+1
1421,090	38,009	40,357	3,449461E+1
1422,090	37,982	40,357	3,501609E+1
1423,090	37,921	40,357	3,619193E+1
1424,090	37,883	40,357	3,873596E+1
1425,091	37,850	40,357	4,033183E+1
1426,091	37,956	40,357	4,173128E+1
1427,091	37,994	40,357	3,766428E+1
1428,091	38,041	40,357	3,626715E+1
1429,091	38,062	40,357	3,451149E+1
1430,091	38,140	40,357	3,376418E+1
1431,091	38,169	40,357	3,079704E+1
1432,091	38,124	40,357	2,974810E+1
1433,091	38,080	40,357	3,161010E+1
1434,091	38,051	40,357	3,347422E+1
1435,091	38,145	40,357	3,472599E+1
1436,091	38,106	40,357	3,110560E+1
1437,091	38,201	40,357	3,277057E+1
1438,091	38,194	40,357	2,908829E+1
1439,091	38,180	40,357	2,948281E+1
1440,091	38,196	40,357	3,013532E+1
1441,092	38,165	40,357	2,957977E+1
1442,092	38,170	40,357	3,092547E+1
1443,092	38,131	40,357	3,080655E+1
1444,092	38,118	40,357	3,245058E+1
1445,092	38,105	40,357	3,306620E+1
1446,092	38,081	40,357	3,368239E+1
1447,092	38,062	40,357	3,475484E+1
1448,092	38,015	40,357	3,561046E+1
1449,092	38,024	40,357	3,755657E+1
1450,092	38,015	40,357	3,730572E+1
1451,092	38,053	40,357	3,776767E+1
1452,092	38,093	40,357	3,634795E+1
1453,092	38,075	40,357	3,488688E+1
1454,092	38,109	40,357	3,572213E+1
1455,092	38,214	40,357	3,443841E+1
1456,092	38,186	40,357	3,039934E+1
1457,092	38,197	40,357	3,160554E+1
1458,092	38,216	40,357	3,128753E+1
1459,093	38,192	40,357	3,063226E+1
1460,093	38,180	40,357	3,166010E+1
1461,093	38,159	40,357	3,225314E+1
1462,093	38,131	40,357	3,318354E+1
1463,093	38,112	40,357	3,437244E+1
1464,093	38,095	40,357	3,520597E+1
1465,093	38,088	40,357	3,600072E+1
1466,093	38,075	40,357	3,636051E+1
1467,093	38,058	40,357	3,699775E+1
1468,093	38,115	40,357	3,777438E+1
1469,093	38,066	40,357	3,559989E+1
1470,093	38,080	40,357	3,764262E+1
1471,093	38,105	40,357	3,721114E+1
1472,093	38,110	40,357	3,632339E+1
1473,093	38,115	40,357	3,622707E+1
1474,093	38,106	40,357	3,611052E+1
1475,093	38,135	40,357	3,656844E+1
1476,094	38,141	40,357	3,554071E+1
1477,094	38,142	40,357	3,542313E+1
1478,094	38,159	40,357	3,546378E+1
