t	IF	IR	VF	VR
0,000	0,000	0,075	0,000E+0	3,000E+1
0,002	0,000	0,075	3,000E-1	3,000E+1
1,001	0,000	0,075	3,000E-1	3,000E+1
2,002	0,000	0,075	3,000E-1	3,000E+1
3,003	0,000	0,075	3,000E-1	3,000E+1
4,004	0,000	0,075	3,000E-1	3,000E+1
5,005	0,000	0,075	3,000E-1	3,000E+1
6,005	0,000	0,075	3,000E-1	3,000E+1
7,005	0,000	0,075	3,000E-1	3,000E+1
8,005	0,000	0,075	3,000E-1	3,000E+1
9,006	0,000	0,075	3,000E-1	3,000E+1
10,006	0,000	0,075	3,000E-1	3,000E+1
11,006	0,000	0,075	3,000E-1	3,000E+1
12,006	0,000	0,075	3,000E-1	3,000E+1
13,008	0,000	0,075	3,000E-1	3,000E+1
14,010	0,000	0,075	3,000E-1	3,000E+1
15,011	0,000	0,075	3,000E-1	3,000E+1
16,012	0,000	0,075	3,000E-1	3,000E+1
17,012	0,000	0,075	3,000E-1	3,000E+1
18,013	0,000	0,075	3,000E-1	3,000E+1
19,013	0,000	0,075	3,000E-1	3,000E+1
20,013	0,000	0,075	3,000E-1	3,000E+1
21,013	0,000	0,075	3,000E-1	3,000E+1
22,014	0,000	0,075	3,000E-1	3,000E+1
23,015	0,000	0,075	3,000E-1	3,000E+1
24,016	0,000	0,075	3,000E-1	3,000E+1
25,016	0,000	0,075	3,000E-1	3,000E+1
26,016	0,000	0,075	3,000E-1	3,000E+1
27,016	0,000	0,075	3,000E-1	3,000E+1
28,017	0,000	0,075	3,000E-1	3,000E+1
29,019	0,000	0,075	3,000E-1	3,000E+1
30,019	0,000	0,075	3,000E-1	3,000E+1
31,020	0,000	0,075	3,000E-1	3,000E+1
32,021	0,000	0,075	3,000E-1	3,000E+1
33,021	0,000	0,075	3,000E-1	3,000E+1
34,022	0,000	0,075	3,000E-1	3,000E+1
35,023	0,000	0,075	3,000E-1	3,000E+1
36,023	0,000	0,075	3,000E-1	3,000E+1
37,023	0,000	0,075	3,000E-1	3,000E+1
38,025	0,000	0,075	3,000E-1	3,000E+1
39,025	0,000	0,075	3,000E-1	3,000E+1
40,026	0,000	0,075	3,000E-1	3,000E+1
41,027	0,000	0,075	3,000E-1	3,000E+1
42,027	0,000	0,075	3,000E-1	3,000E+1
43,027	0,000	0,075	3,000E-1	3,000E+1
44,027	0,000	0,075	3,000E-1	3,000E+1
45,027	0,000	0,075	3,000E-1	3,000E+1
46,027	0,000	0,075	3,000E-1	3,000E+1
47,027	0,000	0,075	3,000E-1	3,000E+1
48,029	0,000	0,075	3,000E-1	3,000E+1
49,030	0,000	0,075	3,000E-1	3,000E+1
50,031	0,000	0,075	3,000E-1	3,000E+1
51,032	0,000	0,075	3,000E-1	3,000E+1
52,032	0,000	0,075	3,000E-1	3,000E+1
53,033	0,000	0,075	3,000E-1	3,000E+1
54,034	0,000	0,075	3,000E-1	3,000E+1
55,034	0,000	0,075	3,000E-1	3,000E+1
56,034	0,000	0,075	3,000E-1	3,000E+1
57,035	0,000	0,075	3,000E-1	3,000E+1
58,035	0,000	0,075	3,000E-1	3,000E+1
59,036	0,000	0,075	3,000E-1	3,000E+1
60,038	0,000	0,075	3,000E-1	3,000E+1
61,038	0,000	0,075	3,000E-1	3,000E+1
62,039	0,000	0,075	3,000E-1	3,000E+1
63,040	0,000	0,075	3,000E-1	3,000E+1
64,041	0,000	0,075	3,000E-1	3,000E+1
65,042	0,000	0,075	3,000E-1	3,000E+1
66,044	0,000	0,075	3,000E-1	3,000E+1
67,046	0,000	0,075	3,000E-1	3,000E+1
68,046	0,000	0,075	3,000E-1	3,000E+1
69,047	0,000	0,075	3,000E-1	3,000E+1
70,047	0,000	0,075	3,000E-1	3,000E+1
71,047	0,000	0,075	3,000E-1	3,000E+1
72,047	0,000	0,075	3,000E-1	3,000E+1
73,047	0,000	0,075	3,000E-1	3,000E+1
74,047	0,000	0,075	3,000E-1	3,000E+1
75,048	0,000	0,075	3,000E-1	3,000E+1
76,048	0,000	0,075	3,000E-1	3,000E+1
77,048	0,000	0,075	3,000E-1	3,000E+1
78,049	0,000	0,075	3,000E-1	3,000E+1
79,049	0,000	0,075	3,000E-1	3,000E+1
80,051	0,000	0,075	3,000E-1	3,000E+1
81,050	0,000	0,075	3,000E-1	3,000E+1
82,050	0,000	0,075	3,000E-1	3,000E+1
83,050	0,000	0,075	3,000E-1	3,000E+1
84,050	0,000	0,075	3,000E-1	3,000E+1
85,050	0,000	0,075	3,000E-1	3,000E+1
86,051	0,000	0,075	3,000E-1	3,000E+1
87,051	0,000	0,075	3,000E-1	3,000E+1
88,052	0,000	0,075	3,000E-1	3,000E+1
89,053	0,000	0,075	3,000E-1	3,000E+1
90,054	0,000	0,075	3,000E-1	3,000E+1
91,054	0,000	0,075	3,000E-1	3,000E+1
92,055	0,000	0,075	3,000E-1	3,000E+1
93,055	0,000	0,075	3,000E-1	3,000E+1
94,055	0,000	0,075	3,000E-1	3,000E+1
95,055	0,000	0,075	3,000E-1	3,000E+1
96,055	0,000	0,075	3,000E-1	3,000E+1
97,056	0,000	0,075	3,000E-1	3,000E+1
98,056	0,000	0,075	3,000E-1	3,000E+1
99,057	0,000	0,075	3,000E-1	3,000E+1
100,057	0,000	0,075	3,000E-1	3,000E+1
101,059	0,000	0,075	3,000E-1	3,000E+1
102,059	0,000	0,075	3,000E-1	3,000E+1
103,059	0,000	0,075	3,000E-1	3,000E+1
104,059	0,000	0,075	3,000E-1	3,000E+1
105,060	0,000	0,075	3,000E-1	3,000E+1
106,060	0,000	0,075	3,000E-1	3,000E+1
107,061	0,000	0,075	3,000E-1	3,000E+1
108,062	0,000	0,075	3,000E-1	3,000E+1
109,062	0,000	0,075	3,000E-1	3,000E+1
110,063	0,000	0,075	3,000E-1	3,000E+1
111,063	0,000	0,075	3,000E-1	3,000E+1
112,063	0,000	0,075	3,000E-1	3,000E+1
113,064	0,000	0,075	3,000E-1	3,000E+1
114,064	0,000	0,075	3,000E-1	3,000E+1
115,065	0,000	0,075	3,000E-1	3,000E+1
116,065	0,000	0,075	3,000E-1	3,000E+1
117,065	0,000	0,075	3,000E-1	3,000E+1
118,065	0,000	0,075	3,000E-1	3,000E+1
119,066	0,000	0,075	3,000E-1	3,000E+1
120,067	0,000	0,075	3,000E-1	3,000E+1
121,068	0,000	0,075	3,000E-1	3,000E+1
122,068	0,000	0,075	3,000E-1	3,000E+1
123,068	0,000	0,075	3,000E-1	3,000E+1
124,069	0,000	0,075	3,000E-1	3,000E+1
125,069	0,000	0,075	3,000E-1	3,000E+1
126,070	0,000	0,075	3,000E-1	3,000E+1
127,070	0,000	0,075	3,000E-1	3,000E+1
128,071	0,000	0,075	3,000E-1	3,000E+1
129,072	0,000	0,075	3,000E-1	3,000E+1
130,073	0,000	0,075	3,000E-1	3,000E+1
131,074	0,000	0,075	3,000E-1	3,000E+1
132,074	0,000	0,075	3,000E-1	3,000E+1
133,074	0,000	0,075	3,000E-1	3,000E+1
134,075	0,000	0,075	3,000E-1	3,000E+1
135,075	0,000	0,075	3,000E-1	3,000E+1
136,075	0,000	0,075	3,000E-1	3,000E+1
137,075	0,000	0,075	3,000E-1	3,000E+1
138,077	0,000	0,075	3,000E-1	3,000E+1
139,077	0,000	0,075	3,000E-1	3,000E+1
140,077	0,000	0,075	3,000E-1	3,000E+1
141,079	0,000	0,075	3,000E-1	3,000E+1
142,079	0,000	0,075	3,000E-1	3,000E+1
143,079	0,000	0,075	3,000E-1	3,000E+1
144,080	0,000	0,075	3,000E-1	3,000E+1
145,080	0,000	0,075	3,000E-1	3,000E+1
146,080	0,000	0,075	3,000E-1	3,000E+1
147,080	0,000	0,075	3,000E-1	3,000E+1
148,080	0,000	0,075	3,000E-1	3,000E+1
149,080	0,000	0,075	3,000E-1	3,000E+1
150,080	0,000	0,075	3,000E-1	3,000E+1
151,080	0,000	0,075	3,000E-1	3,000E+1
152,081	0,000	0,075	3,000E-1	3,000E+1
153,081	0,000	0,075	3,000E-1	3,000E+1
154,081	0,000	0,075	3,000E-1	3,000E+1
155,081	0,000	0,075	3,000E-1	3,000E+1
156,082	0,000	0,075	3,000E-1	3,000E+1
157,082	0,000	0,075	3,000E-1	3,000E+1
158,082	0,000	0,075	3,000E-1	3,000E+1
159,082	0,000	0,075	3,000E-1	3,000E+1
160,082	0,000	0,075	3,000E-1	3,000E+1
161,082	0,000	0,075	3,000E-1	3,000E+1
162,083	0,000	0,075	3,000E-1	3,000E+1
163,083	0,000	0,075	3,000E-1	3,000E+1
164,083	0,000	0,075	3,000E-1	3,000E+1
165,084	0,000	0,075	3,000E-1	3,000E+1
166,084	0,000	0,075	3,000E-1	3,000E+1
167,084	0,000	0,075	3,000E-1	3,000E+1
168,084	0,000	0,075	3,000E-1	3,000E+1
169,084	0,000	0,075	3,000E-1	3,000E+1
170,085	0,000	0,075	3,000E-1	3,000E+1
171,086	0,000	0,075	3,000E-1	3,000E+1
172,086	0,000	0,075	3,000E-1	3,000E+1
173,097	0,000	0,075	3,000E-1	3,000E+1
174,097	0,000	0,075	3,000E-1	3,000E+1
175,097	0,000	0,075	3,000E-1	3,000E+1
176,097	0,000	0,075	3,000E-1	3,000E+1
177,097	0,000	0,075	3,000E-1	3,000E+1
178,097	0,000	0,075	3,000E-1	3,000E+1
179,097	0,000	0,075	3,000E-1	3,000E+1
180,097	0,000	0,075	3,000E-1	3,000E+1
181,097	0,000	0,075	3,000E-1	3,000E+1
182,097	0,000	0,075	3,000E-1	3,000E+1
183,097	0,000	0,075	3,000E-1	3,000E+1
184,097	0,000	0,075	3,000E-1	3,000E+1
185,097	0,000	0,075	3,000E-1	3,000E+1
186,098	0,000	0,075	3,000E-1	3,000E+1
187,098	0,000	0,075	3,000E-1	3,000E+1
188,098	0,000	0,075	3,000E-1	3,000E+1
189,099	0,000	0,075	3,000E-1	3,000E+1
190,100	0,000	0,075	3,000E-1	3,000E+1
191,101	0,000	0,075	3,000E-1	3,000E+1
192,102	0,000	0,075	3,000E-1	3,000E+1
193,104	0,000	0,075	3,000E-1	3,000E+1
194,104	0,000	0,075	3,000E-1	3,000E+1
195,104	0,000	0,075	3,000E-1	3,000E+1
196,104	0,000	0,075	3,000E-1	3,000E+1
197,105	0,000	0,075	3,000E-1	3,000E+1
198,105	0,000	0,075	3,000E-1	3,000E+1
199,105	0,000	0,075	3,000E-1	3,000E+1
200,105	0,000	0,075	3,000E-1	3,000E+1
201,106	0,000	0,075	3,000E-1	3,000E+1
202,106	0,000	0,075	3,000E-1	3,000E+1
203,107	0,000	0,075	3,000E-1	3,000E+1
204,108	0,000	0,075	3,000E-1	3,000E+1
205,108	0,000	0,075	3,000E-1	3,000E+1
206,108	0,000	0,075	3,000E-1	3,000E+1
207,109	0,000	0,075	3,000E-1	3,000E+1
208,109	0,000	0,075	3,000E-1	3,000E+1
209,109	0,000	0,075	3,000E-1	3,000E+1
210,110	0,000	0,075	3,000E-1	3,000E+1
211,110	0,000	0,075	3,000E-1	3,000E+1
212,110	0,000	0,075	3,000E-1	3,000E+1
213,110	0,000	0,075	3,000E-1	3,000E+1
214,110	0,000	0,075	3,000E-1	3,000E+1
215,110	0,000	0,075	3,000E-1	3,000E+1
216,111	0,000	0,075	3,000E-1	3,000E+1
217,111	0,000	0,075	3,000E-1	3,000E+1
218,112	0,000	0,075	3,000E-1	3,000E+1
219,112	0,000	0,075	3,000E-1	3,000E+1
220,113	0,000	0,075	3,000E-1	3,000E+1
221,113	0,000	0,075	3,000E-1	3,000E+1
222,113	0,000	0,075	3,000E-1	3,000E+1
223,113	0,000	0,075	3,000E-1	3,000E+1
224,113	0,000	0,075	3,000E-1	3,000E+1
225,114	0,000	0,075	3,000E-1	3,000E+1
226,114	0,000	0,075	3,000E-1	3,000E+1
227,115	0,000	0,075	3,000E-1	3,000E+1
228,115	0,000	0,075	3,000E-1	3,000E+1
229,115	0,000	0,075	3,000E-1	3,000E+1
230,115	0,320	0,075	2,994E+1	3,000E+1
231,115	0,189	0,075	3,000E-1	3,000E+1
232,115	0,320	0,075	1,910E+1	3,000E+1
233,116	0,320	0,075	1,911E+1	3,000E+1
234,116	0,320	0,075	1,911E+1	3,000E+1
235,116	0,320	0,075	1,912E+1	3,000E+1
236,116	0,320	0,075	1,913E+1	3,000E+1
237,117	0,320	0,075	1,913E+1	3,000E+1
238,117	0,320	0,075	1,914E+1	3,000E+1
239,117	0,320	0,075	1,915E+1	3,000E+1
240,117	0,320	0,075	1,915E+1	3,000E+1
241,117	0,320	0,075	1,915E+1	3,000E+1
242,150	0,320	0,075	1,917E+1	3,000E+1
243,151	0,320	0,075	1,917E+1	3,000E+1
244,159	0,320	0,075	1,918E+1	3,000E+1
245,160	0,320	0,075	1,918E+1	3,000E+1
246,160	0,320	0,075	1,919E+1	3,000E+1
247,160	0,320	0,075	1,920E+1	3,000E+1
248,160	0,320	0,075	1,920E+1	3,000E+1
249,160	0,320	0,075	1,921E+1	3,000E+1
250,160	0,320	0,075	1,922E+1	3,000E+1
251,160	0,320	0,075	1,923E+1	3,000E+1
252,160	0,320	0,075	1,923E+1	3,000E+1
253,160	0,320	0,075	1,924E+1	3,000E+1
254,160	0,320	0,075	1,924E+1	3,000E+1
255,160	0,320	0,075	1,925E+1	3,000E+1
256,161	0,320	0,075	1,926E+1	3,000E+1
257,161	0,320	0,075	1,927E+1	3,000E+1
258,162	0,320	0,075	1,927E+1	3,000E+1
259,162	0,320	0,075	1,928E+1	3,000E+1
260,162	0,320	0,075	1,929E+1	3,000E+1
261,162	0,320	0,075	1,930E+1	3,000E+1
262,162	0,320	0,075	1,930E+1	3,000E+1
263,162	0,320	0,075	1,931E+1	3,000E+1
264,163	0,320	0,075	1,932E+1	3,000E+1
265,163	0,320	0,075	1,933E+1	3,000E+1
266,164	0,320	0,075	1,933E+1	3,000E+1
267,164	0,320	0,075	1,934E+1	3,000E+1
268,164	0,320	0,075	1,935E+1	3,000E+1
269,164	0,320	0,075	1,935E+1	3,000E+1
270,164	0,320	0,075	1,936E+1	3,000E+1
271,164	0,320	0,075	1,937E+1	3,000E+1
272,164	0,320	0,075	1,938E+1	3,000E+1
273,164	0,320	0,075	1,938E+1	3,000E+1
274,164	0,320	0,075	1,939E+1	3,000E+1
275,164	0,320	0,075	1,940E+1	3,000E+1
276,164	0,320	0,075	1,941E+1	3,000E+1
277,164	0,320	0,075	1,942E+1	3,000E+1
278,164	0,320	0,075	1,942E+1	3,000E+1
279,165	0,320	0,075	1,943E+1	3,000E+1
280,165	0,320	0,075	1,944E+1	3,000E+1
281,166	0,320	0,075	1,945E+1	3,000E+1
282,167	0,320	0,075	1,945E+1	3,000E+1
283,167	0,320	0,075	1,946E+1	3,000E+1
284,168	0,320	0,075	1,947E+1	3,000E+1
285,168	0,320	0,075	1,948E+1	3,000E+1
286,169	0,320	0,075	1,948E+1	3,000E+1
287,169	0,320	0,075	1,949E+1	3,000E+1
288,170	0,320	0,075	1,950E+1	3,000E+1
289,170	0,320	0,075	1,951E+1	3,000E+1
290,171	0,320	0,075	1,952E+1	3,000E+1
291,171	0,320	0,075	1,952E+1	3,000E+1
292,171	0,320	0,075	1,953E+1	3,000E+1
293,172	0,320	0,075	1,954E+1	3,000E+1
294,172	0,320	0,075	1,955E+1	3,000E+1
295,172	0,320	0,075	1,956E+1	3,000E+1
296,172	0,320	0,075	1,956E+1	3,000E+1
297,173	0,320	0,075	1,957E+1	3,000E+1
298,173	0,320	0,075	1,958E+1	3,000E+1
299,173	0,320	0,075	1,959E+1	3,000E+1
300,174	0,320	0,075	1,960E+1	3,000E+1
301,173	0,320	0,075	1,960E+1	3,000E+1
302,174	0,320	0,075	1,961E+1	3,000E+1
303,174	0,320	0,075	1,962E+1	3,000E+1
304,174	0,320	0,075	1,963E+1	3,000E+1
305,175	0,320	0,075	1,963E+1	3,000E+1
306,175	0,320	0,075	1,964E+1	3,000E+1
307,176	0,320	0,075	1,965E+1	3,000E+1
308,176	0,320	0,075	1,966E+1	3,000E+1
309,176	0,320	0,075	1,967E+1	3,000E+1
310,176	0,320	0,075	1,967E+1	3,000E+1
311,176	0,320	0,075	1,968E+1	3,000E+1
312,176	0,075	0,075	3,000E-1	3,000E+1
313,176	0,075	0,075	4,860E+0	3,000E+1
314,176	0,075	0,075	4,860E+0	3,000E+1
315,177	0,075	0,075	4,870E+0	3,000E+1
316,177	0,075	0,075	4,870E+0	3,000E+1
317,178	0,075	0,075	4,860E+0	3,000E+1
318,178	0,075	0,075	4,870E+0	3,000E+1
319,178	0,075	0,075	4,870E+0	3,000E+1
320,178	0,075	0,075	4,870E+0	3,000E+1
321,178	0,075	0,075	4,870E+0	3,000E+1
322,178	0,075	0,075	4,870E+0	3,000E+1
323,178	0,075	0,075	4,870E+0	3,000E+1
324,178	0,075	0,075	4,870E+0	3,000E+1
325,178	0,075	0,075	4,870E+0	3,000E+1
326,178	0,075	0,075	4,870E+0	3,000E+1
327,179	0,075	0,075	4,870E+0	3,000E+1
328,179	0,075	0,075	4,870E+0	3,000E+1
329,180	0,075	0,075	4,870E+0	3,000E+1
330,180	0,075	0,075	4,870E+0	3,000E+1
331,180	0,075	0,075	4,870E+0	3,000E+1
332,180	0,075	0,075	4,870E+0	3,000E+1
333,179	0,075	0,075	4,870E+0	3,000E+1
334,180	0,075	0,075	4,870E+0	3,000E+1
335,181	0,075	0,075	4,870E+0	3,000E+1
336,181	0,075	0,075	4,870E+0	3,000E+1
337,181	0,075	0,075	4,870E+0	3,000E+1
338,181	0,075	0,075	4,870E+0	3,000E+1
339,182	0,075	0,075	4,870E+0	3,000E+1
340,182	0,075	0,075	4,870E+0	3,000E+1
341,183	0,075	0,075	4,870E+0	3,000E+1
342,183	0,075	0,075	4,870E+0	3,000E+1
343,183	0,075	0,075	4,870E+0	3,000E+1
344,184	0,075	0,075	4,870E+0	3,000E+1
345,184	0,075	0,075	4,870E+0	3,000E+1
346,185	0,075	0,075	4,870E+0	3,000E+1
347,185	0,075	0,075	4,870E+0	3,000E+1
348,185	0,075	0,075	4,870E+0	3,000E+1
349,185	0,075	0,075	4,870E+0	3,000E+1
350,185	0,075	0,075	4,870E+0	3,000E+1
351,185	0,075	0,075	4,870E+0	3,000E+1
352,185	0,075	0,075	4,870E+0	3,000E+1
353,185	0,075	0,075	4,870E+0	3,000E+1
354,185	0,075	0,075	4,870E+0	3,000E+1
355,185	0,075	0,075	4,880E+0	3,000E+1
356,186	0,075	0,075	4,870E+0	3,000E+1
357,186	0,075	0,075	4,870E+0	3,000E+1
358,187	0,075	0,075	4,870E+0	3,000E+1
359,187	0,075	0,075	4,870E+0	3,000E+1
360,187	0,075	0,075	4,870E+0	3,000E+1
361,187	0,075	0,075	4,870E+0	3,000E+1
362,188	0,075	0,075	4,870E+0	3,000E+1
363,188	0,075	0,075	4,870E+0	3,000E+1
364,188	0,075	0,075	4,870E+0	3,000E+1
365,188	0,075	0,075	4,870E+0	3,000E+1
366,189	0,075	0,075	4,870E+0	3,000E+1
367,189	0,075	0,075	4,870E+0	3,000E+1
368,189	0,075	0,075	4,870E+0	3,000E+1
369,189	0,075	0,075	4,870E+0	3,000E+1
370,189	0,075	0,075	4,870E+0	3,000E+1
371,189	0,075	0,075	4,870E+0	3,000E+1
372,189	0,075	0,075	4,870E+0	3,000E+1
373,189	0,075	0,075	4,870E+0	3,000E+1
374,190	0,075	0,075	4,870E+0	3,000E+1
375,190	0,075	0,075	4,870E+0	3,000E+1
376,190	0,075	0,075	4,870E+0	3,000E+1
377,190	0,075	0,075	4,870E+0	3,000E+1
378,190	0,075	0,075	4,870E+0	3,000E+1
379,190	0,075	0,075	4,870E+0	3,000E+1
380,190	0,075	0,075	4,870E+0	3,000E+1
381,191	0,075	0,075	4,870E+0	3,000E+1
382,191	0,075	0,075	4,870E+0	3,000E+1
383,191	0,075	0,075	4,870E+0	3,000E+1
384,192	0,075	0,075	4,870E+0	3,000E+1
385,192	0,075	0,075	4,870E+0	3,000E+1
386,192	0,075	0,075	4,870E+0	3,000E+1
387,193	0,075	0,075	4,870E+0	3,000E+1
388,193	0,075	0,075	4,870E+0	3,000E+1
389,194	0,075	0,075	4,870E+0	3,000E+1
390,195	0,075	0,075	4,870E+0	3,000E+1
391,195	0,075	0,075	4,870E+0	3,000E+1
392,195	0,075	0,075	4,870E+0	3,000E+1
393,195	0,075	0,075	4,870E+0	3,000E+1
394,195	0,075	0,075	4,870E+0	3,000E+1
395,195	0,075	0,075	4,870E+0	3,000E+1
396,196	0,075	0,075	4,870E+0	3,000E+1
397,196	0,075	0,075	4,870E+0	3,000E+1
398,196	0,075	0,075	4,870E+0	3,000E+1
399,198	0,075	0,075	4,870E+0	3,000E+1
400,198	0,075	0,075	4,870E+0	3,000E+1
401,198	0,075	0,075	4,870E+0	3,000E+1
402,198	0,075	0,075	4,870E+0	3,000E+1
403,198	0,075	0,075	4,870E+0	3,000E+1
404,198	0,075	0,075	4,870E+0	3,000E+1
405,198	0,075	0,075	4,870E+0	3,000E+1
406,199	0,075	0,075	4,870E+0	3,000E+1
407,199	0,075	0,075	4,870E+0	3,000E+1
408,199	0,075	0,075	4,870E+0	3,000E+1
409,199	0,075	0,075	4,870E+0	3,000E+1
410,199	0,075	0,075	4,870E+0	3,000E+1
411,200	0,075	0,075	4,870E+0	3,000E+1
412,200	0,075	0,075	4,870E+0	3,000E+1
413,200	0,075	0,075	4,870E+0	3,000E+1
414,200	0,075	0,075	4,870E+0	3,000E+1
415,200	0,075	0,075	4,870E+0	3,000E+1
416,200	0,075	0,075	4,870E+0	3,000E+1
417,200	0,075	0,075	4,870E+0	3,000E+1
418,200	0,075	0,075	4,870E+0	3,000E+1
419,200	0,075	0,075	4,870E+0	3,000E+1
420,200	0,075	0,075	4,870E+0	3,000E+1
421,200	0,075	0,075	4,870E+0	3,000E+1
422,200	0,075	0,075	4,870E+0	3,000E+1
423,200	0,075	0,075	4,870E+0	3,000E+1
424,200	0,075	0,075	4,870E+0	3,000E+1
425,200	0,075	0,075	4,870E+0	3,000E+1
426,201	0,114	0,075	4,870E+0	3,000E+1
427,201	0,320	0,075	1,971E+1	3,000E+1
428,201	0,320	0,075	1,971E+1	3,000E+1
429,201	0,320	0,075	1,972E+1	3,000E+1
430,201	0,320	0,075	1,972E+1	3,000E+1
431,202	0,320	0,075	1,973E+1	3,000E+1
432,202	0,320	0,075	1,973E+1	3,000E+1
433,202	0,320	0,075	1,974E+1	3,000E+1
434,202	0,320	0,075	1,974E+1	3,000E+1
435,202	0,320	0,075	1,975E+1	3,000E+1
436,202	0,320	0,075	1,975E+1	3,000E+1
437,202	0,320	0,075	1,975E+1	3,000E+1
438,202	0,320	0,075	1,976E+1	3,000E+1
439,202	0,320	0,075	1,976E+1	3,000E+1
440,202	0,320	0,075	1,977E+1	3,000E+1
441,202	0,320	0,075	1,978E+1	3,000E+1
442,202	0,320	0,075	1,978E+1	3,000E+1
443,202	0,320	0,075	1,979E+1	3,000E+1
444,202	0,320	0,075	1,979E+1	3,000E+1
445,203	0,320	0,075	1,980E+1	3,000E+1
446,203	0,320	0,075	1,980E+1	3,000E+1
447,203	0,320	0,075	1,981E+1	3,000E+1
448,203	0,320	0,075	1,981E+1	3,000E+1
449,203	0,075	0,075	4,450E+0	3,000E+1
450,203	0,075	0,075	4,900E+0	3,000E+1
451,203	0,075	0,075	4,890E+0	3,000E+1
452,203	0,075	0,075	4,900E+0	3,000E+1
453,203	0,075	0,075	4,900E+0	3,000E+1
454,203	0,075	0,075	4,900E+0	3,000E+1
455,203	0,075	0,075	4,900E+0	3,000E+1
456,203	0,075	0,075	4,900E+0	3,000E+1
457,203	0,075	0,075	4,900E+0	3,000E+1
458,204	0,075	0,075	4,900E+0	3,000E+1
459,204	0,075	0,075	4,900E+0	3,000E+1
460,204	0,075	0,075	4,900E+0	3,000E+1
461,205	0,075	0,075	4,900E+0	3,000E+1
462,205	0,075	0,075	4,900E+0	3,000E+1
463,205	0,075	0,075	4,900E+0	3,000E+1
464,205	0,075	0,075	4,900E+0	3,000E+1
465,205	0,075	0,075	4,900E+0	3,000E+1
466,205	0,075	0,075	4,900E+0	3,000E+1
467,205	0,075	0,075	4,900E+0	3,000E+1
468,206	0,075	0,075	4,900E+0	3,000E+1
469,206	0,075	0,075	4,900E+0	3,000E+1
470,206	0,075	0,075	4,900E+0	3,000E+1
471,206	0,075	0,075	4,900E+0	3,000E+1
472,206	0,075	0,075	4,900E+0	3,000E+1
473,206	0,075	0,075	4,900E+0	3,000E+1
474,206	0,075	0,075	4,900E+0	3,000E+1
475,207	0,075	0,075	4,900E+0	3,000E+1
476,206	0,075	0,075	4,900E+0	3,000E+1
477,207	0,075	0,075	4,900E+0	3,000E+1
478,207	0,075	0,075	4,900E+0	3,000E+1
479,207	0,075	0,075	4,900E+0	3,000E+1
480,208	0,075	0,075	4,910E+0	3,000E+1
481,208	0,075	0,075	4,900E+0	3,000E+1
482,208	0,075	0,075	4,900E+0	3,000E+1
483,209	0,075	0,075	4,900E+0	3,000E+1
484,209	0,075	0,075	4,910E+0	3,000E+1
485,209	0,075	0,075	4,910E+0	3,000E+1
486,209	0,075	0,075	4,910E+0	3,000E+1
487,209	0,075	0,075	4,900E+0	3,000E+1
488,209	0,075	0,075	4,910E+0	3,000E+1
489,209	0,075	0,075	4,910E+0	3,000E+1
490,210	0,075	0,075	4,910E+0	3,000E+1
491,210	0,075	0,075	4,910E+0	3,000E+1
492,211	0,075	0,075	4,910E+0	3,000E+1
