t	PV [ºC]	SP [ºC]	MV[%] 
0,000	0,000	70,000	9,990E+1
0,000	0,000	70,000	9,990E+1
1,988	27,293	70,000	1,000E-2
1,988	27,293	70,000	1,938E+0
1,988	27,284	70,000	4,223E+0
4,006	27,284	70,000	6,154E+0
4,006	27,242	70,000	9,725E+0
6,025	27,242	70,000	1,166E+1
6,025	27,219	70,000	1,452E+1
8,045	27,219	70,000	1,645E+1
8,045	27,181	70,000	1,989E+1
10,064	27,181	70,000	2,182E+1
10,064	27,221	70,000	2,217E+1
12,082	27,221	70,000	2,410E+1
12,082	27,229	70,000	2,574E+1
14,103	27,229	70,000	2,767E+1
14,103	27,212	70,000	3,027E+1
16,122	27,212	70,000	3,220E+1
16,122	27,192	70,000	3,491E+1
18,140	27,192	70,000	3,684E+1
18,140	27,179	70,000	3,929E+1
20,160	27,179	70,000	4,122E+1
20,160	27,144	70,000	4,454E+1
22,177	27,144	70,000	4,648E+1
22,177	27,192	70,000	4,649E+1
24,197	27,192	70,000	4,842E+1
24,197	27,187	70,000	5,055E+1
26,216	27,187	70,000	5,249E+1
26,216	27,182	70,000	5,464E+1
28,236	27,182	70,000	5,657E+1
28,236	27,207	70,000	5,749E+1
30,253	27,207	70,000	5,943E+1
30,253	27,177	70,000	6,257E+1
32,271	27,177	70,000	6,450E+1
32,271	27,157	70,000	6,725E+1
34,288	27,157	70,000	6,918E+1
34,288	27,169	70,000	7,064E+1
36,308	27,169	70,000	7,257E+1
36,308	27,166	70,000	7,459E+1
38,325	27,166	70,000	7,652E+1
38,325	27,167	70,000	7,844E+1
40,343	27,167	70,000	8,037E+1
40,343	27,164	70,000	8,242E+1
42,362	27,164	70,000	8,436E+1
42,362	27,122	70,000	8,796E+1
44,380	27,122	70,000	8,989E+1
44,380	27,141	70,000	9,107E+1
46,401	27,141	70,000	9,301E+1
46,401	27,129	70,000	9,544E+1
48,417	27,129	70,000	9,738E+1
48,417	27,151	70,000	9,840E+1
50,436	27,151	70,000	9,990E+1
50,436	27,128	70,000	9,990E+1
52,454	27,128	70,000	9,990E+1
52,454	27,131	70,000	9,990E+1
54,471	27,131	70,000	9,990E+1
54,471	27,109	70,000	9,990E+1
56,489	27,109	70,000	9,990E+1
56,489	27,082	70,000	9,990E+1
58,507	27,082	71,000	9,990E+1
58,507	27,073	71,000	9,990E+1
60,526	27,073	71,000	9,990E+1
60,526	27,073	71,000	9,990E+1
62,543	27,073	71,000	9,990E+1
62,543	27,089	71,000	9,990E+1
64,561	27,089	71,000	9,990E+1
64,561	27,094	71,000	9,990E+1
66,578	27,094	71,000	9,990E+1
66,578	27,090	71,000	9,990E+1
68,598	27,090	71,000	9,990E+1
68,598	27,065	71,000	9,990E+1
70,616	27,065	71,000	9,990E+1
70,616	27,065	71,000	9,990E+1
72,633	27,065	71,000	9,990E+1
72,633	27,076	71,000	9,990E+1
74,653	27,076	71,000	9,990E+1
74,653	27,076	71,000	9,990E+1
76,670	27,087	71,000	9,990E+1
76,670	27,087	71,000	9,990E+1
78,689	27,080	71,000	9,990E+1
78,689	27,080	71,000	9,990E+1
80,707	27,093	71,000	9,990E+1
80,707	27,093	71,000	9,990E+1
82,725	27,092	71,000	9,990E+1
82,725	27,092	71,000	9,990E+1
84,744	27,081	71,000	9,990E+1
84,744	27,081	71,000	9,990E+1
86,765	27,112	71,000	9,990E+1
86,765	27,112	71,000	9,990E+1
88,783	27,095	71,000	9,990E+1
88,783	27,095	71,000	9,990E+1
90,799	27,119	71,000	9,990E+1
90,799	27,119	71,000	9,990E+1
92,820	27,094	71,000	9,990E+1
92,820	27,094	71,000	9,990E+1
94,836	27,087	71,000	9,990E+1
94,836	27,087	71,000	9,990E+1
96,855	27,073	71,000	9,990E+1
96,855	27,073	71,000	9,990E+1
98,875	27,098	71,000	9,990E+1
98,875	27,098	71,000	9,990E+1
100,894	27,122	71,000	9,990E+1
100,894	27,122	71,000	9,990E+1
102,914	27,069	71,000	9,990E+1
102,914	27,069	71,000	9,990E+1
104,931	27,085	71,000	9,990E+1
104,931	27,085	71,000	9,990E+1
106,951	27,066	71,000	9,990E+1
106,951	27,066	71,000	9,990E+1
108,968	27,098	71,000	9,990E+1
108,968	27,098	71,000	9,990E+1
110,988	27,166	71,000	9,919E+1
110,988	27,166	71,000	9,990E+1
113,007	27,210	71,000	9,990E+1
113,007	27,210	71,000	9,990E+1
115,025	27,256	71,000	9,990E+1
115,025	27,256	71,000	9,990E+1
115,025	27,334	71,000	9,875E+1
117,041	27,334	71,000	9,990E+1
117,041	27,341	71,000	9,990E+1
119,062	27,341	71,000	9,990E+1
119,062	27,373	71,000	9,990E+1
121,080	27,373	71,000	9,990E+1
121,080	27,370	71,000	9,990E+1
123,097	27,370	71,000	9,990E+1
123,097	27,459	71,000	9,836E+1
125,117	27,459	71,000	9,990E+1
125,117	27,450	71,000	9,990E+1
127,136	27,450	71,000	9,990E+1
127,136	27,452	71,000	9,990E+1
129,155	27,452	71,000	9,990E+1
129,155	27,456	71,000	9,990E+1
131,171	27,456	71,000	9,990E+1
131,171	27,454	71,000	9,990E+1
133,189	27,454	71,000	9,990E+1
133,189	27,491	71,000	9,990E+1
135,208	27,491	71,000	9,990E+1
135,208	27,516	71,000	9,990E+1
137,225	27,516	71,000	9,990E+1
137,225	27,649	71,000	9,655E+1
139,243	27,649	71,000	9,851E+1
139,243	27,728	71,000	9,736E+1
141,259	27,728	71,000	9,931E+1
141,259	27,741	71,000	9,990E+1
143,278	27,741	71,000	9,990E+1
143,278	27,822	71,000	9,863E+1
145,296	27,822	71,000	9,990E+1
145,296	27,847	71,000	9,990E+1
147,313	27,847	71,000	9,990E+1
147,313	27,922	71,000	9,890E+1
149,333	27,922	71,000	9,990E+1
149,333	27,994	71,000	9,897E+1
151,350	27,994	71,000	9,990E+1
151,350	28,005	71,000	9,990E+1
153,370	28,005	71,000	9,990E+1
153,370	28,062	71,000	9,958E+1
155,387	28,062	71,000	9,990E+1
155,387	28,162	71,000	9,790E+1
157,405	28,162	71,000	9,983E+1
157,405	28,172	71,000	9,990E+1
159,424	28,172	71,000	9,990E+1
159,424	28,193	71,000	9,990E+1
161,444	28,193	71,000	9,990E+1
161,444	28,178	71,000	9,990E+1
163,463	28,178	71,000	9,990E+1
163,463	28,245	71,000	9,920E+1
165,479	28,245	71,000	9,990E+1
165,479	28,251	71,000	9,990E+1
167,498	28,251	71,000	9,990E+1
167,498	28,323	71,000	9,896E+1
169,514	28,323	71,000	9,990E+1
169,514	28,349	71,000	9,990E+1
171,533	28,349	71,000	9,990E+1
171,533	28,426	71,000	9,990E+1
173,549	28,426	71,000	9,877E+1
173,549	28,426	71,000	9,990E+1
175,536	28,466	71,000	9,990E+1
175,536	28,425	71,000	9,990E+1
177,560	28,425	71,000	9,990E+1
177,560	28,505	71,000	9,990E+1
179,576	28,505	71,000	9,869E+1
179,576	28,492	71,000	9,990E+1
181,597	28,492	71,000	9,990E+1
181,597	28,556	71,000	9,990E+1
183,616	28,556	71,000	9,928E+1
183,616	28,645	71,000	9,990E+1
185,632	28,645	71,000	9,831E+1
185,632	28,644	71,000	9,990E+1
187,653	28,644	71,000	9,990E+1
187,653	28,675	71,000	9,990E+1
189,669	28,675	71,000	9,990E+1
189,669	28,675	71,000	9,990E+1
191,689	28,706	71,000	9,990E+1
191,689	28,706	71,000	9,990E+1
193,708	28,745	71,000	9,990E+1
193,708	28,745	71,000	9,990E+1
195,729	28,796	71,000	9,981E+1
195,729	28,796	71,000	9,990E+1
197,747	28,875	71,000	9,868E+1
197,747	28,875	71,000	9,990E+1
199,766	28,801	71,000	9,990E+1
199,766	28,801	71,000	9,990E+1
201,784	28,857	71,000	9,959E+1
201,784	28,857	71,000	9,990E+1
203,805	28,840	71,000	9,990E+1
203,805	28,840	71,000	9,990E+1
205,823	28,918	71,000	9,873E+1
205,823	28,918	71,000	9,990E+1
207,839	29,020	71,000	9,776E+1
207,839	29,020	71,000	9,965E+1
209,858	29,076	71,000	9,931E+1
209,858	29,076	71,000	9,990E+1
211,875	29,174	71,000	9,791E+1
211,875	29,174	71,000	9,980E+1
213,895	29,206	71,000	9,990E+1
213,895	29,206	71,000	9,990E+1
215,913	29,232	71,000	9,990E+1
215,913	29,232	71,000	9,990E+1
217,930	29,341	71,000	9,743E+1
217,930	29,341	71,000	9,931E+1
219,948	29,358	71,000	9,990E+1
219,948	29,358	71,000	9,990E+1
221,965	29,399	71,000	9,990E+1
221,965	29,399	71,000	9,990E+1
223,985	29,365	71,000	9,990E+1
223,985	29,365	71,000	9,990E+1
226,002	29,483	71,000	9,712E+1
226,002	29,483	71,000	9,900E+1
228,020	29,430	71,000	9,990E+1
228,020	29,430	71,000	9,990E+1
230,039	29,458	71,000	9,990E+1
230,039	29,458	71,000	9,990E+1
232,055	29,483	71,000	9,990E+1
232,055	29,483	71,000	9,990E+1
232,055	29,533	71,000	9,979E+1
234,073	29,533	71,000	9,990E+1
234,073	29,483	71,000	9,990E+1
236,090	29,483	71,000	9,990E+1
236,090	29,537	71,000	9,965E+1
238,108	29,537	71,000	9,990E+1
238,108	29,572	71,000	9,990E+1
240,125	29,572	71,000	9,990E+1
240,125	29,563	71,000	9,990E+1
242,145	29,563	71,000	9,990E+1
242,145	29,559	71,000	9,990E+1
244,164	29,559	71,000	9,990E+1
244,164	29,611	71,000	9,975E+1
246,182	29,611	71,000	9,990E+1
246,182	29,755	71,000	9,606E+1
248,201	29,755	71,000	9,793E+1
248,201	29,805	71,000	9,781E+1
250,219	29,805	71,000	9,967E+1
250,219	29,785	71,000	9,990E+1
252,237	29,785	71,000	9,990E+1
252,237	29,829	71,000	9,990E+1
254,260	29,829	71,000	9,990E+1
254,260	29,825	71,000	9,990E+1
256,276	29,825	71,000	9,990E+1
256,276	29,913	71,000	9,829E+1
258,295	29,913	71,000	9,990E+1
258,295	30,000	71,000	9,829E+1
260,311	30,000	71,000	9,990E+1
260,311	30,053	71,000	9,965E+1
262,330	30,053	71,000	9,990E+1
262,330	30,155	71,000	9,771E+1
264,348	30,155	71,000	9,955E+1
264,348	30,291	71,000	9,603E+1
266,365	30,291	71,000	9,786E+1
266,365	30,267	71,000	9,990E+1
268,385	30,267	71,000	9,990E+1
268,385	30,386	71,000	9,703E+1
270,404	30,386	71,000	9,886E+1
270,404	30,395	71,000	9,990E+1
272,422	30,395	71,000	9,990E+1
272,422	30,349	71,000	9,990E+1
274,443	30,349	71,000	9,990E+1
274,443	30,229	71,000	9,990E+1
276,461	30,229	71,000	9,990E+1
276,461	30,372	71,000	9,609E+1
278,480	30,372	71,000	9,793E+1
278,480	30,390	71,000	9,903E+1
280,498	30,390	71,000	9,990E+1
280,498	30,452	71,000	9,928E+1
282,514	30,452	71,000	9,990E+1
282,514	30,473	71,000	9,990E+1
284,533	30,473	71,000	9,990E+1
284,533	30,476	71,000	9,990E+1
286,552	30,476	71,000	9,990E+1
286,552	30,488	71,000	9,990E+1
288,568	30,488	71,000	9,990E+1
288,568	30,582	71,000	9,990E+1
290,587	30,582	71,000	9,800E+1
290,587	30,579	71,000	9,983E+1
292,607	30,579	71,000	9,990E+1
292,607	30,576	71,000	9,990E+1
294,625	30,576	71,000	9,990E+1
294,625	30,684	71,000	9,990E+1
296,644	30,684	71,000	9,745E+1
296,644	30,689	71,000	9,926E+1
298,662	30,689	71,000	9,990E+1
298,662	30,701	71,000	9,990E+1
300,681	30,701	71,000	9,990E+1
300,681	30,748	71,000	9,990E+1
302,697	30,748	71,000	9,986E+1
302,697	30,715	71,000	9,990E+1
304,716	30,715	71,000	9,990E+1
304,716	30,715	71,000	9,990E+1
306,734	30,870	71,000	9,556E+1
306,734	30,870	71,000	9,737E+1
308,753	30,931	71,000	9,680E+1
308,753	30,931	71,000	9,862E+1
310,771	31,059	71,000	9,533E+1
310,771	31,059	71,000	9,714E+1
312,788	31,066	71,000	9,864E+1
312,788	31,066	71,000	9,990E+1
314,806	31,051	71,000	9,990E+1
314,806	31,051	71,000	9,990E+1
316,823	31,126	71,000	9,873E+1
316,823	31,126	71,000	9,990E+1
318,841	31,154	71,000	9,990E+1
318,841	31,154	71,000	9,990E+1
320,857	31,209	71,000	9,952E+1
320,857	31,209	71,000	9,990E+1
322,876	31,185	71,000	9,990E+1
322,876	31,185	71,000	9,990E+1
324,896	31,204	71,000	9,990E+1
324,896	31,204	71,000	9,990E+1
326,913	31,180	71,000	9,990E+1
326,913	31,180	71,000	9,990E+1
328,933	31,345	71,000	9,518E+1
328,933	31,345	71,000	9,697E+1
330,952	31,429	71,000	9,541E+1
330,952	31,429	71,000	9,720E+1
332,972	31,477	71,000	9,708E+1
332,972	31,477	71,000	9,887E+1
334,989	31,370	71,000	9,990E+1
334,989	31,370	71,000	9,990E+1
337,009	31,375	71,000	9,990E+1
337,009	31,375	71,000	9,990E+1
339,026	31,382	71,000	9,990E+1
339,026	31,382	71,000	9,990E+1
341,048	31,424	71,000	9,990E+1
341,048	31,424	71,000	9,990E+1
343,067	31,497	71,000	9,881E+1
343,067	31,497	71,000	9,990E+1
345,083	31,605	71,000	9,738E+1
345,083	31,605	71,000	9,917E+1
345,083	31,543	71,000	9,990E+1
347,102	31,543	71,000	9,990E+1
347,102	31,518	71,000	9,990E+1
349,118	31,518	71,000	9,990E+1
349,118	31,536	71,000	9,990E+1
351,136	31,536	71,000	9,990E+1
351,136	31,560	71,000	9,990E+1
353,155	31,560	71,000	9,990E+1
353,155	31,629	71,000	9,897E+1
355,173	31,629	71,000	9,990E+1
355,173	31,598	71,000	9,990E+1
357,192	31,598	71,000	9,990E+1
357,192	31,599	71,000	9,990E+1
359,208	31,599	71,000	9,990E+1
359,208	31,709	71,000	9,730E+1
361,227	31,709	71,000	9,908E+1
361,227	31,718	71,000	9,990E+1
363,244	31,718	71,000	9,990E+1
363,244	31,856	71,000	9,617E+1
365,264	31,856	71,000	9,793E+1
365,264	31,889	71,000	9,843E+1
367,282	31,889	71,000	9,990E+1
367,282	31,877	71,000	9,990E+1
369,303	31,877	71,000	9,990E+1
369,303	31,843	71,000	9,990E+1
371,321	31,843	71,000	9,990E+1
371,321	31,880	71,000	9,990E+1
373,340	31,880	71,000	9,990E+1
373,340	31,925	71,000	9,987E+1
375,360	31,925	71,000	9,990E+1
375,360	32,011	71,000	9,828E+1
377,377	32,011	71,000	9,990E+1
377,377	32,005	71,000	9,990E+1
379,395	32,005	71,000	9,990E+1
379,395	32,001	71,000	9,990E+1
381,414	32,001	71,000	9,990E+1
381,414	31,980	71,000	9,990E+1
383,430	31,980	71,000	9,990E+1
383,430	32,111	71,000	9,647E+1
385,449	32,111	71,000	9,823E+1
385,449	32,019	71,000	9,990E+1
387,467	32,019	71,000	9,990E+1
387,467	32,137	71,000	9,698E+1
389,486	32,137	71,000	9,874E+1
389,486	32,132	71,000	9,990E+1
391,504	32,132	71,000	9,990E+1
391,504	32,205	71,000	9,874E+1
393,522	32,205	71,000	9,990E+1
393,522	32,334	71,000	9,652E+1
395,543	32,334	71,000	9,827E+1
395,543	32,297	71,000	9,990E+1
397,560	32,297	71,000	9,990E+1
397,560	32,472	71,000	9,990E+1
399,578	32,472	71,000	9,470E+1
399,578	32,377	71,000	9,643E+1
401,594	32,377	71,000	9,990E+1
401,594	32,591	71,000	9,990E+1
403,613	32,591	71,000	9,318E+1
403,613	32,349	71,000	9,492E+1
405,629	32,349	71,000	9,990E+1
405,629	32,340	71,000	9,990E+1
407,650	32,340	71,000	9,990E+1
407,650	32,416	71,000	9,990E+1
409,668	32,416	71,000	9,863E+1
409,668	32,451	71,000	9,990E+1
411,687	32,451	71,000	9,990E+1
411,687	32,502	71,000	9,990E+1
413,705	32,502	71,000	9,964E+1
413,705	32,576	71,000	9,990E+1
415,724	32,576	71,000	9,869E+1
415,724	32,541	71,000	9,990E+1
417,742	32,541	71,000	9,990E+1
417,742	32,541	71,000	9,990E+1
419,761	32,648	71,000	9,742E+1
419,761	32,648	71,000	9,915E+1
421,779	32,816	71,000	9,422E+1
421,779	32,816	71,000	9,595E+1
423,800	32,737	71,000	9,990E+1
423,800	32,737	71,000	9,990E+1
425,816	32,844	71,000	9,737E+1
425,816	32,844	71,000	9,909E+1
427,835	32,955	71,000	9,643E+1
427,835	32,955	71,000	9,815E+1
429,851	32,922	71,000	9,990E+1
429,851	32,922	71,000	9,990E+1
431,870	32,895	71,000	9,990E+1
431,870	32,895	71,000	9,990E+1
433,888	32,870	71,000	9,990E+1
433,888	32,870	71,000	9,990E+1
435,907	32,992	71,000	9,675E+1
435,907	32,992	71,000	9,846E+1
437,923	33,144	71,000	9,420E+1
437,923	33,144	71,000	9,591E+1
439,942	33,225	71,000	9,437E+1
439,942	33,225	71,000	9,607E+1
441,960	33,389	71,000	9,130E+1
441,960	33,389	71,000	9,300E+1
443,978	33,157	71,000	9,990E+1
443,978	33,157	71,000	9,990E+1
445,997	33,198	71,000	9,990E+1
445,997	33,198	71,000	9,990E+1
448,013	33,341	71,000	9,596E+1
448,013	33,341	71,000	9,766E+1
450,032	33,389	71,000	9,746E+1
450,032	33,389	71,000	9,916E+1
452,050	33,472	71,000	9,755E+1
452,050	33,472	71,000	9,924E+1
454,067	33,269	71,000	9,990E+1
454,067	33,269	71,000	9,990E+1
456,085	33,514	71,000	9,188E+1
456,085	33,514	71,000	9,357E+1
458,104	33,576	71,000	9,280E+1
458,104	33,576	71,000	9,449E+1
460,122	33,562	71,000	9,674E+1
460,122	33,562	71,000	9,843E+1
460,122	33,600	71,000	9,861E+1
462,141	33,600	71,000	9,990E+1
462,141	33,701	71,000	9,763E+1
464,159	33,701	71,000	9,931E+1
464,159	33,733	71,000	9,969E+1
466,176	33,733	71,000	9,990E+1
466,176	33,490	71,000	9,990E+1
468,194	33,490	71,000	9,990E+1
468,194	33,489	71,000	9,990E+1
470,215	33,489	71,000	9,990E+1
470,215	33,535	71,000	9,973E+1
472,231	33,535	71,000	9,990E+1
472,231	33,646	71,000	9,721E+1
474,252	33,646	71,000	9,890E+1
474,252	33,693	71,000	9,872E+1
476,268	33,693	71,000	9,990E+1
476,268	33,719	71,000	9,990E+1
478,287	33,719	71,000	9,990E+1
478,287	33,743	71,000	9,990E+1
480,303	33,743	71,000	9,990E+1
480,303	33,709	71,000	9,990E+1
482,321	33,709	71,000	9,990E+1
482,321	33,795	71,000	9,816E+1
484,340	33,795	71,000	9,984E+1
484,340	33,847	71,000	9,944E+1
486,356	33,847	71,000	9,990E+1
486,356	33,906	71,000	9,924E+1
488,375	33,906	71,000	9,990E+1
488,375	34,010	71,000	9,749E+1
490,393	34,010	71,000	9,916E+1
490,393	34,052	71,000	9,915E+1
492,412	34,052	71,000	9,990E+1
492,412	34,137	71,000	9,820E+1
494,430	34,137	71,000	9,986E+1
494,430	34,117	71,000	9,990E+1
496,447	34,117	71,000	9,990E+1
496,447	34,113	71,000	9,990E+1
498,465	34,113	71,000	9,990E+1
498,465	34,254	71,000	9,598E+1
500,484	34,254	71,000	9,764E+1
500,484	34,277	71,000	9,839E+1
502,502	34,277	71,000	9,990E+1
502,502	34,213	71,000	9,990E+1
504,523	34,213	71,000	9,990E+1
504,523	34,240	71,000	9,990E+1
506,541	34,240	71,000	9,990E+1
506,541	34,137	71,000	9,990E+1
508,562	34,137	71,000	9,990E+1
508,562	34,254	71,000	9,990E+1
510,578	34,254	71,000	9,695E+1
510,578	34,252	71,000	9,861E+1
512,597	34,252	71,000	9,990E+1
512,597	34,334	71,000	9,990E+1
514,615	34,334	71,000	9,833E+1
514,615	34,302	71,000	9,990E+1
516,635	34,302	71,000	9,990E+1
516,635	34,338	71,000	9,990E+1
518,652	34,338	71,000	9,990E+1
518,652	34,380	71,000	9,990E+1
520,670	34,380	71,000	9,989E+1
520,670	34,400	71,000	9,990E+1
522,689	34,400	71,000	9,990E+1
522,689	34,338	71,000	9,990E+1
524,706	34,338	71,000	9,990E+1
524,706	34,314	71,000	9,990E+1
526,726	34,314	71,000	9,990E+1
526,726	34,368	71,000	9,990E+1
528,744	34,368	71,000	9,942E+1
528,744	34,465	71,000	9,990E+1
530,763	34,465	71,000	9,775E+1
530,763	34,444	71,000	9,940E+1
532,779	34,444	71,000	9,990E+1
532,779	34,444	71,000	9,990E+1
534,798	34,498	71,000	9,943E+1
534,798	34,498	71,000	9,990E+1
536,816	34,490	71,000	9,990E+1
536,816	34,490	71,000	9,990E+1
538,835	34,709	71,000	9,287E+1
538,835	34,709	71,000	9,451E+1
540,853	34,742	71,000	9,482E+1
540,853	34,742	71,000	9,646E+1
542,870	34,703	71,000	9,966E+1
542,870	34,703	71,000	9,990E+1
544,890	34,844	71,000	9,595E+1
544,890	34,844	71,000	9,758E+1
546,907	34,783	71,000	9,990E+1
546,907	34,783	71,000	9,990E+1
548,927	34,772	71,000	9,990E+1
548,927	34,772	71,000	9,990E+1
550,947	34,596	71,000	9,990E+1
550,947	34,596	71,000	9,990E+1
552,966	34,648	71,000	9,950E+1
552,966	34,648	71,000	9,990E+1
554,984	34,628	71,000	9,990E+1
554,984	34,628	71,000	9,990E+1
557,005	34,700	71,000	9,871E+1
557,005	34,700	71,000	9,990E+1
559,023	34,666	71,000	9,990E+1
559,023	34,666	71,000	9,990E+1
561,042	34,686	71,000	9,990E+1
561,042	34,686	71,000	9,990E+1
563,060	34,665	71,000	9,990E+1
563,060	34,665	71,000	9,990E+1
565,077	34,696	71,000	9,990E+1
565,077	34,696	71,000	9,990E+1
567,097	34,857	71,000	9,516E+1
567,097	34,857	71,000	9,679E+1
569,114	35,055	71,000	9,060E+1
569,114	35,055	71,000	9,222E+1
571,130	35,119	71,000	9,129E+1
571,130	35,119	71,000	9,291E+1
573,149	35,007	71,000	9,899E+1
573,149	35,007	71,000	9,990E+1
573,149	35,031	71,000	9,990E+1
575,165	35,031	71,000	9,990E+1
575,165	34,989	71,000	9,990E+1
577,184	34,989	71,000	9,990E+1
577,184	35,120	71,000	9,638E+1
579,202	35,120	71,000	9,800E+1
579,202	35,275	71,000	9,345E+1
581,219	35,275	71,000	9,507E+1
581,219	35,444	71,000	8,999E+1
583,237	35,444	71,000	9,159E+1
583,237	35,422	71,000	9,405E+1
585,253	35,422	71,000	9,565E+1
585,253	35,358	71,000	9,984E+1
587,272	35,358	71,000	9,990E+1
587,272	35,383	71,000	9,990E+1
589,289	35,383	71,000	9,990E+1
589,289	35,528	71,000	9,576E+1
591,307	35,528	71,000	9,736E+1
591,307	35,458	71,000	9,990E+1
593,325	35,458	71,000	9,990E+1
593,325	35,505	71,000	9,962E+1
595,342	35,505	71,000	9,990E+1
595,342	35,425	71,000	9,990E+1
597,358	35,425	71,000	9,990E+1
597,358	35,615	71,000	9,398E+1
599,377	35,615	71,000	9,558E+1
599,377	35,692	71,000	9,412E+1
601,397	35,692	71,000	9,572E+1
601,397	35,631	71,000	9,973E+1
603,416	35,631	71,000	9,990E+1
603,416	35,587	71,000	9,990E+1
605,435	35,587	71,000	9,990E+1
605,435	35,588	71,000	9,990E+1
607,455	35,588	71,000	9,990E+1
607,455	35,599	71,000	9,990E+1
609,471	35,599	71,000	9,990E+1
609,471	35,535	71,000	9,990E+1
611,490	35,535	71,000	9,990E+1
611,490	35,654	71,000	9,680E+1
613,506	35,654	71,000	9,840E+1
613,506	35,588	71,000	9,990E+1
615,525	35,588	71,000	9,990E+1
615,525	35,669	71,000	9,831E+1
617,543	35,669	71,000	9,990E+1
617,543	35,665	71,000	9,990E+1
619,560	35,665	71,000	9,990E+1
619,560	35,728	71,000	9,990E+1
621,578	35,728	71,000	9,898E+1
621,578	35,781	71,000	9,990E+1
623,595	35,781	71,000	9,943E+1
623,595	35,770	71,000	9,990E+1
625,613	35,770	71,000	9,990E+1
625,613	35,925	71,000	9,990E+1
627,630	35,925	71,000	9,533E+1
627,630	35,838	71,000	9,691E+1
629,648	35,838	71,000	9,990E+1
629,648	35,983	71,000	9,990E+1
631,665	35,983	71,000	9,574E+1
631,665	36,069	71,000	9,732E+1
633,685	36,069	71,000	9,554E+1
633,685	36,129	71,000	9,711E+1
635,702	36,129	71,000	9,631E+1
635,702	35,969	71,000	9,789E+1
637,722	35,969	71,000	9,990E+1
637,722	35,987	71,000	9,990E+1
639,741	35,987	71,000	9,990E+1
639,741	36,041	71,000	9,990E+1
641,757	36,041	71,000	9,936E+1
641,757	36,050	71,000	9,990E+1
643,776	36,050	71,000	9,990E+1
643,776	35,973	71,000	9,990E+1
645,794	35,973	71,000	9,990E+1
645,794	36,136	71,000	9,990E+1
647,812	36,136	71,000	9,504E+1
647,812	36,136	71,000	9,662E+1
649,831	36,044	71,000	9,990E+1
649,831	36,044	71,000	9,990E+1
651,848	36,219	71,000	9,452E+1
651,848	36,219	71,000	9,610E+1
653,866	36,315	71,000	9,388E+1
653,866	36,315	71,000	9,545E+1
655,884	36,374	71,000	9,468E+1
655,884	36,374	71,000	9,624E+1
657,905	36,201	71,000	9,990E+1
657,905	36,201	71,000	9,990E+1
659,921	36,359	71,000	9,523E+1
659,921	36,359	71,000	9,679E+1
661,940	36,382	71,000	9,745E+1
661,940	36,382	71,000	9,901E+1
663,956	36,350	71,000	9,990E+1
663,956	36,350	71,000	9,990E+1
665,975	36,534	71,000	9,420E+1
665,975	36,534	71,000	9,575E+1
667,993	36,510	71,000	9,826E+1
667,993	36,510	71,000	9,981E+1
670,010	36,500	71,000	9,990E+1
670,010	36,500	71,000	9,990E+1
672,030	36,633	71,000	9,621E+1
672,030	36,633	71,000	9,776E+1
674,049	36,591	71,000	9,990E+1
674,049	36,591	71,000	9,990E+1
676,068	36,611	71,000	9,990E+1
676,068	36,611	71,000	9,990E+1
678,086	36,744	71,000	9,616E+1
678,086	36,744	71,000	9,771E+1
680,104	36,814	71,000	9,646E+1
680,104	36,814	71,000	9,801E+1
682,125	36,784	71,000	9,990E+1
682,125	36,784	71,000	9,990E+1
684,141	36,849	71,000	9,887E+1
684,141	36,849	71,000	9,990E+1
686,160	36,824	71,000	9,990E+1
686,160	36,824	71,000	9,990E+1
688,178	36,827	71,000	9,990E+1
688,178	36,827	71,000	9,990E+1
688,178	37,017	71,000	9,390E+1
690,197	37,017	71,000	9,543E+1
690,197	36,959	71,000	9,930E+1
692,213	36,959	71,000	9,990E+1
692,213	36,904	71,000	9,990E+1
694,232	36,904	71,000	9,990E+1
694,232	36,855	71,000	9,990E+1
696,250	36,855	71,000	9,990E+1
696,250	37,013	71,000	9,518E+1
698,267	37,013	71,000	9,672E+1
698,267	37,028	71,000	9,766E+1
700,285	37,028	71,000	9,919E+1
700,285	36,896	71,000	9,990E+1
702,304	36,896	71,000	9,990E+1
702,304	36,867	71,000	9,990E+1
704,322	36,867	71,000	9,990E+1
704,322	36,862	71,000	9,990E+1
706,341	36,862	71,000	9,990E+1
706,341	37,059	71,000	9,366E+1
708,361	37,059	71,000	9,519E+1
708,361	37,068	71,000	9,634E+1
710,378	37,068	71,000	9,788E+1
710,378	37,121	71,000	9,731E+1
712,398	37,121	71,000	9,884E+1
712,398	37,197	71,000	9,734E+1
714,415	37,197	71,000	9,886E+1
714,415	37,263	71,000	9,781E+1
716,433	37,263	71,000	9,934E+1
716,433	37,260	71,000	9,990E+1
718,452	37,260	71,000	9,990E+1
718,452	37,403	71,000	9,572E+1
720,468	37,403	71,000	9,723E+1
720,468	37,341	71,000	9,990E+1
722,487	37,341	71,000	9,990E+1
722,487	37,294	71,000	9,990E+1
724,503	37,294	71,000	9,990E+1
724,503	37,342	71,000	9,952E+1
726,524	37,342	71,000	9,990E+1
726,524	37,371	71,000	9,990E+1
728,542	37,371	71,000	9,990E+1
728,542	37,406	71,000	9,990E+1
730,561	37,406	71,000	9,990E+1
730,561	37,387	71,000	9,990E+1
732,577	37,387	71,000	9,990E+1
732,577	37,471	71,000	9,990E+1
734,596	37,471	71,000	9,809E+1
734,596	37,597	71,000	9,960E+1
736,616	37,597	71,000	9,611E+1
736,616	37,571	71,000	9,761E+1
738,633	37,571	71,000	9,990E+1
738,633	37,569	71,000	9,990E+1
740,653	37,569	71,000	9,990E+1
740,653	37,632	71,000	9,990E+1
742,672	37,632	71,000	9,893E+1
742,672	37,628	71,000	9,990E+1
744,690	37,628	71,000	9,990E+1
744,690	37,506	71,000	9,990E+1
746,709	37,506	71,000	9,990E+1
746,709	37,444	71,000	9,990E+1
748,725	37,444	71,000	9,990E+1
748,725	37,599	71,000	9,990E+1
750,743	37,599	71,000	9,525E+1
750,743	37,469	71,000	9,676E+1
752,760	37,469	71,000	9,990E+1
752,760	37,562	71,000	9,990E+1
754,778	37,562	71,000	9,775E+1
754,778	37,638	71,000	9,926E+1
756,795	37,638	71,000	9,778E+1
756,795	37,573	71,000	9,928E+1
758,815	37,573	71,000	9,990E+1
758,815	37,767	71,000	9,990E+1
760,834	37,767	71,000	9,370E+1
760,834	37,767	71,000	9,520E+1
762,850	37,764	71,000	9,682E+1
762,850	37,764	71,000	9,832E+1
764,869	37,963	71,000	9,196E+1
764,869	37,963	71,000	9,345E+1
766,887	37,999	71,000	9,350E+1
766,887	37,999	71,000	9,499E+1
768,905	37,927	71,000	9,933E+1
768,905	37,927	71,000	9,990E+1
770,924	37,886	71,000	9,990E+1
770,924	37,886	71,000	9,990E+1
772,941	37,852	71,000	9,990E+1
772,941	37,852	71,000	9,990E+1
774,961	37,857	71,000	9,990E+1
774,961	37,857	71,000	9,990E+1
776,977	37,835	71,000	9,990E+1
776,977	37,835	71,000	9,990E+1
778,996	37,971	71,000	9,601E+1
778,996	37,971	71,000	9,750E+1
781,012	38,130	71,000	9,273E+1
781,012	38,130	71,000	9,422E+1
783,031	38,103	71,000	9,673E+1
783,031	38,103	71,000	9,822E+1
785,050	38,050	71,000	9,990E+1
785,050	38,050	71,000	9,990E+1
787,066	38,115	71,000	9,885E+1
787,066	38,115	71,000	9,990E+1
789,084	38,029	71,000	9,990E+1
789,084	38,029	71,000	9,990E+1
791,103	38,129	71,000	9,747E+1
791,103	38,129	71,000	9,895E+1
793,121	38,108	71,000	9,990E+1
793,121	38,108	71,000	9,990E+1
795,138	37,932	71,000	9,990E+1
795,138	37,932	71,000	9,990E+1
797,156	38,160	71,000	9,238E+1
797,156	38,160	71,000	9,386E+1
799,175	38,082	71,000	9,840E+1
799,175	38,082	71,000	9,988E+1
801,191	38,109	71,000	9,990E+1
801,191	38,109	71,000	9,990E+1
803,210	38,178	71,000	9,869E+1
803,210	38,178	71,000	9,990E+1
803,210	38,248	71,000	9,859E+1
805,228	38,248	71,000	9,990E+1
805,228	38,252	71,000	9,990E+1
807,249	38,252	71,000	9,990E+1
807,249	38,350	71,000	9,746E+1
809,265	38,350	71,000	9,893E+1
809,265	38,508	71,000	9,419E+1
811,285	38,508	71,000	9,565E+1
811,285	38,346	71,000	9,990E+1
813,304	38,346	71,000	9,990E+1
813,304	38,392	71,000	9,957E+1
815,320	38,392	71,000	9,990E+1
815,320	38,496	71,000	9,723E+1
817,339	38,496	71,000	9,870E+1
817,339	38,420	71,000	9,990E+1
819,355	38,420	71,000	9,990E+1
819,355	38,291	71,000	9,990E+1
821,374	38,291	71,000	9,990E+1
821,374	38,397	71,000	9,722E+1
823,392	38,397	71,000	9,869E+1
823,392	38,496	71,000	9,622E+1
825,409	38,496	71,000	9,769E+1
825,409	38,603	71,000	9,489E+1
827,425	38,603	71,000	9,636E+1
827,425	38,629	71,000	9,681E+1
829,446	38,629	71,000	9,827E+1
829,446	38,668	71,000	9,821E+1
831,464	38,668	71,000	9,967E+1
831,464	38,630	71,000	9,990E+1
833,481	38,630	71,000	9,990E+1
833,481	38,858	71,000	9,235E+1
835,499	38,858	71,000	9,380E+1
835,499	38,869	71,000	9,481E+1
837,518	38,869	71,000	9,627E+1
837,518	38,860	71,000	9,807E+1
839,538	38,860	71,000	9,952E+1
839,538	39,008	71,000	9,990E+1
841,557	39,008	71,000	9,551E+1
841,557	38,964	71,000	9,695E+1
843,575	38,964	71,000	9,990E+1
843,575	38,938	71,000	9,990E+1
845,594	38,938	71,000	9,990E+1
845,594	38,847	71,000	9,990E+1
847,610	38,847	71,000	9,990E+1
847,610	38,972	71,000	9,990E+1
849,629	38,972	71,000	9,640E+1
849,629	39,154	71,000	9,785E+1
851,645	39,154	71,000	9,208E+1
851,645	39,042	71,000	9,352E+1
853,666	39,042	71,000	9,939E+1
853,666	38,924	71,000	9,990E+1
855,684	38,924	71,000	9,990E+1
855,684	38,975	71,000	9,990E+1
857,703	38,975	71,000	9,933E+1
857,703	38,962	71,000	9,990E+1
859,721	38,962	71,000	9,990E+1
859,721	38,966	71,000	9,990E+1
861,740	38,966	71,000	9,990E+1
861,740	38,955	71,000	9,990E+1
863,760	38,955	71,000	9,990E+1
863,760	38,965	71,000	9,990E+1
865,779	38,965	71,000	9,990E+1
865,779	39,090	71,000	9,990E+1
867,799	39,090	71,000	9,637E+1
867,799	39,074	71,000	9,781E+1
869,818	39,074	71,000	9,990E+1
869,818	39,118	71,000	9,990E+1
871,838	39,118	71,000	9,958E+1
871,838	39,102	71,000	9,990E+1
873,857	39,102	71,000	9,990E+1
873,857	39,106	71,000	9,990E+1
875,875	39,106	71,000	9,990E+1
875,875	39,106	71,000	9,990E+1
877,893	39,106	71,000	9,990E+1
877,893	39,106	71,000	9,990E+1
879,910	39,195	71,000	9,779E+1
879,910	39,195	71,000	9,923E+1
881,930	39,278	71,000	9,742E+1
881,930	39,278	71,000	9,885E+1
883,947	39,302	71,000	9,931E+1
883,947	39,302	71,000	9,990E+1
885,965	39,342	71,000	9,974E+1
885,965	39,342	71,000	9,990E+1
887,984	39,546	71,000	9,327E+1
887,984	39,546	71,000	9,469E+1
890,002	39,489	71,000	9,837E+1
890,002	39,489	71,000	9,979E+1
892,023	39,503	71,000	9,990E+1
892,023	39,503	71,000	9,990E+1
894,043	39,537	71,000	9,990E+1
894,043	39,537	71,000	9,990E+1
896,062	39,625	71,000	9,783E+1
896,062	39,625	71,000	9,925E+1
898,080	39,427	71,000	9,990E+1
898,080	39,427	71,000	9,990E+1
900,099	39,553	71,000	9,631E+1
900,099	39,553	71,000	9,773E+1
902,117	39,448	71,000	9,990E+1
902,117	39,448	71,000	9,990E+1
904,136	39,647	71,000	9,344E+1
904,136	39,647	71,000	9,486E+1
906,156	39,706	71,000	9,395E+1
906,156	39,706	71,000	9,537E+1
908,173	39,888	71,000	8,959E+1
908,173	39,888	71,000	9,099E+1
910,191	39,922	71,000	9,103E+1
910,191	39,922	71,000	9,243E+1
912,208	39,757	71,000	9,990E+1
912,208	39,757	71,000	9,990E+1
914,226	39,770	71,000	9,990E+1
914,226	39,770	71,000	9,990E+1
916,243	39,855	71,000	9,794E+1
916,243	39,855	71,000	9,935E+1
916,243	39,913	71,000	9,846E+1
918,261	39,913	71,000	9,986E+1
918,261	39,916	71,000	9,990E+1
920,282	39,916	71,000	9,990E+1
920,282	39,835	71,000	9,990E+1
922,298	39,835	71,000	9,990E+1
922,298	39,903	71,000	9,861E+1
924,319	39,903	71,000	9,990E+1
924,319	39,857	71,000	9,990E+1
926,335	39,857	71,000	9,990E+1
926,335	39,700	71,000	9,990E+1
928,354	39,700	71,000	9,990E+1
928,354	39,989	71,000	8,988E+1
930,370	39,989	71,000	9,128E+1
930,370	39,998	71,000	9,229E+1
932,389	39,998	71,000	9,369E+1
932,389	39,800	71,000	9,990E+1
934,407	39,800	71,000	9,990E+1
934,407	39,814	71,000	9,990E+1
936,426	39,814	71,000	9,990E+1
936,426	39,919	71,000	9,711E+1
938,444	39,919	71,000	9,851E+1
938,444	40,027	71,000	9,566E+1
940,461	40,027	71,000	9,706E+1
940,461	39,987	71,000	9,990E+1
942,479	39,987	71,000	9,990E+1
942,479	39,994	71,000	9,990E+1
944,495	39,994	71,000	9,990E+1
944,495	40,022	71,000	9,990E+1
946,516	40,022	71,000	9,990E+1
946,516	40,158	71,000	9,591E+1
948,532	40,158	71,000	9,730E+1
948,532	40,045	71,000	9,869E+1
950,553	40,045	71,000	9,990E+1
950,553	40,094	71,000	9,990E+1
952,574	40,094	71,000	9,934E+1
952,574	40,057	71,000	9,990E+1
954,590	40,057	71,000	9,990E+1
954,590	40,111	71,000	9,990E+1
956,611	40,111	71,000	9,914E+1
956,611	40,184	71,000	9,990E+1
958,629	40,184	71,000	9,844E+1
958,629	40,334	71,000	9,983E+1
960,650	40,334	71,000	9,524E+1
960,650	40,340	71,000	9,663E+1
962,668	40,340	71,000	9,779E+1
962,668	40,404	71,000	9,918E+1
964,687	40,404	71,000	9,803E+1
964,687	40,416	71,000	9,941E+1
966,703	40,416	71,000	9,990E+1
966,703	40,411	71,000	9,990E+1
968,722	40,411	71,000	9,990E+1
968,722	40,429	71,000	9,990E+1
970,738	40,429	71,000	9,990E+1
970,738	40,474	71,000	9,990E+1
972,757	40,474	71,000	9,950E+1
972,757	40,352	71,000	9,990E+1
974,775	40,352	71,000	9,990E+1
974,775	40,639	71,000	9,990E+1
976,794	40,639	71,000	8,991E+1
976,794	40,647	71,000	9,128E+1
978,812	40,647	71,000	9,232E+1
978,812	40,636	71,000	9,369E+1
980,831	40,636	71,000	9,549E+1
980,831	40,665	71,000	9,687E+1
982,849	40,665	71,000	9,707E+1
982,849	40,636	71,000	9,844E+1
984,865	40,636	71,000	9,990E+1
984,865	40,626	71,000	9,990E+1
986,884	40,626	71,000	9,990E+1
986,884	40,577	71,000	9,990E+1
988,902	40,577	71,000	9,990E+1
988,902	40,577	71,000	9,990E+1
990,919	40,492	71,000	9,990E+1
990,919	40,492	71,000	9,990E+1
992,938	40,468	71,000	9,990E+1
992,938	40,468	71,000	9,990E+1
994,956	40,586	71,000	9,660E+1
994,956	40,586	71,000	9,798E+1
996,975	40,589	71,000	9,923E+1
996,975	40,589	71,000	9,990E+1
998,993	40,535	71,000	9,990E+1
998,993	40,535	71,000	9,990E+1
1001,012	40,624	71,000	9,775E+1
1001,012	40,624	71,000	9,912E+1
1003,030	40,630	71,000	9,990E+1
1003,030	40,630	71,000	9,990E+1
1005,048	40,838	71,000	9,303E+1
1005,048	40,838	71,000	9,439E+1
1007,067	40,870	71,000	9,449E+1
1007,067	40,870	71,000	9,585E+1
1009,083	40,856	71,000	9,776E+1
1009,083	40,856	71,000	9,912E+1
1011,102	40,925	71,000	9,777E+1
1011,102	40,925	71,000	9,913E+1
1013,118	41,034	71,000	9,617E+1
1013,118	41,034	71,000	9,752E+1
1015,137	41,066	71,000	9,762E+1
1015,137	41,066	71,000	9,898E+1
1017,153	41,025	71,000	9,990E+1
1017,153	41,025	71,000	9,990E+1
1019,172	41,035	71,000	9,990E+1
1019,172	41,035	71,000	9,990E+1
1021,190	41,039	71,000	9,990E+1
1021,190	41,039	71,000	9,990E+1
1023,209	41,093	71,000	9,913E+1
1023,209	41,093	71,000	9,990E+1
1025,227	41,063	71,000	9,990E+1
1025,227	41,063	71,000	9,990E+1
1027,246	41,184	71,000	9,650E+1
1027,246	41,184	71,000	9,784E+1
1029,264	41,169	71,000	9,978E+1
1029,264	41,169	71,000	9,990E+1
1031,283	41,315	71,000	9,544E+1
1031,283	41,315	71,000	9,678E+1
1031,283	41,353	71,000	9,662E+1
1033,303	41,353	71,000	9,795E+1
1033,303	41,398	71,000	9,753E+1
1035,324	41,398	71,000	9,887E+1
1035,324	41,369	71,000	9,990E+1
1037,340	41,369	71,000	9,990E+1
1037,340	41,349	71,000	9,990E+1
1039,360	41,349	71,000	9,990E+1
1039,360	41,358	71,000	9,990E+1
1041,377	41,358	71,000	9,990E+1
1041,377	41,389	71,000	9,990E+1
1043,399	41,389	71,000	9,990E+1
1043,399	41,530	71,000	9,565E+1
1045,416	41,530	71,000	9,698E+1
1045,416	41,457	71,000	9,990E+1
1047,439	41,457	71,000	9,990E+1
1047,439	41,505	71,000	9,933E+1
1049,455	41,505	71,000	9,990E+1
1049,455	41,477	71,000	9,990E+1
1051,474	41,477	71,000	9,990E+1
1051,474	41,525	71,000	9,935E+1
1053,492	41,525	71,000	9,990E+1
1053,492	41,569	71,000	9,949E+1
1055,508	41,569	71,000	9,990E+1
1055,508	41,445	71,000	9,990E+1
1057,529	41,445	71,000	9,990E+1
1057,529	41,480	71,000	9,987E+1
1059,545	41,480	71,000	9,990E+1
1059,545	41,528	71,000	9,990E+1
1061,564	41,528	71,000	9,933E+1
1061,564	41,582	71,000	9,990E+1
1063,580	41,582	71,000	9,907E+1
1063,580	41,585	71,000	9,990E+1
1065,599	41,585	71,000	9,990E+1
1065,599	41,561	71,000	9,990E+1
1067,619	41,561	71,000	9,990E+1
1067,619	41,553	71,000	9,990E+1
1069,636	41,553	71,000	9,990E+1
1069,636	41,610	71,000	9,990E+1
1071,654	41,610	71,000	9,897E+1
1071,654	41,422	71,000	9,990E+1
1073,671	41,422	71,000	9,990E+1
1073,671	41,563	71,000	9,990E+1
1075,689	41,563	71,000	9,567E+1
1075,689	41,581	71,000	9,700E+1
1077,706	41,581	71,000	9,761E+1
1077,706	41,769	71,000	9,894E+1
1079,724	41,769	71,000	9,284E+1
1079,724	41,738	71,000	9,416E+1
1081,743	41,738	71,000	9,669E+1
1081,743	42,015	71,000	9,801E+1
1083,759	42,015	71,000	8,836E+1
1083,759	41,847	71,000	8,967E+1
1085,780	41,847	71,000	9,761E+1
1085,780	41,864	71,000	9,893E+1
1087,796	41,864	71,000	9,959E+1
1087,796	41,886	71,000	9,990E+1
1089,817	41,886	71,000	9,990E+1
1089,817	41,687	71,000	9,990E+1
1091,833	41,687	71,000	9,990E+1
1091,833	41,806	71,000	9,990E+1
1093,854	41,806	71,000	9,651E+1
1093,854	41,806	71,000	9,783E+1
1095,870	41,806	71,000	9,916E+1
1095,870	41,867	71,000	9,990E+1
1097,889	41,867	71,000	9,882E+1
1097,889	42,133	71,000	9,990E+1
1099,907	42,133	71,000	9,068E+1
1099,907	42,149	71,000	9,198E+1
1101,924	42,149	71,000	9,263E+1
1101,924	42,149	71,000	9,393E+1
1103,942	42,204	71,000	9,307E+1
1103,942	42,204	71,000	9,438E+1
1105,961	42,085	71,000	9,990E+1
1105,961	42,085	71,000	9,990E+1
1107,979	42,035	71,000	9,990E+1
1107,979	42,035	71,000	9,990E+1
1109,998	42,045	71,000	9,990E+1
1109,998	42,045	71,000	9,990E+1
1112,014	42,156	71,000	9,683E+1
1112,014	42,156	71,000	9,813E+1
1114,035	42,166	71,000	9,902E+1
1114,035	42,166	71,000	9,990E+1
1116,051	42,103	71,000	9,990E+1
1116,051	42,103	71,000	9,990E+1
1118,072	42,030	71,000	9,990E+1
1118,072	42,030	71,000	9,990E+1
1120,088	42,166	71,000	9,582E+1
1120,088	42,166	71,000	9,712E+1
1122,107	42,340	71,000	9,153E+1
1122,107	42,340	71,000	9,282E+1
1124,123	42,419	71,000	9,097E+1
1124,123	42,419	71,000	9,226E+1
1126,141	42,499	71,000	9,038E+1
1126,141	42,499	71,000	9,167E+1
1128,160	42,623	71,000	8,804E+1
1128,160	42,623	71,000	8,932E+1
1130,176	42,571	71,000	9,268E+1
1130,176	42,571	71,000	9,397E+1
1132,195	42,526	71,000	9,705E+1
1132,195	42,526	71,000	9,834E+1
1134,211	42,447	71,000	9,990E+1
1134,211	42,447	71,000	9,990E+1
1136,230	42,557	71,000	9,681E+1
1136,230	42,557	71,000	9,810E+1
1138,246	42,682	71,000	9,443E+1
1138,246	42,682	71,000	9,571E+1
1140,265	42,671	71,000	9,742E+1
1140,265	42,671	71,000	9,870E+1
1142,283	42,651	71,000	9,990E+1
1142,283	42,651	71,000	9,990E+1
1144,300	42,659	71,000	9,990E+1
1144,300	42,659	71,000	9,990E+1
1146,318	42,613	71,000	9,990E+1
1146,318	42,613	71,000	9,990E+1
1146,318	42,709	71,000	9,740E+1
1148,337	42,709	71,000	9,867E+1
1148,337	42,806	71,000	9,607E+1
1150,355	42,806	71,000	9,734E+1
1150,355	42,691	71,000	9,990E+1
1152,373	42,691	71,000	9,990E+1
1152,373	42,885	71,000	9,349E+1
1154,390	42,885	71,000	9,476E+1
1154,390	42,782	71,000	9,990E+1
1156,412	42,782	71,000	9,990E+1
1156,412	42,822	71,000	9,961E+1
1158,429	42,822	71,000	9,990E+1
1158,429	42,968	71,000	9,539E+1
1160,447	42,968	71,000	9,665E+1
1160,447	42,689	71,000	9,990E+1
1162,464	42,689	71,000	9,990E+1
1162,464	42,880	71,000	9,359E+1
1164,484	42,880	71,000	9,486E+1
1164,484	43,150	71,000	8,545E+1
1166,503	43,150	71,000	8,671E+1
1166,503	43,114	71,000	8,941E+1
1168,522	43,114	71,000	9,067E+1
1168,522	43,043	71,000	9,472E+1
1170,540	43,043	71,000	9,599E+1
1170,540	43,005	71,000	9,725E+1
1172,559	43,005	71,000	9,990E+1
1172,559	42,810	71,000	9,990E+1
1174,577	42,810	71,000	9,990E+1
1174,577	42,794	71,000	9,990E+1
1176,598	42,794	71,000	9,990E+1
1176,598	42,749	71,000	9,990E+1
1178,616	42,749	71,000	9,990E+1
1178,616	42,843	71,000	9,990E+1
1180,635	42,843	71,000	9,749E+1
1180,635	42,932	71,000	9,876E+1
1182,653	42,932	71,000	9,649E+1
1182,653	43,135	71,000	9,775E+1
1184,673	43,135	71,000	9,100E+1
1184,673	43,115	71,000	9,226E+1
1186,692	43,115	71,000	9,427E+1
1186,692	43,131	71,000	9,553E+1
1188,712	43,131	71,000	9,617E+1
1188,712	42,975	71,000	9,743E+1
1190,729	42,975	71,000	9,990E+1
1190,729	43,230	71,000	9,990E+1
1192,749	43,230	71,000	9,104E+1
1192,749	43,023	71,000	9,229E+1
1194,766	43,023	71,000	9,990E+1
1194,766	43,130	71,000	9,990E+1
1196,786	43,130	71,000	9,694E+1
1196,786	43,248	71,000	9,820E+1
1198,803	43,248	71,000	9,476E+1
1198,803	43,377	71,000	9,602E+1
1200,823	43,377	71,000	9,220E+1
1200,823	43,534	71,000	9,345E+1
1202,840	43,534	71,000	8,847E+1
1202,840	43,323	71,000	8,971E+1
1204,860	43,323	71,000	9,931E+1
1204,860	43,386	71,000	9,990E+1
1206,879	43,386	71,000	9,863E+1
1206,879	43,195	71,000	9,988E+1
1208,897	43,195	71,000	9,990E+1
1208,897	43,353	71,000	9,990E+1
1210,916	43,353	71,000	9,486E+1
1210,916	43,499	71,000	9,610E+1
1212,933	43,499	71,000	9,159E+1
1212,933	43,306	71,000	9,283E+1
1214,951	43,306	71,000	9,990E+1
1214,951	43,292	71,000	9,990E+1
1216,967	43,292	71,000	9,990E+1
1216,967	43,292	71,000	9,990E+1
1218,986	43,363	71,000	9,834E+1
1218,986	43,363	71,000	9,958E+1
1221,004	43,383	71,000	9,990E+1
1221,004	43,383	71,000	9,990E+1
1223,023	43,480	71,000	9,730E+1
1223,023	43,480	71,000	9,855E+1
1225,043	43,493	71,000	9,923E+1
1225,043	43,493	71,000	9,990E+1
1227,060	43,322	71,000	9,990E+1
1227,060	43,322	71,000	9,990E+1
1229,078	43,364	71,000	9,947E+1
1229,078	43,364	71,000	9,990E+1
1231,095	43,518	71,000	9,507E+1
1231,095	43,518	71,000	9,631E+1
1233,115	43,551	71,000	9,624E+1
1233,115	43,551	71,000	9,748E+1
1235,136	43,564	71,000	9,822E+1
1235,136	43,564	71,000	9,946E+1
1237,152	43,618	71,000	9,852E+1
1237,152	43,618	71,000	9,976E+1
1239,171	43,683	71,000	9,844E+1
1239,171	43,683	71,000	9,967E+1
1241,187	43,865	71,000	9,367E+1
1241,187	43,865	71,000	9,490E+1
1243,208	43,636	71,000	9,990E+1
1243,208	43,636	71,000	9,990E+1
1245,224	43,486	71,000	9,990E+1
1245,224	43,486	71,000	9,990E+1
1247,247	43,587	71,000	9,712E+1
1247,247	43,587	71,000	9,836E+1
1249,265	43,713	71,000	9,460E+1
1249,265	43,713	71,000	9,584E+1
1251,282	43,799	71,000	9,364E+1
1251,282	43,799	71,000	9,487E+1
1253,300	43,927	71,000	9,105E+1
1253,300	43,927	71,000	9,227E+1
1255,317	43,998	71,000	9,066E+1
1255,317	43,998	71,000	9,188E+1
1257,335	43,977	71,000	9,393E+1
1257,335	43,977	71,000	9,515E+1
1257,335	44,107	71,000	9,124E+1
1259,354	44,107	71,000	9,245E+1
1259,354	43,937	71,000	9,990E+1
1261,374	43,937	71,000	9,990E+1
1261,374	43,996	71,000	9,878E+1
1263,393	43,996	71,000	9,990E+1
1263,393	43,936	71,000	9,990E+1
1265,411	43,936	71,000	9,990E+1
1265,411	43,998	71,000	9,863E+1
1267,430	43,998	71,000	9,985E+1
1267,430	44,183	71,000	9,373E+1
1269,448	44,183	71,000	9,494E+1
1269,448	44,237	71,000	9,404E+1
1271,465	44,237	71,000	9,524E+1
1271,465	44,096	71,000	9,990E+1
1273,483	44,096	71,000	9,990E+1
1273,483	44,038	71,000	9,990E+1
1275,500	44,038	71,000	9,990E+1
1275,500	44,173	71,000	9,579E+1
1277,519	44,173	71,000	9,700E+1
1277,519	44,289	71,000	9,361E+1
1279,537	44,289	71,000	9,482E+1
1279,537	44,404	71,000	9,603E+1
1281,554	44,404	71,000	9,266E+1
1281,554	44,266	71,000	9,386E+1
1283,572	44,266	71,000	9,990E+1
1283,572	44,261	71,000	9,990E+1
1285,591	44,261	71,000	9,990E+1
1285,591	44,312	71,000	9,990E+1
1287,610	44,312	71,000	9,909E+1
1287,610	44,269	71,000	9,990E+1
1289,626	44,269	71,000	9,990E+1
1289,626	44,173	71,000	9,990E+1
1291,643	44,173	71,000	9,990E+1
1291,643	44,312	71,000	9,990E+1
1293,664	44,312	71,000	9,560E+1
1293,664	44,273	71,000	9,681E+1
1295,682	44,273	71,000	9,958E+1
1295,682	44,337	71,000	9,990E+1
1297,699	44,337	71,000	9,853E+1
1297,699	44,341	71,000	9,974E+1
1299,717	44,341	71,000	9,990E+1
1299,717	44,321	71,000	9,990E+1
1301,736	44,321	71,000	9,990E+1
1301,736	44,319	71,000	9,990E+1
1303,756	44,319	71,000	9,990E+1
1303,756	44,393	71,000	9,990E+1
1305,775	44,393	71,000	9,815E+1
1305,775	44,249	71,000	9,935E+1
1307,793	44,249	71,000	9,990E+1
1307,793	44,346	71,000	9,990E+1
1309,810	44,346	71,000	9,728E+1
1309,810	44,231	71,000	9,849E+1
1311,828	44,231	71,000	9,990E+1
1311,828	44,448	71,000	9,990E+1
1313,845	44,448	71,000	9,249E+1
1313,845	44,425	71,000	9,369E+1
1315,864	44,425	71,000	9,580E+1
1315,864	44,559	71,000	9,700E+1
1317,880	44,559	71,000	9,289E+1
1317,880	44,592	71,000	9,408E+1
1319,901	44,592	71,000	9,399E+1
1319,901	44,532	71,000	9,518E+1
1321,918	44,532	71,000	9,875E+1
1321,918	44,461	71,000	9,990E+1
1323,936	44,461	71,000	9,990E+1
1323,936	44,593	71,000	9,990E+1
1325,955	44,593	71,000	9,587E+1
1325,955	44,611	71,000	9,706E+1
1327,973	44,611	71,000	9,756E+1
1327,973	44,627	71,000	9,875E+1
1329,992	44,627	71,000	9,931E+1
1329,992	44,627	71,000	9,990E+1
1332,010	44,640	71,000	9,990E+1
1332,010	44,640	71,000	9,990E+1
1334,029	44,896	71,000	9,095E+1
1334,029	44,896	71,000	9,213E+1
1336,047	44,863	71,000	9,461E+1
1336,047	44,863	71,000	9,579E+1
1338,068	44,712	71,000	9,990E+1
1338,068	44,712	71,000	9,990E+1
1340,085	44,684	71,000	9,990E+1
1340,085	44,684	71,000	9,990E+1
1342,105	44,819	71,000	9,572E+1
1342,105	44,819	71,000	9,690E+1
1344,124	44,901	71,000	9,483E+1
1344,124	44,901	71,000	9,601E+1
1346,143	44,933	71,000	9,590E+1
1346,143	44,933	71,000	9,708E+1
1348,161	44,928	71,000	9,848E+1
1348,161	44,928	71,000	9,965E+1
1350,180	44,939	71,000	9,990E+1
1350,180	44,939	71,000	9,990E+1
1352,200	44,933	71,000	9,990E+1
1352,200	44,933	71,000	9,990E+1
1354,219	45,142	71,000	9,280E+1
1354,219	45,142	71,000	9,396E+1
1356,239	45,041	71,000	9,913E+1
1356,239	45,041	71,000	9,990E+1
1358,256	45,072	71,000	9,986E+1
1358,256	45,072	71,000	9,990E+1
1360,275	45,230	71,000	9,477E+1
1360,275	45,230	71,000	9,594E+1
1362,293	45,284	71,000	9,496E+1
1362,293	45,284	71,000	9,612E+1
1364,310	45,326	71,000	9,564E+1
1364,310	45,326	71,000	9,680E+1
1366,329	45,346	71,000	9,718E+1
1366,329	45,346	71,000	9,834E+1
1368,345	45,462	71,000	9,490E+1
1368,345	45,462	71,000	9,606E+1
1370,366	45,278	71,000	9,990E+1
1370,366	45,278	71,000	9,990E+1
1370,366	45,407	71,000	9,591E+1
1372,383	45,407	71,000	9,707E+1
1372,383	45,464	71,000	9,598E+1
1374,399	45,464	71,000	9,714E+1
1374,399	45,475	71,000	9,783E+1
1376,418	45,475	71,000	9,899E+1
1376,418	45,488	71,000	9,964E+1
1378,436	45,488	71,000	9,990E+1
1378,436	45,521	71,000	9,975E+1
1380,455	45,521	71,000	9,990E+1
1380,455	45,531	71,000	9,990E+1
1382,472	45,531	71,000	9,990E+1
1382,472	45,406	71,000	9,990E+1
1384,493	45,406	71,000	9,990E+1
1384,493	45,347	71,000	9,990E+1
1386,511	45,347	71,000	9,990E+1
1386,511	45,528	71,000	9,387E+1
1388,528	45,528	71,000	9,502E+1
1388,528	45,600	71,000	9,331E+1
1390,544	45,600	71,000	9,446E+1
1390,544	45,602	71,000	9,561E+1
1392,563	45,602	71,000	9,668E+1
1392,563	45,392	71,000	9,782E+1
1394,580	45,392	71,000	9,990E+1
1394,580	45,596	71,000	9,990E+1
1396,598	45,596	71,000	9,297E+1
1396,598	45,486	71,000	9,412E+1
1398,615	45,486	71,000	9,965E+1
1398,615	45,599	71,000	9,990E+1
1400,633	45,599	71,000	9,658E+1
1400,633	45,598	71,000	9,772E+1
1402,650	45,598	71,000	9,889E+1
1402,650	45,782	71,000	9,990E+1
1404,669	45,782	71,000	9,374E+1
1404,669	45,513	71,000	9,488E+1
1406,685	45,513	71,000	9,990E+1
1406,685	45,583	71,000	9,990E+1
1408,704	45,583	71,000	9,830E+1
1408,704	45,762	71,000	9,945E+1
1410,722	45,762	71,000	9,350E+1
1410,722	45,755	71,000	9,464E+1
1412,741	45,755	71,000	9,606E+1
1412,741	45,940	71,000	9,720E+1
1414,758	45,940	71,000	9,101E+1
1414,758	45,721	71,000	9,214E+1
1416,776	45,721	71,000	9,990E+1
1416,776	46,066	71,000	9,990E+1
1418,793	46,066	71,000	8,737E+1
1418,793	45,889	71,000	8,850E+1
1420,812	45,889	71,000	9,660E+1
1420,812	45,700	71,000	9,773E+1
1422,829	45,700	71,000	9,990E+1
1422,829	45,644	71,000	9,990E+1
1424,847	45,644	71,000	9,990E+1
1424,847	45,661	71,000	9,990E+1
1426,864	45,661	71,000	9,990E+1
1426,864	45,734	71,000	9,990E+1
1428,882	45,734	71,000	9,815E+1
1428,882	45,834	71,000	9,929E+1
1430,901	45,834	71,000	9,647E+1
1430,901	46,029	71,000	9,761E+1
1432,920	46,029	71,000	9,102E+1
1432,920	45,851	71,000	9,214E+1
1434,938	45,851	71,000	9,990E+1
1434,938	45,809	71,000	9,990E+1
1436,957	45,809	71,000	9,990E+1
1436,957	45,940	71,000	9,990E+1
1438,975	45,940	71,000	9,587E+1
1438,975	45,761	71,000	9,700E+1
1440,992	45,761	71,000	9,990E+1
1440,992	45,773	71,000	9,990E+1
1443,011	45,773	71,000	9,990E+1
1443,011	45,957	71,000	9,990E+1
1445,030	45,957	71,000	9,373E+1
1445,030	45,957	71,000	9,486E+1
1447,046	46,293	71,000	8,270E+1
1447,046	46,293	71,000	8,381E+1
1449,065	46,224	71,000	8,766E+1
1449,065	46,224	71,000	8,878E+1
1451,081	46,270	71,000	8,804E+1
1451,081	46,270	71,000	8,915E+1
