t	IF	IR	VF	VR
0,000	0,000	0,075	0,000E+0	3,000E+1
0,002	0,000	0,075	3,000E-1	3,000E+1
1,002	0,000	0,075	3,000E-1	3,000E+1
2,002	0,000	0,075	3,000E-1	3,000E+1
3,003	0,000	0,075	3,000E-1	3,000E+1
4,003	0,000	0,075	3,000E-1	3,000E+1
5,004	0,000	0,075	3,000E-1	3,000E+1
6,006	0,000	0,075	3,000E-1	3,000E+1
7,006	0,000	0,075	3,000E-1	3,000E+1
8,007	0,000	0,075	3,000E-1	3,000E+1
9,006	0,000	0,075	3,000E-1	3,000E+1
10,006	0,000	0,075	3,000E-1	3,000E+1
11,007	0,000	0,075	3,000E-1	3,000E+1
12,006	0,000	0,075	3,000E-1	3,000E+1
13,007	0,000	0,075	3,000E-1	3,000E+1
14,006	0,000	0,075	3,000E-1	3,000E+1
15,006	0,000	0,075	3,000E-1	3,000E+1
16,006	0,000	0,075	3,000E-1	3,000E+1
17,006	0,000	0,075	3,000E-1	3,000E+1
18,007	0,000	0,075	3,000E-1	3,000E+1
19,008	0,000	0,075	3,000E-1	3,000E+1
20,007	0,000	0,075	3,000E-1	3,000E+1
21,007	0,000	0,075	3,000E-1	3,000E+1
22,008	0,000	0,075	3,000E-1	3,000E+1
23,010	0,000	0,075	3,000E-1	3,000E+1
24,009	0,000	0,075	3,000E-1	3,000E+1
25,009	0,000	0,075	3,000E-1	3,000E+1
26,009	0,000	0,075	3,000E-1	3,000E+1
27,010	0,000	0,075	3,000E-1	3,000E+1
28,010	0,000	0,075	3,000E-1	3,000E+1
29,010	0,000	0,075	3,000E-1	3,000E+1
30,010	0,000	0,075	3,000E-1	3,000E+1
31,010	0,000	0,075	3,000E-1	3,000E+1
32,011	0,000	0,075	3,000E-1	3,000E+1
33,010	0,000	0,075	3,000E-1	3,000E+1
34,010	0,000	0,075	3,000E-1	3,000E+1
35,012	0,000	0,075	3,000E-1	3,000E+1
36,012	0,000	0,075	3,000E-1	3,000E+1
37,013	0,000	0,075	3,000E-1	3,000E+1
38,013	0,000	0,075	3,000E-1	3,000E+1
39,013	0,000	0,075	3,000E-1	3,000E+1
40,014	0,000	0,075	3,000E-1	3,000E+1
41,014	0,000	0,075	3,000E-1	3,000E+1
42,015	0,000	0,075	3,000E-1	3,000E+1
43,016	0,000	0,075	3,000E-1	3,000E+1
44,016	0,000	0,075	3,000E-1	3,000E+1
45,017	0,000	0,075	3,000E-1	3,000E+1
46,017	0,000	0,075	3,000E-1	3,000E+1
47,018	0,000	0,075	3,000E-1	3,000E+1
48,019	0,000	0,075	3,000E-1	3,000E+1
49,019	0,000	0,075	3,000E-1	3,000E+1
50,021	0,000	0,075	3,000E-1	3,000E+1
51,022	0,000	0,075	3,000E-1	3,000E+1
52,021	0,000	0,075	3,000E-1	3,000E+1
53,022	0,000	0,075	3,000E-1	3,000E+1
54,022	0,000	0,075	3,000E-1	3,000E+1
55,023	0,000	0,075	3,000E-1	3,000E+1
56,023	0,000	0,075	3,000E-1	3,000E+1
57,024	0,000	0,075	3,000E-1	3,000E+1
58,025	0,000	0,075	3,000E-1	3,000E+1
59,025	0,000	0,075	3,000E-1	3,000E+1
60,025	0,000	0,075	3,000E-1	3,000E+1
61,025	0,000	0,075	3,000E-1	3,000E+1
62,026	0,000	0,075	3,000E-1	3,000E+1
63,026	0,000	0,075	3,000E-1	3,000E+1
64,026	0,000	0,075	3,000E-1	3,000E+1
65,026	0,000	0,075	3,000E-1	3,000E+1
66,026	0,000	0,075	3,000E-1	3,000E+1
67,026	0,000	0,075	3,000E-1	3,000E+1
68,026	0,000	0,075	3,000E-1	3,000E+1
69,026	0,000	0,075	3,000E-1	3,000E+1
70,026	0,000	0,075	3,000E-1	3,000E+1
71,026	0,000	0,075	3,000E-1	3,000E+1
72,026	0,000	0,075	3,000E-1	3,000E+1
73,026	0,000	0,075	3,000E-1	3,000E+1
74,027	0,000	0,075	3,000E-1	3,000E+1
75,027	0,000	0,075	3,000E-1	3,000E+1
76,027	0,000	0,075	3,000E-1	3,000E+1
77,028	0,000	0,075	3,000E-1	3,000E+1
78,028	0,000	0,075	3,000E-1	3,000E+1
79,029	0,000	0,075	3,000E-1	3,000E+1
80,028	0,000	0,075	3,000E-1	3,000E+1
81,029	0,000	0,075	3,000E-1	3,000E+1
82,030	0,000	0,075	3,000E-1	3,000E+1
83,031	0,000	0,075	3,000E-1	3,000E+1
84,031	0,000	0,075	3,000E-1	3,000E+1
85,031	0,000	0,075	3,000E-1	3,000E+1
86,033	0,000	0,075	3,000E-1	3,000E+1
87,034	0,000	0,075	3,000E-1	3,000E+1
88,034	0,000	0,075	3,000E-1	3,000E+1
89,034	0,000	0,075	3,000E-1	3,000E+1
90,035	0,000	0,075	3,000E-1	3,000E+1
91,035	0,000	0,075	3,000E-1	3,000E+1
92,036	0,000	0,075	3,000E-1	3,000E+1
93,036	0,000	0,075	3,000E-1	3,000E+1
94,036	0,000	0,075	3,000E-1	3,000E+1
95,036	0,000	0,075	3,000E-1	3,000E+1
96,036	0,000	0,075	3,000E-1	3,000E+1
97,036	0,000	0,075	3,000E-1	3,000E+1
98,036	0,000	0,075	3,000E-1	3,000E+1
99,037	0,000	0,075	3,000E-1	3,000E+1
100,036	0,000	0,075	3,000E-1	3,000E+1
101,036	0,000	0,075	3,000E-1	3,000E+1
102,036	0,000	0,075	3,000E-1	3,000E+1
103,037	0,000	0,075	3,000E-1	3,000E+1
104,037	0,000	0,075	3,000E-1	3,000E+1
105,039	0,000	0,075	3,000E-1	3,000E+1
106,038	0,000	0,075	3,000E-1	3,000E+1
107,039	0,000	0,075	3,000E-1	3,000E+1
108,038	0,000	0,075	3,000E-1	3,000E+1
109,039	0,000	0,075	3,000E-1	3,000E+1
110,039	0,000	0,075	3,000E-1	3,000E+1
111,040	0,000	0,075	3,000E-1	3,000E+1
112,040	0,000	0,075	3,000E-1	3,000E+1
113,040	0,000	0,075	3,000E-1	3,000E+1
114,041	0,000	0,075	3,000E-1	3,000E+1
115,041	0,000	0,075	3,000E-1	3,000E+1
116,041	0,000	0,075	3,000E-1	3,000E+1
117,041	0,000	0,075	3,000E-1	3,000E+1
118,042	0,000	0,075	3,000E-1	3,000E+1
119,042	0,000	0,075	3,000E-1	3,000E+1
120,042	0,000	0,075	3,000E-1	3,000E+1
121,043	0,000	0,075	3,000E-1	3,000E+1
122,043	0,000	0,075	3,000E-1	3,000E+1
123,044	0,000	0,075	3,000E-1	3,000E+1
124,044	0,000	0,075	3,000E-1	3,000E+1
125,044	0,000	0,075	3,000E-1	3,000E+1
126,044	0,000	0,075	3,000E-1	3,000E+1
127,044	0,000	0,075	3,000E-1	3,000E+1
128,044	0,000	0,075	3,000E-1	3,000E+1
129,045	0,000	0,075	3,000E-1	3,000E+1
130,047	0,000	0,075	3,000E-1	3,000E+1
131,047	0,000	0,075	3,000E-1	3,000E+1
132,046	0,000	0,075	3,000E-1	3,000E+1
133,046	0,000	0,075	3,000E-1	3,000E+1
134,046	0,000	0,075	3,000E-1	3,000E+1
135,046	0,000	0,075	3,000E-1	3,000E+1
136,046	0,000	0,075	3,000E-1	3,000E+1
137,047	0,000	0,075	3,000E-1	3,000E+1
138,047	0,000	0,075	3,000E-1	3,000E+1
139,047	0,000	0,075	3,000E-1	3,000E+1
140,049	0,000	0,075	3,000E-1	3,000E+1
141,048	0,000	0,075	3,000E-1	3,000E+1
142,049	0,000	0,075	3,000E-1	3,000E+1
143,050	0,000	0,075	3,000E-1	3,000E+1
144,049	0,000	0,075	3,000E-1	3,000E+1
145,049	0,000	0,075	3,000E-1	3,000E+1
146,049	0,000	0,075	3,000E-1	3,000E+1
147,049	0,000	0,075	3,000E-1	3,000E+1
148,050	0,000	0,075	3,000E-1	3,000E+1
149,050	0,000	0,075	3,000E-1	3,000E+1
150,050	0,000	0,075	3,000E-1	3,000E+1
151,050	0,000	0,075	3,000E-1	3,000E+1
152,050	0,000	0,075	3,000E-1	3,000E+1
153,050	0,000	0,075	3,000E-1	3,000E+1
154,051	0,075	0,075	4,860E+0	3,000E+1
155,051	0,075	0,075	4,850E+0	3,000E+1
156,051	0,075	0,075	4,850E+0	3,000E+1
157,051	0,075	0,075	4,850E+0	3,000E+1
158,053	0,075	0,075	4,850E+0	3,000E+1
159,052	0,075	0,075	4,850E+0	3,000E+1
160,052	0,075	0,075	4,850E+0	3,000E+1
161,052	0,075	0,075	4,850E+0	3,000E+1
162,052	0,075	0,075	4,850E+0	3,000E+1
163,052	0,075	0,075	4,850E+0	3,000E+1
164,052	0,075	0,075	4,850E+0	3,000E+1
165,052	0,075	0,075	4,850E+0	3,000E+1
166,052	0,075	0,075	4,850E+0	3,000E+1
167,052	0,075	0,075	4,850E+0	3,000E+1
168,052	0,075	0,075	4,850E+0	3,000E+1
169,052	0,075	0,075	4,850E+0	3,000E+1
170,053	0,075	0,075	4,850E+0	3,000E+1
171,053	0,075	0,075	4,850E+0	3,000E+1
172,053	0,075	0,075	4,850E+0	3,000E+1
173,053	0,075	0,075	4,850E+0	3,000E+1
174,054	0,075	0,075	4,850E+0	3,000E+1
175,055	0,075	0,075	4,850E+0	3,000E+1
176,055	0,075	0,075	4,850E+0	3,000E+1
177,055	0,075	0,075	4,850E+0	3,000E+1
178,056	0,075	0,075	1,304E+1	3,000E+1
179,055	0,320	0,075	1,963E+1	3,000E+1
180,055	0,320	0,075	1,963E+1	3,000E+1
181,055	0,320	0,075	1,964E+1	3,000E+1
182,055	0,320	0,075	1,965E+1	3,000E+1
183,055	0,320	0,075	1,965E+1	3,000E+1
184,055	0,320	0,075	1,966E+1	3,000E+1
185,056	0,320	0,075	1,966E+1	3,000E+1
186,056	0,320	0,075	1,967E+1	3,000E+1
187,057	0,320	0,075	1,967E+1	3,000E+1
188,056	0,320	0,075	1,968E+1	3,000E+1
189,056	0,320	0,075	1,968E+1	3,000E+1
190,057	0,320	0,075	1,969E+1	3,000E+1
191,056	0,320	0,075	1,969E+1	3,000E+1
192,056	0,320	0,075	1,970E+1	3,000E+1
193,056	0,320	0,075	1,971E+1	3,000E+1
194,056	0,320	0,075	1,971E+1	3,000E+1
195,056	0,320	0,075	1,971E+1	3,000E+1
196,056	0,320	0,075	1,972E+1	3,000E+1
197,056	0,320	0,075	1,973E+1	3,000E+1
198,056	0,320	0,075	1,973E+1	3,000E+1
199,057	0,320	0,075	1,974E+1	3,000E+1
200,057	0,320	0,075	1,975E+1	3,000E+1
201,059	0,320	0,075	1,975E+1	3,000E+1
202,059	0,320	0,075	1,976E+1	3,000E+1
203,058	0,320	0,075	1,976E+1	3,000E+1
204,058	0,320	0,075	1,977E+1	3,000E+1
205,059	0,320	0,075	1,978E+1	3,000E+1
206,059	0,320	0,075	1,978E+1	3,000E+1
207,059	0,320	0,075	1,979E+1	3,000E+1
208,060	0,320	0,075	1,980E+1	3,000E+1
209,061	0,320	0,100	1,980E+1	3,000E+1
210,061	0,320	0,100	1,981E+1	3,000E+1
211,062	0,320	0,100	1,981E+1	3,000E+1
212,064	0,320	0,100	1,982E+1	3,000E+1
213,064	0,320	0,100	1,983E+1	3,000E+1
214,065	0,320	0,100	1,984E+1	3,000E+1
215,065	0,320	0,100	1,985E+1	3,000E+1
216,065	0,320	0,100	1,985E+1	3,000E+1
217,066	0,320	0,100	1,986E+1	3,000E+1
218,066	0,320	0,100	1,987E+1	3,000E+1
219,066	0,320	0,100	1,988E+1	3,000E+1
220,066	0,320	0,100	1,988E+1	3,000E+1
221,068	0,320	0,100	1,989E+1	3,000E+1
222,068	0,320	0,100	1,990E+1	3,000E+1
223,069	0,100	0,100	6,450E+0	3,000E+1
224,068	0,100	0,100	6,450E+0	3,000E+1
225,069	0,100	0,100	6,450E+0	3,000E+1
226,069	0,100	0,100	6,450E+0	3,000E+1
227,069	0,100	0,100	6,450E+0	3,000E+1
228,069	0,100	0,100	6,450E+0	3,000E+1
229,070	0,100	0,100	6,450E+0	3,000E+1
230,070	0,100	0,100	6,460E+0	3,000E+1
231,071	0,100	0,100	6,460E+0	3,000E+1
232,070	0,100	0,100	6,460E+0	3,000E+1
233,071	0,100	0,100	6,460E+0	3,000E+1
234,071	0,331	0,100	1,935E+1	3,000E+1
235,072	0,320	0,100	1,995E+1	3,000E+1
236,074	0,320	0,100	1,996E+1	3,000E+1
237,075	0,320	0,100	1,997E+1	3,000E+1
238,075	0,320	0,100	1,998E+1	3,000E+1
239,076	0,320	0,100	1,999E+1	3,000E+1
240,077	0,320	0,100	2,000E+1	3,000E+1
241,077	0,320	0,100	2,001E+1	3,000E+1
242,078	0,100	0,100	6,480E+0	3,000E+1
243,079	0,100	0,100	6,480E+0	3,000E+1
244,079	0,100	0,100	6,480E+0	3,000E+1
245,079	0,100	0,100	6,490E+0	3,000E+1
246,079	0,100	0,100	6,490E+0	3,000E+1
247,080	0,100	0,100	6,490E+0	3,000E+1
248,080	0,100	0,100	6,490E+0	3,000E+1
249,080	0,100	0,100	6,490E+0	3,000E+1
250,080	0,100	0,100	6,490E+0	3,000E+1
251,080	0,100	0,100	6,490E+0	3,000E+1
252,080	0,100	0,100	6,490E+0	3,000E+1
253,080	0,100	0,100	6,500E+0	3,000E+1
254,081	0,100	0,100	6,500E+0	3,000E+1
255,080	0,100	0,100	6,500E+0	3,000E+1
256,081	0,100	0,100	6,500E+0	3,000E+1
257,081	0,100	0,100	6,500E+0	3,000E+1
258,081	0,100	0,100	6,500E+0	3,000E+1
259,082	0,100	0,100	6,500E+0	3,000E+1
260,083	0,100	0,100	6,510E+0	3,000E+1
261,083	0,100	0,100	6,510E+0	3,000E+1
262,083	0,100	0,100	6,510E+0	3,000E+1
263,083	0,100	0,100	6,510E+0	3,000E+1
264,084	0,100	0,100	6,510E+0	3,000E+1
265,084	0,100	0,100	6,510E+0	3,000E+1
266,085	0,100	0,100	6,510E+0	3,000E+1
267,086	0,100	0,100	6,520E+0	3,000E+1
268,087	0,100	0,100	6,520E+0	3,000E+1
269,088	0,100	0,100	6,520E+0	3,000E+1
270,087	0,100	0,100	6,520E+0	3,000E+1
271,088	0,100	0,100	6,520E+0	3,000E+1
272,088	0,100	0,100	6,520E+0	3,000E+1
273,088	0,100	0,100	6,520E+0	3,000E+1
274,088	0,100	0,100	6,530E+0	3,000E+1
275,088	0,100	0,100	6,530E+0	3,000E+1
276,088	0,100	0,100	6,530E+0	3,000E+1
277,088	0,100	0,100	6,530E+0	3,000E+1
278,088	0,100	0,100	6,530E+0	3,000E+1
279,088	0,100	0,100	6,530E+0	3,000E+1
280,088	0,100	0,100	6,530E+0	3,000E+1
281,088	0,100	0,100	6,530E+0	3,000E+1
282,089	0,100	0,100	6,530E+0	3,000E+1
283,089	0,100	0,100	6,530E+0	3,000E+1
284,089	0,100	0,100	6,540E+0	3,000E+1
285,089	0,100	0,100	6,530E+0	3,000E+1
286,089	0,100	0,100	6,540E+0	3,000E+1
287,089	0,100	0,100	6,540E+0	3,000E+1
288,089	0,100	0,100	6,540E+0	3,000E+1
289,089	0,100	0,100	6,540E+0	3,000E+1
290,089	0,100	0,100	6,540E+0	3,000E+1
291,089	0,100	0,100	6,540E+0	3,000E+1
292,089	0,100	0,100	6,540E+0	3,000E+1
293,089	0,100	0,100	6,550E+0	3,000E+1
294,090	0,100	0,100	6,540E+0	3,000E+1
295,090	0,100	0,100	6,550E+0	3,000E+1
296,091	0,100	0,100	6,550E+0	3,000E+1
297,091	0,100	0,100	6,550E+0	3,000E+1
298,092	0,100	0,100	6,550E+0	3,000E+1
299,092	0,100	0,100	6,550E+0	3,000E+1
300,092	0,100	0,100	6,550E+0	3,000E+1
301,092	0,100	0,100	6,550E+0	3,000E+1
302,092	0,100	0,100	6,550E+0	3,000E+1
303,094	0,100	0,100	6,560E+0	3,000E+1
304,094	0,100	0,100	6,560E+0	3,000E+1
305,094	0,100	0,100	6,560E+0	3,000E+1
306,095	0,100	0,100	6,560E+0	3,000E+1
307,095	0,100	0,100	6,560E+0	3,000E+1
308,095	0,100	0,100	6,560E+0	3,000E+1
309,095	0,100	0,100	6,560E+0	3,000E+1
310,095	0,100	0,100	6,560E+0	3,000E+1
311,095	0,100	0,100	6,560E+0	3,000E+1
312,095	0,100	0,100	6,560E+0	3,000E+1
313,095	0,100	0,100	6,560E+0	3,000E+1
314,096	0,100	0,100	6,560E+0	3,000E+1
315,095	0,100	0,100	6,560E+0	3,000E+1
316,095	0,100	0,100	6,570E+0	3,000E+1
317,095	0,100	0,100	6,570E+0	3,000E+1
318,095	0,100	0,100	6,570E+0	3,000E+1
319,095	0,100	0,100	6,570E+0	3,000E+1
320,096	0,100	0,100	6,570E+0	3,000E+1
321,096	0,100	0,100	6,570E+0	3,000E+1
322,096	0,100	0,100	6,570E+0	3,000E+1
323,096	0,100	0,100	6,570E+0	3,000E+1
324,096	0,100	0,100	6,570E+0	3,000E+1
325,096	0,100	0,100	6,570E+0	3,000E+1
326,097	0,100	0,100	6,570E+0	3,000E+1
327,096	0,100	0,100	6,570E+0	3,000E+1
328,096	0,100	0,100	6,570E+0	3,000E+1
329,096	0,100	0,100	6,570E+0	3,000E+1
330,096	0,100	0,100	6,570E+0	3,000E+1
331,096	0,100	0,100	6,580E+0	3,000E+1
332,097	0,100	0,100	6,570E+0	3,000E+1
333,098	0,100	0,100	6,580E+0	3,000E+1
334,098	0,100	0,100	6,580E+0	3,000E+1
335,099	0,100	0,100	6,580E+0	3,000E+1
336,099	0,100	0,100	6,580E+0	3,000E+1
337,100	0,100	0,100	6,580E+0	3,000E+1
338,100	0,100	0,100	6,580E+0	3,000E+1
339,100	0,100	0,100	6,580E+0	3,000E+1
340,100	0,100	0,100	6,580E+0	3,000E+1
341,100	0,100	0,100	6,580E+0	3,000E+1
342,100	0,100	0,100	6,580E+0	3,000E+1
343,100	0,100	0,100	6,580E+0	3,000E+1
344,100	0,100	0,100	6,580E+0	3,000E+1
345,100	0,100	0,100	6,590E+0	3,000E+1
346,100	0,100	0,100	6,580E+0	3,000E+1
347,101	0,100	0,100	6,590E+0	3,000E+1
348,102	0,100	0,100	6,590E+0	3,000E+1
349,102	0,100	0,100	6,590E+0	3,000E+1
350,103	0,100	0,100	6,580E+0	3,000E+1
351,103	0,100	0,100	6,590E+0	3,000E+1
352,104	0,100	0,100	6,590E+0	3,000E+1
353,104	0,100	0,100	6,590E+0	3,000E+1
354,105	0,100	0,100	6,590E+0	3,000E+1
355,105	0,100	0,100	6,590E+0	3,000E+1
356,105	0,100	0,100	6,590E+0	3,000E+1
357,106	0,100	0,100	6,590E+0	3,000E+1
358,107	0,100	0,100	6,590E+0	3,000E+1
359,108	0,100	0,100	6,590E+0	3,000E+1
360,108	0,100	0,100	6,590E+0	3,000E+1
361,109	0,100	0,100	6,590E+0	3,000E+1
362,108	0,100	0,100	6,590E+0	3,000E+1
363,108	0,100	0,100	6,590E+0	3,000E+1
364,108	0,100	0,100	6,590E+0	3,000E+1
365,108	0,100	0,100	6,590E+0	3,000E+1
366,108	0,100	0,100	6,600E+0	3,000E+1
367,108	0,100	0,100	6,600E+0	3,000E+1
368,108	0,100	0,100	6,600E+0	3,000E+1
369,108	0,100	0,100	6,600E+0	3,000E+1
370,108	0,100	0,100	6,600E+0	3,000E+1
371,108	0,100	0,100	6,600E+0	3,000E+1
372,108	0,100	0,100	6,600E+0	3,000E+1
373,109	0,100	0,100	6,600E+0	3,000E+1
374,110	0,100	0,100	6,600E+0	3,000E+1
375,110	0,100	0,100	6,600E+0	3,000E+1
376,110	0,100	0,100	6,600E+0	3,000E+1
377,110	0,100	0,100	6,600E+0	3,000E+1
378,110	0,100	0,100	6,600E+0	3,000E+1
379,110	0,100	0,100	6,600E+0	3,000E+1
380,110	0,100	0,100	6,600E+0	3,000E+1
381,110	0,100	0,100	6,600E+0	3,000E+1
382,110	0,100	0,100	6,600E+0	3,000E+1
383,111	0,100	0,100	6,600E+0	3,000E+1
384,111	0,100	0,100	6,600E+0	3,000E+1
385,113	0,100	0,100	6,600E+0	3,000E+1
386,113	0,100	0,100	6,600E+0	3,000E+1
387,113	0,100	0,100	6,600E+0	3,000E+1
388,113	0,100	0,100	6,600E+0	3,000E+1
389,114	0,100	0,100	6,600E+0	3,000E+1
390,116	0,100	0,100	6,600E+0	3,000E+1
391,115	0,100	0,100	6,600E+0	3,000E+1
392,115	0,100	0,100	6,600E+0	3,000E+1
393,116	0,100	0,100	6,600E+0	3,000E+1
394,116	0,100	0,100	6,600E+0	3,000E+1
395,116	0,100	0,100	6,600E+0	3,000E+1
396,116	0,100	0,100	6,600E+0	3,000E+1
397,116	0,100	0,100	6,600E+0	3,000E+1
398,116	0,100	0,100	6,600E+0	3,000E+1
399,116	0,100	0,100	6,600E+0	3,000E+1
400,117	0,100	0,100	6,600E+0	3,000E+1
401,118	0,100	0,100	6,600E+0	3,000E+1
402,118	0,100	0,100	6,600E+0	3,000E+1
403,118	0,100	0,100	6,600E+0	3,000E+1
404,118	0,100	0,100	6,610E+0	3,000E+1
405,118	0,100	0,100	6,610E+0	3,000E+1
406,118	0,100	0,100	6,610E+0	3,000E+1
407,119	0,100	0,100	6,600E+0	3,000E+1
408,119	0,100	0,100	6,600E+0	3,000E+1
409,119	0,100	0,100	6,610E+0	3,000E+1
410,119	0,100	0,100	6,600E+0	3,000E+1
411,119	0,100	0,100	6,610E+0	3,000E+1
412,119	0,100	0,100	6,610E+0	3,000E+1
413,119	0,100	0,100	6,610E+0	3,000E+1
414,120	0,100	0,100	6,610E+0	3,000E+1
415,120	0,100	0,100	6,610E+0	3,000E+1
416,121	0,100	0,100	6,610E+0	3,000E+1
417,122	0,100	0,100	6,610E+0	3,000E+1
418,122	0,100	0,100	6,610E+0	3,000E+1
419,122	0,100	0,100	6,610E+0	3,000E+1
420,123	0,100	0,100	6,610E+0	3,000E+1
421,123	0,100	0,100	6,610E+0	3,000E+1
422,124	0,100	0,100	6,610E+0	3,000E+1
423,124	0,100	0,100	6,610E+0	3,000E+1
424,124	0,100	0,100	6,610E+0	3,000E+1
425,125	0,100	0,100	6,610E+0	3,000E+1
426,125	0,100	0,100	6,610E+0	3,000E+1
427,125	0,100	0,100	6,610E+0	3,000E+1
428,126	0,100	0,100	6,610E+0	3,000E+1
429,126	0,100	0,100	6,610E+0	3,000E+1
430,126	0,100	0,100	6,610E+0	3,000E+1
431,126	0,100	0,100	6,610E+0	3,000E+1
432,126	0,100	0,100	6,610E+0	3,000E+1
433,127	0,100	0,100	6,610E+0	3,000E+1
434,127	0,100	0,100	6,610E+0	3,000E+1
435,127	0,100	0,100	6,610E+0	3,000E+1
436,127	0,100	0,100	6,610E+0	3,000E+1
437,128	0,100	0,100	6,610E+0	3,000E+1
438,129	0,100	0,100	6,610E+0	3,000E+1
439,130	0,100	0,100	6,610E+0	3,000E+1
440,131	0,100	0,100	6,610E+0	3,000E+1
441,131	0,100	0,100	6,610E+0	3,000E+1
442,131	0,100	0,100	6,610E+0	3,000E+1
443,131	0,100	0,100	6,610E+0	3,000E+1
444,131	0,100	0,100	6,610E+0	3,000E+1
445,131	0,100	0,100	6,610E+0	3,000E+1
446,131	0,100	0,100	6,610E+0	3,000E+1
447,131	0,100	0,100	6,610E+0	3,000E+1
448,132	0,100	0,100	6,610E+0	3,000E+1
449,132	0,100	0,100	6,610E+0	3,000E+1
450,132	0,100	0,100	6,610E+0	3,000E+1
451,132	0,100	0,100	6,610E+0	3,000E+1
452,132	0,100	0,100	6,610E+0	3,000E+1
453,132	0,100	0,100	6,610E+0	3,000E+1
454,133	0,100	0,100	6,610E+0	3,000E+1
455,132	0,100	0,100	6,610E+0	3,000E+1
456,132	0,100	0,100	6,610E+0	3,000E+1
457,132	0,100	0,100	6,610E+0	3,000E+1
458,133	0,100	0,100	6,610E+0	3,000E+1
459,133	0,100	0,100	6,610E+0	3,000E+1
460,135	0,100	0,100	6,610E+0	3,000E+1
461,134	0,100	0,100	6,610E+0	3,000E+1
462,134	0,100	0,100	6,610E+0	3,000E+1
463,134	0,100	0,100	6,610E+0	3,000E+1
464,135	0,100	0,100	6,610E+0	3,000E+1
465,135	0,100	0,100	6,610E+0	3,000E+1
466,135	0,100	0,100	6,610E+0	3,000E+1
467,135	0,100	0,100	6,610E+0	3,000E+1
468,136	0,100	0,100	6,610E+0	3,000E+1
469,136	0,100	0,100	6,610E+0	3,000E+1
470,136	0,100	0,100	6,610E+0	3,000E+1
471,136	0,100	0,100	6,610E+0	3,000E+1
472,136	0,100	0,100	6,610E+0	3,000E+1
473,137	0,100	0,100	6,610E+0	3,000E+1
474,137	0,100	0,100	6,610E+0	3,000E+1
475,137	0,100	0,100	6,610E+0	3,000E+1
476,138	0,100	0,100	6,610E+0	3,000E+1
477,138	0,100	0,100	6,610E+0	3,000E+1
478,138	0,100	0,100	6,620E+0	3,000E+1
479,139	0,100	0,100	6,610E+0	3,000E+1
480,139	0,100	0,100	6,610E+0	3,000E+1
481,140	0,100	0,100	6,610E+0	3,000E+1
482,140	0,100	0,100	6,610E+0	3,000E+1
483,140	0,100	0,100	6,610E+0	3,000E+1
484,140	0,100	0,100	6,610E+0	3,000E+1
485,141	0,100	0,100	6,610E+0	3,000E+1
486,141	0,100	0,100	6,610E+0	3,000E+1
487,141	0,100	0,100	6,610E+0	3,000E+1
488,141	0,100	0,100	6,610E+0	3,000E+1
489,141	0,100	0,100	6,620E+0	3,000E+1
490,141	0,100	0,100	6,610E+0	3,000E+1
491,141	0,100	0,100	6,610E+0	3,000E+1
492,142	0,100	0,100	6,610E+0	3,000E+1
493,144	0,100	0,100	6,620E+0	3,000E+1
494,143	0,100	0,100	6,610E+0	3,000E+1
495,143	0,100	0,100	6,610E+0	3,000E+1
496,143	0,100	0,100	6,610E+0	3,000E+1
497,143	0,100	0,100	6,620E+0	3,000E+1
498,143	0,100	0,100	6,610E+0	3,000E+1
499,143	0,100	0,100	6,610E+0	3,000E+1
500,143	0,100	0,100	6,610E+0	3,000E+1
501,143	0,100	0,100	6,620E+0	3,000E+1
502,145	0,100	0,100	6,610E+0	3,000E+1
503,144	0,100	0,100	6,610E+0	3,000E+1
504,144	0,100	0,100	6,620E+0	3,000E+1
505,145	0,100	0,100	6,610E+0	3,000E+1
506,147	0,100	0,100	6,610E+0	3,000E+1
507,147	0,100	0,100	6,610E+0	3,000E+1
508,147	0,100	0,100	6,620E+0	3,000E+1
509,147	0,100	0,100	6,610E+0	3,000E+1
510,147	0,100	0,100	6,610E+0	3,000E+1
511,147	0,100	0,100	6,620E+0	3,000E+1
512,147	0,100	0,100	6,610E+0	3,000E+1
513,148	0,100	0,100	6,620E+0	3,000E+1
514,149	0,100	0,100	6,610E+0	3,000E+1
515,149	0,100	0,100	6,620E+0	3,000E+1
516,149	0,100	0,100	6,610E+0	3,000E+1
517,149	0,100	0,100	6,620E+0	3,000E+1
518,149	0,100	0,100	6,620E+0	3,000E+1
519,149	0,100	0,100	6,610E+0	3,000E+1
520,149	0,100	0,100	6,620E+0	3,000E+1
521,149	0,100	0,100	6,620E+0	3,000E+1
522,149	0,100	0,100	6,610E+0	3,000E+1
523,149	0,100	0,100	6,620E+0	3,000E+1
524,149	0,100	0,100	6,610E+0	3,000E+1
525,150	0,100	0,100	6,620E+0	3,000E+1
526,150	0,100	0,100	6,620E+0	3,000E+1
527,150	0,100	0,100	6,610E+0	3,000E+1
528,151	0,100	0,100	6,610E+0	3,000E+1
529,152	0,100	0,100	6,610E+0	3,000E+1
530,153	0,100	0,100	6,610E+0	3,000E+1
531,154	0,100	0,100	6,610E+0	3,000E+1
532,153	0,100	0,100	6,620E+0	3,000E+1
533,153	0,100	0,100	6,620E+0	3,000E+1
534,153	0,100	0,100	6,610E+0	3,000E+1
535,155	0,100	0,100	6,610E+0	3,000E+1
536,154	0,100	0,100	6,610E+0	3,000E+1
537,154	0,100	0,100	6,610E+0	3,000E+1
538,155	0,100	0,100	6,610E+0	3,000E+1
539,154	0,100	0,100	6,620E+0	3,000E+1
540,154	0,100	0,100	6,620E+0	3,000E+1
541,155	0,100	0,100	6,620E+0	3,000E+1
542,155	0,100	0,100	6,610E+0	3,000E+1
543,157	0,100	0,100	6,620E+0	3,000E+1
544,157	0,100	0,100	6,610E+0	3,000E+1
545,157	0,100	0,100	6,610E+0	3,000E+1
546,157	0,100	0,100	6,610E+0	3,000E+1
547,158	0,100	0,100	6,610E+0	3,000E+1
548,158	0,100	0,100	6,620E+0	3,000E+1
549,158	0,100	0,100	6,620E+0	3,000E+1
550,158	0,100	0,100	6,610E+0	3,000E+1
551,158	0,100	0,100	6,620E+0	3,000E+1
552,158	0,100	0,100	6,610E+0	3,000E+1
553,159	0,100	0,100	6,610E+0	3,000E+1
554,160	0,100	0,100	6,610E+0	3,000E+1
555,159	0,100	0,100	6,610E+0	3,000E+1
556,159	0,100	0,100	6,620E+0	3,000E+1
557,161	0,100	0,100	6,610E+0	3,000E+1
558,162	0,100	0,100	6,610E+0	3,000E+1
559,162	0,100	0,100	6,610E+0	3,000E+1
560,161	0,100	0,100	6,610E+0	3,000E+1
561,161	0,100	0,100	6,610E+0	3,000E+1
562,161	0,100	0,100	6,610E+0	3,000E+1
563,162	0,100	0,100	6,620E+0	3,000E+1
564,161	0,100	0,100	6,610E+0	3,000E+1
565,161	0,100	0,100	6,610E+0	3,000E+1
566,161	0,100	0,100	6,610E+0	3,000E+1
567,162	0,100	0,100	6,610E+0	3,000E+1
568,163	0,100	0,100	6,610E+0	3,000E+1
569,165	0,100	0,100	6,610E+0	3,000E+1
570,164	0,100	0,100	6,610E+0	3,000E+1
571,164	0,100	0,100	6,610E+0	3,000E+1
572,164	0,100	0,100	6,610E+0	3,000E+1
573,164	0,100	0,100	6,610E+0	3,000E+1
574,164	0,100	0,100	6,610E+0	3,000E+1
575,164	0,100	0,100	6,610E+0	3,000E+1
576,165	0,100	0,100	6,610E+0	3,000E+1
577,165	0,100	0,100	6,610E+0	3,000E+1
578,167	0,100	0,100	6,610E+0	3,000E+1
579,166	0,100	0,100	6,610E+0	3,000E+1
580,166	0,100	0,100	6,610E+0	3,000E+1
581,167	0,100	0,100	6,620E+0	3,000E+1
582,167	0,100	0,100	6,610E+0	3,000E+1
583,168	0,100	0,100	6,610E+0	3,000E+1
584,169	0,100	0,100	6,610E+0	3,000E+1
585,169	0,100	0,100	6,610E+0	3,000E+1
586,170	0,100	0,100	6,610E+0	3,000E+1
587,169	0,100	0,100	6,610E+0	3,000E+1
588,169	0,100	0,100	6,610E+0	3,000E+1
589,169	0,100	0,100	6,610E+0	3,000E+1
590,169	0,100	0,100	6,610E+0	3,000E+1
591,171	0,100	0,100	6,610E+0	3,000E+1
592,170	0,100	0,100	6,610E+0	3,000E+1
593,171	0,100	0,100	6,610E+0	3,000E+1
594,171	0,100	0,100	6,610E+0	3,000E+1
595,171	0,100	0,100	6,610E+0	3,000E+1
596,171	0,100	0,100	6,610E+0	3,000E+1
597,171	0,100	0,100	6,610E+0	3,000E+1
598,171	0,100	0,100	6,610E+0	3,000E+1
599,172	0,100	0,100	6,610E+0	3,000E+1
600,172	0,100	0,100	6,610E+0	3,000E+1
601,172	0,100	0,100	6,610E+0	3,000E+1
602,172	0,100	0,100	6,610E+0	3,000E+1
603,172	0,100	0,100	6,610E+0	3,000E+1
604,173	0,100	0,100	6,610E+0	3,000E+1
605,173	0,100	0,100	6,610E+0	3,000E+1
606,173	0,100	0,100	6,620E+0	3,000E+1
607,173	0,100	0,100	6,610E+0	3,000E+1
608,173	0,100	0,100	6,610E+0	3,000E+1
609,174	0,100	0,100	6,610E+0	3,000E+1
610,173	0,100	0,100	6,610E+0	3,000E+1
611,173	0,100	0,100	6,610E+0	3,000E+1
612,174	0,100	0,100	6,610E+0	3,000E+1
613,173	0,100	0,100	6,610E+0	3,000E+1
614,173	0,100	0,100	6,610E+0	3,000E+1
615,173	0,100	0,100	6,610E+0	3,000E+1
616,173	0,100	0,100	6,610E+0	3,000E+1
617,174	0,100	0,100	6,610E+0	3,000E+1
618,174	0,100	0,100	6,610E+0	3,000E+1
619,174	0,100	0,100	6,610E+0	3,000E+1
620,175	0,100	0,100	6,610E+0	3,000E+1
621,174	0,100	0,100	6,610E+0	3,000E+1
622,176	0,100	0,100	6,610E+0	3,000E+1
623,176	0,100	0,100	6,610E+0	3,000E+1
624,177	0,100	0,100	6,610E+0	3,000E+1
625,176	0,100	0,100	6,610E+0	3,000E+1
626,177	0,100	0,100	6,610E+0	3,000E+1
627,177	0,100	0,100	6,610E+0	3,000E+1
628,178	0,100	0,100	6,610E+0	3,000E+1
629,179	0,100	0,100	6,610E+0	3,000E+1
630,180	0,100	0,100	6,610E+0	3,000E+1
631,180	0,100	0,100	6,610E+0	3,000E+1
632,180	0,100	0,100	6,610E+0	3,000E+1
633,180	0,100	0,100	6,610E+0	3,000E+1
634,181	0,100	0,100	6,610E+0	3,000E+1
635,181	0,100	0,100	6,610E+0	3,000E+1
636,183	0,100	0,100	6,610E+0	3,000E+1
637,182	0,100	0,100	6,610E+0	3,000E+1
638,183	0,100	0,100	6,610E+0	3,000E+1
639,183	0,100	0,100	6,610E+0	3,000E+1
640,183	0,100	0,100	6,610E+0	3,000E+1
641,183	0,100	0,100	6,610E+0	3,000E+1
642,184	0,100	0,100	6,610E+0	3,000E+1
643,184	0,100	0,100	6,610E+0	3,000E+1
644,185	0,100	0,100	6,610E+0	3,000E+1
645,185	0,100	0,100	6,610E+0	3,000E+1
646,185	0,100	0,100	6,610E+0	3,000E+1
647,185	0,100	0,100	6,610E+0	3,000E+1
648,186	0,100	0,100	6,610E+0	3,000E+1
649,186	0,100	0,100	6,610E+0	3,000E+1
650,186	0,100	0,100	6,610E+0	3,000E+1
651,186	0,100	0,100	6,610E+0	3,000E+1
652,187	0,100	0,100	6,610E+0	3,000E+1
653,187	0,100	0,100	6,610E+0	3,000E+1
654,187	0,100	0,100	6,610E+0	3,000E+1
655,187	0,100	0,100	6,610E+0	3,000E+1
656,187	0,100	0,100	6,610E+0	3,000E+1
657,187	0,100	0,100	6,610E+0	3,000E+1
658,187	0,100	0,100	6,610E+0	3,000E+1
659,188	0,100	0,100	6,610E+0	3,000E+1
660,189	0,100	0,100	6,610E+0	3,000E+1
661,188	0,100	0,100	6,610E+0	3,000E+1
662,188	0,100	0,100	6,610E+0	3,000E+1
663,188	0,100	0,100	6,610E+0	3,000E+1
664,190	0,100	0,100	6,610E+0	3,000E+1
665,189	0,100	0,100	6,610E+0	3,000E+1
666,189	0,100	0,100	6,610E+0	3,000E+1
667,189	0,100	0,100	6,610E+0	3,000E+1
668,189	0,100	0,100	6,610E+0	3,000E+1
669,189	0,100	0,100	6,610E+0	3,000E+1
670,189	0,100	0,100	6,610E+0	3,000E+1
671,189	0,100	0,100	6,610E+0	3,000E+1
672,189	0,100	0,100	6,610E+0	3,000E+1
673,189	0,100	0,100	6,610E+0	3,000E+1
674,189	0,100	0,100	6,610E+0	3,000E+1
675,189	0,100	0,100	6,610E+0	3,000E+1
676,190	0,100	0,100	6,610E+0	3,000E+1
677,189	0,100	0,100	6,610E+0	3,000E+1
678,190	0,100	0,100	6,610E+0	3,000E+1
679,192	0,100	0,100	6,610E+0	3,000E+1
680,191	0,100	0,100	6,610E+0	3,000E+1
681,191	0,100	0,100	6,610E+0	3,000E+1
682,192	0,100	0,100	6,610E+0	3,000E+1
683,193	0,100	0,100	6,610E+0	3,000E+1
684,192	0,100	0,100	6,610E+0	3,000E+1
685,192	0,100	0,100	6,610E+0	3,000E+1
686,192	0,100	0,100	6,610E+0	3,000E+1
687,192	0,100	0,100	6,610E+0	3,000E+1
688,193	0,100	0,100	6,610E+0	3,000E+1
689,194	0,100	0,100	6,610E+0	3,000E+1
690,193	0,100	0,100	6,610E+0	3,000E+1
691,193	0,100	0,100	6,610E+0	3,000E+1
692,193	0,100	0,100	6,610E+0	3,000E+1
693,193	0,100	0,100	6,610E+0	3,000E+1
694,193	0,100	0,100	6,610E+0	3,000E+1
695,195	0,100	0,100	6,610E+0	3,000E+1
696,194	0,100	0,100	6,610E+0	3,000E+1
697,195	0,100	0,100	6,610E+0	3,000E+1
698,196	0,100	0,100	6,610E+0	3,000E+1
699,196	0,100	0,100	6,610E+0	3,000E+1
700,196	0,100	0,100	6,610E+0	3,000E+1
701,197	0,100	0,100	6,610E+0	3,000E+1
702,198	0,100	0,100	6,610E+0	3,000E+1
703,198	0,100	0,100	6,610E+0	3,000E+1
704,198	0,100	0,100	6,610E+0	3,000E+1
705,198	0,100	0,100	6,610E+0	3,000E+1
706,198	0,100	0,100	6,610E+0	3,000E+1
707,199	0,100	0,100	6,610E+0	3,000E+1
708,199	0,100	0,100	6,610E+0	3,000E+1
709,199	0,100	0,100	6,610E+0	3,000E+1
710,201	0,100	0,100	6,610E+0	3,000E+1
711,200	0,100	0,100	6,610E+0	3,000E+1
712,201	0,100	0,100	6,610E+0	3,000E+1
713,200	0,100	0,100	6,610E+0	3,000E+1
714,200	0,100	0,100	6,610E+0	3,000E+1
715,200	0,100	0,100	6,610E+0	3,000E+1
716,201	0,100	0,100	6,610E+0	3,000E+1
717,201	0,100	0,100	6,610E+0	3,000E+1
718,201	0,100	0,100	6,610E+0	3,000E+1
719,202	0,100	0,100	6,610E+0	3,000E+1
720,202	0,100	0,100	6,610E+0	3,000E+1
721,203	0,100	0,100	6,600E+0	3,000E+1
722,204	0,100	0,100	6,610E+0	3,000E+1
723,206	0,100	0,100	6,610E+0	3,000E+1
724,206	0,100	0,100	6,600E+0	3,000E+1
725,206	0,100	0,100	6,610E+0	3,000E+1
726,208	0,100	0,100	6,610E+0	3,000E+1
727,207	0,100	0,100	6,610E+0	3,000E+1
728,207	0,100	0,100	6,610E+0	3,000E+1
729,207	0,100	0,100	6,610E+0	3,000E+1
730,207	0,100	0,100	6,610E+0	3,000E+1
731,207	0,100	0,100	6,610E+0	3,000E+1
732,208	0,100	0,100	6,610E+0	3,000E+1
733,208	0,100	0,100	6,610E+0	3,000E+1
734,208	0,100	0,100	6,610E+0	3,000E+1
735,209	0,100	0,100	6,600E+0	3,000E+1
736,208	0,100	0,100	6,600E+0	3,000E+1
737,208	0,100	0,100	6,610E+0	3,000E+1
738,210	0,100	0,100	6,610E+0	3,000E+1
739,209	0,100	0,100	6,610E+0	3,000E+1
740,209	0,100	0,100	6,610E+0	3,000E+1
741,209	0,100	0,100	6,600E+0	3,000E+1
742,209	0,100	0,100	6,610E+0	3,000E+1
743,209	0,100	0,100	6,600E+0	3,000E+1
744,210	0,100	0,100	6,610E+0	3,000E+1
745,210	0,100	0,100	6,610E+0	3,000E+1
746,210	0,100	0,100	6,600E+0	3,000E+1
747,210	0,100	0,100	6,600E+0	3,000E+1
748,210	0,100	0,100	6,610E+0	3,000E+1
749,210	0,100	0,100	6,600E+0	3,000E+1
750,210	0,100	0,100	6,610E+0	3,000E+1
751,211	0,100	0,100	6,610E+0	3,000E+1
752,211	0,100	0,100	6,610E+0	3,000E+1
753,211	0,100	0,100	6,600E+0	3,000E+1
754,211	0,100	0,100	6,600E+0	3,000E+1
755,211	0,100	0,100	6,600E+0	3,000E+1
756,213	0,100	0,100	6,600E+0	3,000E+1
757,212	0,100	0,100	6,600E+0	3,000E+1
758,213	0,100	0,100	6,610E+0	3,000E+1
759,213	0,100	0,100	6,600E+0	3,000E+1
760,213	0,100	0,100	6,610E+0	3,000E+1
761,215	0,100	0,100	6,600E+0	3,000E+1
762,216	0,100	0,100	6,600E+0	3,000E+1
763,215	0,100	0,100	6,600E+0	3,000E+1
764,215	0,100	0,100	6,600E+0	3,000E+1
765,215	0,100	0,100	6,610E+0	3,000E+1
766,216	0,100	0,100	6,600E+0	3,000E+1
767,216	0,100	0,100	6,600E+0	3,000E+1
768,217	0,100	0,100	6,600E+0	3,000E+1
769,217	0,100	0,100	6,600E+0	3,000E+1
770,217	0,100	0,100	6,600E+0	3,000E+1
771,218	0,100	0,100	6,600E+0	3,000E+1
772,218	0,100	0,100	6,600E+0	3,000E+1
773,220	0,100	0,100	6,600E+0	3,000E+1
774,220	0,100	0,100	6,600E+0	3,000E+1
775,219	0,100	0,100	6,600E+0	3,000E+1
776,220	0,100	0,100	6,600E+0	3,000E+1
777,219	0,100	0,100	6,600E+0	3,000E+1
778,219	0,100	0,100	6,600E+0	3,000E+1
779,219	0,100	0,100	6,600E+0	3,000E+1
780,220	0,100	0,100	6,600E+0	3,000E+1
781,220	0,100	0,100	6,600E+0	3,000E+1
782,220	0,100	0,100	6,600E+0	3,000E+1
783,220	0,100	0,100	6,600E+0	3,000E+1
784,220	0,100	0,100	6,600E+0	3,000E+1
785,220	0,100	0,100	6,600E+0	3,000E+1
786,220	0,100	0,100	6,600E+0	3,000E+1
787,220	0,100	0,100	6,600E+0	3,000E+1
788,220	0,100	0,100	6,600E+0	3,000E+1
789,221	0,100	0,100	6,600E+0	3,000E+1
790,220	0,100	0,100	6,600E+0	3,000E+1
791,221	0,100	0,100	6,600E+0	3,000E+1
792,221	0,100	0,100	6,600E+0	3,000E+1
793,221	0,100	0,100	6,600E+0	3,000E+1
794,222	0,100	0,100	6,600E+0	3,000E+1
795,223	0,100	0,100	6,600E+0	3,000E+1
796,223	0,100	0,100	6,600E+0	3,000E+1
797,222	0,100	0,100	6,600E+0	3,000E+1
798,223	0,100	0,100	6,600E+0	3,000E+1
799,223	0,100	0,100	6,600E+0	3,000E+1
800,223	0,100	0,100	6,600E+0	3,000E+1
801,224	0,100	0,100	6,600E+0	3,000E+1
802,224	0,100	0,100	6,600E+0	3,000E+1
803,224	0,100	0,100	6,600E+0	3,000E+1
804,224	0,100	0,100	6,600E+0	3,000E+1
805,225	0,100	0,100	6,600E+0	3,000E+1
806,225	0,100	0,100	6,600E+0	3,000E+1
807,226	0,100	0,100	6,600E+0	3,000E+1
808,226	0,100	0,100	6,600E+0	3,000E+1
809,226	0,100	0,100	6,600E+0	3,000E+1
810,226	0,100	0,100	6,600E+0	3,000E+1
811,227	0,100	0,100	6,600E+0	3,000E+1
812,227	0,100	0,100	6,600E+0	3,000E+1
813,228	0,100	0,100	6,600E+0	3,000E+1
814,228	0,100	0,100	6,600E+0	3,000E+1
815,229	0,100	0,100	6,600E+0	3,000E+1
816,229	0,100	0,100	6,600E+0	3,000E+1
817,230	0,100	0,100	6,600E+0	3,000E+1
818,230	0,100	0,100	6,600E+0	3,000E+1
819,231	0,100	0,100	6,600E+0	3,000E+1
820,231	0,100	0,100	6,600E+0	3,000E+1
821,231	0,100	0,100	6,600E+0	3,000E+1
822,232	0,100	0,100	6,600E+0	3,000E+1
823,232	0,100	0,100	6,600E+0	3,000E+1
824,234	0,100	0,100	6,600E+0	3,000E+1
825,234	0,100	0,100	6,600E+0	3,000E+1
826,234	0,100	0,100	6,600E+0	3,000E+1
827,236	0,100	0,100	6,600E+0	3,000E+1
828,235	0,100	0,100	6,600E+0	3,000E+1
829,235	0,100	0,100	6,600E+0	3,000E+1
830,237	0,100	0,100	6,600E+0	3,000E+1
831,237	0,100	0,100	6,600E+0	3,000E+1
832,237	0,100	0,100	6,600E+0	3,000E+1
833,237	0,100	0,100	6,600E+0	3,000E+1
834,237	0,100	0,100	6,600E+0	3,000E+1
835,237	0,100	0,100	6,600E+0	3,000E+1
836,237	0,100	0,100	6,600E+0	3,000E+1
837,237	0,100	0,100	6,600E+0	3,000E+1
838,238	0,100	0,100	6,600E+0	3,000E+1
839,238	0,100	0,100	6,600E+0	3,000E+1
840,238	0,100	0,100	6,600E+0	3,000E+1
841,238	0,100	0,100	6,600E+0	3,000E+1
842,238	0,100	0,100	6,600E+0	3,000E+1
843,240	0,100	0,100	6,600E+0	3,000E+1
844,239	0,100	0,100	6,600E+0	3,000E+1
845,239	0,100	0,100	6,600E+0	3,000E+1
846,239	0,100	0,100	6,600E+0	3,000E+1
847,239	0,100	0,100	6,600E+0	3,000E+1
848,239	0,100	0,100	6,600E+0	3,000E+1
849,240	0,100	0,100	6,600E+0	3,000E+1
850,241	0,100	0,100	6,600E+0	3,000E+1
851,242	0,100	0,100	6,600E+0	3,000E+1
852,241	0,100	0,100	6,600E+0	3,000E+1
853,241	0,100	0,100	6,600E+0	3,000E+1
854,241	0,100	0,100	6,600E+0	3,000E+1
855,241	0,100	0,100	6,600E+0	3,000E+1
856,241	0,100	0,100	6,600E+0	3,000E+1
857,241	0,100	0,100	6,600E+0	3,000E+1
858,242	0,100	0,100	6,600E+0	3,000E+1
859,242	0,100	0,100	6,600E+0	3,000E+1
860,242	0,100	0,100	6,600E+0	3,000E+1
861,242	0,100	0,100	6,600E+0	3,000E+1
862,242	0,100	0,100	6,600E+0	3,000E+1
863,242	0,100	0,100	6,600E+0	3,000E+1
864,242	0,100	0,100	6,600E+0	3,000E+1
865,242	0,100	0,100	6,600E+0	3,000E+1
866,242	0,100	0,100	6,600E+0	3,000E+1
867,242	0,100	0,100	6,600E+0	3,000E+1
868,242	0,100	0,100	6,600E+0	3,000E+1
869,243	0,100	0,100	6,600E+0	3,000E+1
870,243	0,100	0,100	6,600E+0	3,000E+1
871,243	0,100	0,100	6,600E+0	3,000E+1
872,243	0,100	0,100	6,600E+0	3,000E+1
873,243	0,100	0,100	6,600E+0	3,000E+1
874,244	0,100	0,100	6,600E+0	3,000E+1
875,244	0,100	0,100	6,600E+0	3,000E+1
876,244	0,100	0,100	6,600E+0	3,000E+1
877,244	0,100	0,100	6,600E+0	3,000E+1
878,244	0,100	0,100	6,600E+0	3,000E+1
879,244	0,100	0,100	6,600E+0	3,000E+1
880,244	0,100	0,100	6,600E+0	3,000E+1
881,244	0,100	0,100	6,600E+0	3,000E+1
882,246	0,100	0,100	6,600E+0	3,000E+1
883,245	0,100	0,100	6,600E+0	3,000E+1
884,245	0,100	0,100	6,600E+0	3,000E+1
885,246	0,100	0,100	6,600E+0	3,000E+1
886,245	0,100	0,100	6,600E+0	3,000E+1
887,247	0,100	0,100	6,600E+0	3,000E+1
888,247	0,100	0,100	6,600E+0	3,000E+1
889,247	0,100	0,100	6,600E+0	3,000E+1
890,247	0,100	0,100	6,600E+0	3,000E+1
891,247	0,100	0,100	6,600E+0	3,000E+1
892,247	0,100	0,100	6,600E+0	3,000E+1
893,249	0,100	0,100	6,600E+0	3,000E+1
894,248	0,100	0,100	6,600E+0	3,000E+1
895,249	0,100	0,100	6,600E+0	3,000E+1
896,249	0,100	0,100	6,600E+0	3,000E+1
897,250	0,100	0,100	6,600E+0	3,000E+1
898,250	0,100	0,100	6,600E+0	3,000E+1
899,250	0,100	0,100	6,600E+0	3,000E+1
900,251	0,100	0,100	6,600E+0	3,000E+1
901,251	0,100	0,100	6,600E+0	3,000E+1
902,251	0,100	0,100	6,600E+0	3,000E+1
903,252	0,100	0,100	6,600E+0	3,000E+1
904,251	0,100	0,100	6,600E+0	3,000E+1
905,252	0,100	0,100	6,600E+0	3,000E+1
906,252	0,100	0,100	6,600E+0	3,000E+1
907,252	0,100	0,100	6,590E+0	3,000E+1
908,252	0,100	0,100	6,600E+0	3,000E+1
909,252	0,100	0,100	6,600E+0	3,000E+1
910,252	0,100	0,100	6,600E+0	3,000E+1
911,252	0,100	0,100	6,600E+0	3,000E+1
912,254	0,100	0,100	6,600E+0	3,000E+1
913,255	0,100	0,100	6,590E+0	3,000E+1
914,255	0,100	0,100	6,590E+0	3,000E+1
915,256	0,100	0,100	6,600E+0	3,000E+1
916,256	0,100	0,100	6,600E+0	3,000E+1
917,257	0,100	0,100	6,600E+0	3,000E+1
918,256	0,100	0,100	6,600E+0	3,000E+1
919,256	0,100	0,100	6,600E+0	3,000E+1
920,256	0,100	0,100	6,600E+0	3,000E+1
921,256	0,100	0,100	6,590E+0	3,000E+1
922,256	0,100	0,100	6,600E+0	3,000E+1
923,257	0,100	0,100	6,600E+0	3,000E+1
924,257	0,100	0,100	6,600E+0	3,000E+1
925,257	0,100	0,100	6,600E+0	3,000E+1
926,257	0,100	0,100	6,600E+0	3,000E+1
927,259	0,100	0,100	6,600E+0	3,000E+1
928,259	0,100	0,100	6,590E+0	3,000E+1
929,258	0,100	0,100	6,600E+0	3,000E+1
930,259	0,100	0,100	6,600E+0	3,000E+1
931,260	0,100	0,100	6,600E+0	3,000E+1
932,261	0,100	0,100	6,600E+0	3,000E+1
933,260	0,100	0,100	6,590E+0	3,000E+1
934,261	0,100	0,100	6,600E+0	3,000E+1
935,261	0,100	0,100	6,590E+0	3,000E+1
936,262	0,100	0,100	6,600E+0	3,000E+1
937,263	0,100	0,100	6,590E+0	3,000E+1
938,264	0,100	0,100	6,590E+0	3,000E+1
939,264	0,100	0,100	6,600E+0	3,000E+1
940,264	0,100	0,100	6,600E+0	3,000E+1
941,264	0,100	0,100	6,600E+0	3,000E+1
942,264	0,100	0,100	6,590E+0	3,000E+1
943,264	0,100	0,100	6,600E+0	3,000E+1
944,264	0,100	0,100	6,590E+0	3,000E+1
945,264	0,100	0,100	6,590E+0	3,000E+1
946,264	0,100	0,100	6,590E+0	3,000E+1
947,265	0,100	0,100	6,590E+0	3,000E+1
948,264	0,100	0,100	6,600E+0	3,000E+1
949,265	0,100	0,100	6,590E+0	3,000E+1
950,265	0,100	0,100	6,590E+0	3,000E+1
951,265	0,100	0,100	6,590E+0	3,000E+1
952,265	0,100	0,100	6,590E+0	3,000E+1
953,267	0,100	0,100	6,590E+0	3,000E+1
954,268	0,100	0,100	6,590E+0	3,000E+1
955,267	0,100	0,100	6,600E+0	3,000E+1
956,268	0,100	0,100	6,600E+0	3,000E+1
957,267	0,100	0,100	6,590E+0	3,000E+1
958,267	0,100	0,100	6,590E+0	3,000E+1
959,267	0,100	0,100	6,590E+0	3,000E+1
960,267	0,100	0,100	6,590E+0	3,000E+1
961,267	0,100	0,100	6,590E+0	3,000E+1
962,269	0,100	0,100	6,590E+0	3,000E+1
963,269	0,100	0,100	6,590E+0	3,000E+1
964,269	0,100	0,100	6,600E+0	3,000E+1
965,269	0,100	0,100	6,590E+0	3,000E+1
966,269	0,100	0,100	6,590E+0	3,000E+1
967,270	0,100	0,100	6,590E+0	3,000E+1
968,270	0,100	0,100	6,590E+0	3,000E+1
969,270	0,100	0,100	6,590E+0	3,000E+1
970,270	0,100	0,100	6,590E+0	3,000E+1
971,270	0,100	0,100	6,590E+0	3,000E+1
972,270	0,100	0,100	6,590E+0	3,000E+1
973,271	0,100	0,100	6,590E+0	3,000E+1
974,271	0,100	0,100	6,590E+0	3,000E+1
975,273	0,100	0,100	6,590E+0	3,000E+1
976,273	0,100	0,100	6,590E+0	3,000E+1
977,273	0,100	0,100	6,590E+0	3,000E+1
978,273	0,100	0,100	6,590E+0	3,000E+1
979,274	0,100	0,100	6,590E+0	3,000E+1
980,275	0,100	0,100	6,590E+0	3,000E+1
981,274	0,100	0,100	6,590E+0	3,000E+1
982,274	0,100	0,100	6,590E+0	3,000E+1
983,274	0,100	0,100	6,590E+0	3,000E+1
984,275	0,100	0,100	6,590E+0	3,000E+1
985,276	0,100	0,100	6,590E+0	3,000E+1
986,276	0,100	0,100	6,590E+0	3,000E+1
987,276	0,100	0,100	6,590E+0	3,000E+1
988,276	0,100	0,100	6,590E+0	3,000E+1
989,276	0,100	0,100	6,590E+0	3,000E+1
990,276	0,100	0,100	6,590E+0	3,000E+1
991,276	0,100	0,100	6,590E+0	3,000E+1
992,276	0,100	0,100	6,590E+0	3,000E+1
993,276	0,100	0,100	6,590E+0	3,000E+1
994,276	0,100	0,100	6,590E+0	3,000E+1
995,277	0,100	0,100	6,590E+0	3,000E+1
996,279	0,100	0,100	6,590E+0	3,000E+1
997,278	0,100	0,100	6,590E+0	3,000E+1
998,279	0,100	0,100	6,590E+0	3,000E+1
999,278	0,100	0,100	6,590E+0	3,000E+1
1000,278	0,100	0,100	6,590E+0	3,000E+1
1001,279	0,100	0,100	6,590E+0	3,000E+1
1002,279	0,100	0,100	6,590E+0	3,000E+1
1003,280	0,100	0,100	6,590E+0	3,000E+1
1004,279	0,100	0,100	6,590E+0	3,000E+1
1005,280	0,100	0,100	6,590E+0	3,000E+1
1006,280	0,100	0,100	6,590E+0	3,000E+1
1007,280	0,100	0,100	6,590E+0	3,000E+1
1008,280	0,100	0,100	6,590E+0	3,000E+1
1009,280	0,100	0,100	6,590E+0	3,000E+1
1010,280	0,100	0,100	6,590E+0	3,000E+1
1011,281	0,100	0,100	6,590E+0	3,000E+1
1012,283	0,100	0,100	6,590E+0	3,000E+1
1013,282	0,100	0,100	6,590E+0	3,000E+1
1014,282	0,100	0,100	6,590E+0	3,000E+1
1015,284	0,100	0,100	6,590E+0	3,000E+1
1016,283	0,100	0,100	6,590E+0	3,000E+1
1017,283	0,100	0,100	6,590E+0	3,000E+1
1018,283	0,100	0,100	6,590E+0	3,000E+1
1019,283	0,100	0,100	6,590E+0	3,000E+1
1020,285	0,100	0,100	6,590E+0	3,000E+1
1021,285	0,100	0,100	6,590E+0	3,000E+1
1022,285	0,100	0,100	6,590E+0	3,000E+1
1023,285	0,100	0,100	6,590E+0	3,000E+1
1024,285	0,100	0,100	6,590E+0	3,000E+1
1025,285	0,100	0,100	6,590E+0	3,000E+1
1026,285	0,100	0,100	6,590E+0	3,000E+1
1027,285	0,100	0,100	6,590E+0	3,000E+1
1028,285	0,100	0,100	6,590E+0	3,000E+1
1029,286	0,100	0,100	6,590E+0	3,000E+1
1030,286	0,100	0,100	6,590E+0	3,000E+1
1031,286	0,100	0,100	6,590E+0	3,000E+1
1032,286	0,100	0,100	6,590E+0	3,000E+1
1033,286	0,100	0,100	6,590E+0	3,000E+1
1034,286	0,100	0,100	6,590E+0	3,000E+1
1035,286	0,100	0,100	6,590E+0	3,000E+1
1036,287	0,100	0,100	6,590E+0	3,000E+1
1037,286	0,100	0,100	6,590E+0	3,000E+1
1038,286	0,100	0,100	6,590E+0	3,000E+1
1039,286	0,100	0,100	6,590E+0	3,000E+1
1040,286	0,100	0,100	6,590E+0	3,000E+1
1041,288	0,100	0,100	6,590E+0	3,000E+1
1042,287	0,100	0,100	6,590E+0	3,000E+1
1043,287	0,100	0,100	6,590E+0	3,000E+1
1044,288	0,100	0,100	6,590E+0	3,000E+1
1045,288	0,100	0,100	6,590E+0	3,000E+1
1046,289	0,100	0,100	6,590E+0	3,000E+1
1047,289	0,100	0,100	6,590E+0	3,000E+1
1048,289	0,100	0,100	6,590E+0	3,000E+1
1049,289	0,100	0,100	6,590E+0	3,000E+1
1050,289	0,100	0,100	6,590E+0	3,000E+1
1051,290	0,100	0,100	6,590E+0	3,000E+1
1052,290	0,100	0,100	6,590E+0	3,000E+1
1053,290	0,100	0,100	6,590E+0	3,000E+1
1054,291	0,100	0,100	6,590E+0	3,000E+1
1055,293	0,100	0,100	6,590E+0	3,000E+1
1056,292	0,100	0,100	6,590E+0	3,000E+1
1057,292	0,100	0,100	6,590E+0	3,000E+1
1058,292	0,100	0,100	6,590E+0	3,000E+1
1059,292	0,100	0,100	6,580E+0	3,000E+1
1060,292	0,100	0,100	6,590E+0	3,000E+1
1061,293	0,100	0,100	6,590E+0	3,000E+1
1062,293	0,100	0,100	6,590E+0	3,000E+1
1063,293	0,100	0,100	6,590E+0	3,000E+1
1064,294	0,100	0,100	6,590E+0	3,000E+1
1065,294	0,100	0,100	6,590E+0	3,000E+1
1066,294	0,100	0,100	6,590E+0	3,000E+1
1067,294	0,100	0,100	6,590E+0	3,000E+1
1068,294	0,100	0,100	6,590E+0	3,000E+1
1069,295	0,100	0,100	6,590E+0	3,000E+1
1070,296	0,100	0,100	6,590E+0	3,000E+1
1071,296	0,100	0,100	6,590E+0	3,000E+1
1072,297	0,100	0,100	6,590E+0	3,000E+1
1073,297	0,100	0,100	6,590E+0	3,000E+1
1074,298	0,100	0,100	6,590E+0	3,000E+1
1075,299	0,100	0,100	6,590E+0	3,000E+1
1076,299	0,100	0,100	6,590E+0	3,000E+1
1077,300	0,100	0,100	6,590E+0	3,000E+1
1078,301	0,100	0,100	6,590E+0	3,000E+1
1079,301	0,100	0,100	6,590E+0	3,000E+1
1080,301	0,100	0,100	6,590E+0	3,000E+1
1081,302	0,100	0,100	6,590E+0	3,000E+1
1082,302	0,100	0,100	6,590E+0	3,000E+1
1083,302	0,100	0,100	6,590E+0	3,000E+1
1084,303	0,100	0,100	6,590E+0	3,000E+1
1085,303	0,100	0,100	6,590E+0	3,000E+1
1086,303	0,100	0,100	6,590E+0	3,000E+1
1087,303	0,100	0,100	6,590E+0	3,000E+1
1088,303	0,100	0,100	6,590E+0	3,000E+1
1089,304	0,100	0,100	6,580E+0	3,000E+1
1090,305	0,100	0,100	6,590E+0	3,000E+1
1091,305	0,100	0,100	6,590E+0	3,000E+1
1092,306	0,100	0,100	6,580E+0	3,000E+1
1093,307	0,100	0,100	6,590E+0	3,000E+1
1094,308	0,100	0,100	6,590E+0	3,000E+1
1095,308	0,100	0,100	6,590E+0	3,000E+1
1096,309	0,100	0,100	6,590E+0	3,000E+1
1097,308	0,100	0,100	6,590E+0	3,000E+1
1098,309	0,100	0,100	6,580E+0	3,000E+1
1099,308	0,100	0,100	6,590E+0	3,000E+1
1100,309	0,100	0,100	6,590E+0	3,000E+1
1101,308	0,100	0,100	6,580E+0	3,000E+1
1102,308	0,100	0,100	6,590E+0	3,000E+1
1103,308	0,100	0,100	6,590E+0	3,000E+1
1104,308	0,100	0,100	6,590E+0	3,000E+1
1105,310	0,100	0,100	6,590E+0	3,000E+1
1106,309	0,100	0,100	6,590E+0	3,000E+1
1107,310	0,100	0,100	6,590E+0	3,000E+1
1108,310	0,100	0,100	6,590E+0	3,000E+1
1109,310	0,100	0,100	6,590E+0	3,000E+1
1110,310	0,100	0,100	6,590E+0	3,000E+1
1111,310	0,100	0,100	6,590E+0	3,000E+1
1112,311	0,100	0,100	6,590E+0	3,000E+1
1113,311	0,100	0,100	6,590E+0	3,000E+1
1114,311	0,100	0,100	6,590E+0	3,000E+1
1115,311	0,100	0,100	6,590E+0	3,000E+1
1116,313	0,100	0,100	6,580E+0	3,000E+1
1117,312	0,100	0,100	6,590E+0	3,000E+1
1118,312	0,100	0,100	6,590E+0	3,000E+1
1119,313	0,100	0,100	6,590E+0	3,000E+1
1120,314	0,100	0,100	6,590E+0	3,000E+1
1121,315	0,100	0,100	6,580E+0	3,000E+1
1122,315	0,100	0,100	6,590E+0	3,000E+1
1123,316	0,100	0,100	6,590E+0	3,000E+1
1124,315	0,100	0,100	6,590E+0	3,000E+1
1125,316	0,100	0,100	6,590E+0	3,000E+1
1126,316	0,100	0,100	6,590E+0	3,000E+1
1127,318	0,100	0,100	6,590E+0	3,000E+1
1128,317	0,100	0,100	6,590E+0	3,000E+1
1129,317	0,100	0,100	6,590E+0	3,000E+1
1130,317	0,100	0,100	6,580E+0	3,000E+1
1131,318	0,100	0,100	6,590E+0	3,000E+1
1132,318	0,100	0,100	6,590E+0	3,000E+1
1133,319	0,100	0,100	6,590E+0	3,000E+1
1134,319	0,100	0,100	6,590E+0	3,000E+1
1135,319	0,100	0,100	6,590E+0	3,000E+1
1136,319	0,100	0,100	6,590E+0	3,000E+1
1137,319	0,100	0,100	6,580E+0	3,000E+1
1138,320	0,100	0,100	6,590E+0	3,000E+1
1139,322	0,100	0,100	6,580E+0	3,000E+1
1140,322	0,100	0,100	6,590E+0	3,000E+1
1141,321	0,100	0,100	6,590E+0	3,000E+1
1142,322	0,100	0,100	6,590E+0	3,000E+1
1143,322	0,100	0,100	6,590E+0	3,000E+1
1144,322	0,100	0,100	6,590E+0	3,000E+1
1145,322	0,100	0,100	6,580E+0	3,000E+1
1146,322	0,100	0,100	6,590E+0	3,000E+1
1147,322	0,100	0,100	6,590E+0	3,000E+1
1148,323	0,100	0,100	6,580E+0	3,000E+1
1149,323	0,100	0,100	6,590E+0	3,000E+1
1150,324	0,100	0,100	6,590E+0	3,000E+1
1151,324	0,100	0,100	6,580E+0	3,000E+1
1152,324	0,100	0,100	6,580E+0	3,000E+1
1153,324	0,100	0,100	6,580E+0	3,000E+1
1154,324	0,100	0,100	6,590E+0	3,000E+1
1155,325	0,100	0,100	6,580E+0	3,000E+1
1156,325	0,100	0,100	6,580E+0	3,000E+1
1157,326	0,100	0,100	6,580E+0	3,000E+1
1158,326	0,100	0,100	6,580E+0	3,000E+1
1159,327	0,100	0,100	6,580E+0	3,000E+1
1160,327	0,100	0,100	6,580E+0	3,000E+1
1161,327	0,100	0,100	6,580E+0	3,000E+1
1162,327	0,100	0,100	6,590E+0	3,000E+1
1163,327	0,100	0,100	6,590E+0	3,000E+1
1164,328	0,100	0,100	6,580E+0	3,000E+1
1165,328	0,100	0,100	6,580E+0	3,000E+1
1166,328	0,100	0,100	6,580E+0	3,000E+1
1167,328	0,100	0,100	6,590E+0	3,000E+1
1168,329	0,100	0,100	6,580E+0	3,000E+1
1169,329	0,100	0,100	6,580E+0	3,000E+1
1170,330	0,100	0,100	6,590E+0	3,000E+1
1171,329	0,100	0,100	6,580E+0	3,000E+1
1172,329	0,100	0,100	6,580E+0	3,000E+1
1173,329	0,100	0,100	6,590E+0	3,000E+1
1174,330	0,100	0,100	6,580E+0	3,000E+1
1175,329	0,100	0,100	6,580E+0	3,000E+1
1176,329	0,100	0,100	6,580E+0	3,000E+1
1177,330	0,100	0,100	6,590E+0	3,000E+1
1178,329	0,100	0,100	6,580E+0	3,000E+1
1179,329	0,100	0,100	6,580E+0	3,000E+1
1180,330	0,100	0,100	6,580E+0	3,000E+1
1181,330	0,100	0,100	6,580E+0	3,000E+1
1182,331	0,100	0,100	6,590E+0	3,000E+1
1183,331	0,100	0,100	6,590E+0	3,000E+1
1184,331	0,100	0,100	6,580E+0	3,000E+1
1185,331	0,100	0,100	6,590E+0	3,000E+1
1186,331	0,100	0,100	6,580E+0	3,000E+1
1187,332	0,100	0,100	6,580E+0	3,000E+1
1188,331	0,100	0,100	6,580E+0	3,000E+1
1189,331	0,100	0,100	6,590E+0	3,000E+1
1190,331	0,100	0,100	6,580E+0	3,000E+1
1191,331	0,100	0,100	6,580E+0	3,000E+1
1192,331	0,100	0,100	6,580E+0	3,000E+1
1193,331	0,100	0,100	6,590E+0	3,000E+1
1194,332	0,100	0,100	6,580E+0	3,000E+1
1195,333	0,100	0,100	6,580E+0	3,000E+1
1196,335	0,100	0,100	6,580E+0	3,000E+1
1197,336	0,100	0,100	6,580E+0	3,000E+1
1198,336	0,100	0,100	6,580E+0	3,000E+1
1199,336	0,100	0,100	6,580E+0	3,000E+1
1200,336	0,100	0,100	6,580E+0	3,000E+1
1201,336	0,100	0,100	6,580E+0	3,000E+1
1202,337	0,100	0,100	6,580E+0	3,000E+1
1203,338	0,100	0,100	6,580E+0	3,000E+1
1204,338	0,100	0,100	6,580E+0	3,000E+1
1205,338	0,100	0,100	6,580E+0	3,000E+1
1206,339	0,100	0,100	6,580E+0	3,000E+1
1207,339	0,100	0,100	6,580E+0	3,000E+1
1208,339	0,100	0,100	6,580E+0	3,000E+1
1209,339	0,100	0,100	6,580E+0	3,000E+1
1210,340	0,100	0,100	6,580E+0	3,000E+1
1211,340	0,100	0,100	6,580E+0	3,000E+1
1212,340	0,100	0,100	6,580E+0	3,000E+1
1213,342	0,100	0,100	6,580E+0	3,000E+1
1214,341	0,100	0,100	6,580E+0	3,000E+1
1215,343	0,100	0,100	6,580E+0	3,000E+1
1216,342	0,100	0,100	6,580E+0	3,000E+1
1217,342	0,100	0,100	6,580E+0	3,000E+1
1218,343	0,100	0,100	6,580E+0	3,000E+1
1219,343	0,100	0,100	6,580E+0	3,000E+1
1220,343	0,100	0,100	6,580E+0	3,000E+1
1221,344	0,100	0,100	6,580E+0	3,000E+1
1222,345	0,100	0,100	6,580E+0	3,000E+1
1223,346	0,100	0,100	6,580E+0	3,000E+1
1224,345	0,100	0,100	6,580E+0	3,000E+1
1225,345	0,100	0,100	6,580E+0	3,000E+1
1226,346	0,100	0,100	6,580E+0	3,000E+1
1227,346	0,100	0,100	6,580E+0	3,000E+1
1228,346	0,100	0,100	6,580E+0	3,000E+1
1229,346	0,100	0,100	6,580E+0	3,000E+1
1230,346	0,100	0,100	6,580E+0	3,000E+1
1231,346	0,100	0,100	6,580E+0	3,000E+1
1232,346	0,100	0,100	6,580E+0	3,000E+1
1233,346	0,100	0,100	6,580E+0	3,000E+1
1234,347	0,100	0,100	6,580E+0	3,000E+1
1235,347	0,100	0,100	6,580E+0	3,000E+1
1236,347	0,100	0,100	6,580E+0	3,000E+1
1237,348	0,100	0,100	6,580E+0	3,000E+1
1238,349	0,100	0,100	6,580E+0	3,000E+1
1239,349	0,100	0,100	6,580E+0	3,000E+1
1240,348	0,100	0,100	6,580E+0	3,000E+1
1241,350	0,100	0,100	6,580E+0	3,000E+1
1242,349	0,100	0,100	6,580E+0	3,000E+1
1243,350	0,100	0,100	6,580E+0	3,000E+1
1244,349	0,100	0,100	6,580E+0	3,000E+1
1245,350	0,100	0,100	6,580E+0	3,000E+1
1246,349	0,100	0,100	6,580E+0	3,000E+1
1247,351	0,100	0,100	6,580E+0	3,000E+1
1248,351	0,100	0,100	6,580E+0	3,000E+1
1249,350	0,100	0,100	6,580E+0	3,000E+1
1250,350	0,100	0,100	6,580E+0	3,000E+1
1251,351	0,100	0,100	6,580E+0	3,000E+1
1252,350	0,100	0,100	6,580E+0	3,000E+1
1253,350	0,100	0,100	6,580E+0	3,000E+1
1254,352	0,100	0,100	6,580E+0	3,000E+1
1255,352	0,100	0,100	6,580E+0	3,000E+1
1256,352	0,100	0,100	6,580E+0	3,000E+1
1257,351	0,100	0,100	6,580E+0	3,000E+1
1258,351	0,100	0,100	6,580E+0	3,000E+1
1259,353	0,100	0,100	6,580E+0	3,000E+1
1260,354	0,100	0,100	6,580E+0	3,000E+1
1261,353	0,100	0,100	6,580E+0	3,000E+1
1262,354	0,100	0,100	6,580E+0	3,000E+1
1263,354	0,100	0,100	6,580E+0	3,000E+1
1264,355	0,100	0,100	6,580E+0	3,000E+1
1265,355	0,100	0,100	6,580E+0	3,000E+1
1266,355	0,100	0,100	6,580E+0	3,000E+1
1267,356	0,100	0,100	6,580E+0	3,000E+1
1268,356	0,100	0,100	6,580E+0	3,000E+1
1269,357	0,100	0,100	6,580E+0	3,000E+1
1270,357	0,100	0,100	6,580E+0	3,000E+1
1271,358	0,100	0,100	6,580E+0	3,000E+1
1272,358	0,100	0,100	6,580E+0	3,000E+1
1273,359	0,100	0,100	6,580E+0	3,000E+1
1274,361	0,100	0,100	6,580E+0	3,000E+1
1275,361	0,100	0,100	6,580E+0	3,000E+1
1276,361	0,100	0,100	6,580E+0	3,000E+1
1277,361	0,100	0,100	6,580E+0	3,000E+1
1278,362	0,100	0,100	6,580E+0	3,000E+1
1279,362	0,100	0,100	6,580E+0	3,000E+1
1280,362	0,100	0,100	6,580E+0	3,000E+1
1281,362	0,100	0,100	6,580E+0	3,000E+1
1282,362	0,100	0,100	6,580E+0	3,000E+1
1283,363	0,100	0,100	6,580E+0	3,000E+1
1284,362	0,100	0,100	6,580E+0	3,000E+1
1285,362	0,100	0,100	6,580E+0	3,000E+1
1286,362	0,100	0,100	6,580E+0	3,000E+1
1287,362	0,100	0,100	6,580E+0	3,000E+1
1288,364	0,100	0,100	6,580E+0	3,000E+1
1289,363	0,100	0,100	6,580E+0	3,000E+1
1290,363	0,100	0,100	6,580E+0	3,000E+1
1291,363	0,100	0,100	6,580E+0	3,000E+1
1292,364	0,100	0,100	6,580E+0	3,000E+1
1293,365	0,100	0,100	6,580E+0	3,000E+1
1294,366	0,100	0,100	6,580E+0	3,000E+1
1295,365	0,100	0,100	6,580E+0	3,000E+1
1296,365	0,100	0,100	6,580E+0	3,000E+1
1297,365	0,100	0,100	6,580E+0	3,000E+1
1298,365	0,100	0,100	6,580E+0	3,000E+1
1299,365	0,100	0,100	6,580E+0	3,000E+1
1300,365	0,100	0,100	6,580E+0	3,000E+1
1301,366	0,100	0,100	6,580E+0	3,000E+1
1302,365	0,100	0,100	6,580E+0	3,000E+1
1303,366	0,100	0,100	6,580E+0	3,000E+1
1304,366	0,100	0,100	6,580E+0	3,000E+1
1305,366	0,100	0,100	6,580E+0	3,000E+1
1306,366	0,100	0,100	6,580E+0	3,000E+1
1307,366	0,100	0,100	6,580E+0	3,000E+1
1308,366	0,100	0,100	6,580E+0	3,000E+1
1309,366	0,100	0,100	6,580E+0	3,000E+1
1310,366	0,100	0,100	6,580E+0	3,000E+1
1311,366	0,100	0,100	6,580E+0	3,000E+1
1312,368	0,100	0,100	6,580E+0	3,000E+1
1313,367	0,100	0,100	6,580E+0	3,000E+1
1314,367	0,100	0,100	6,580E+0	3,000E+1
1315,369	0,100	0,100	6,580E+0	3,000E+1
1316,369	0,100	0,100	6,580E+0	3,000E+1
1317,370	0,100	0,100	6,580E+0	3,000E+1
1318,370	0,100	0,100	6,580E+0	3,000E+1
1319,372	0,100	0,100	6,580E+0	3,000E+1
1320,371	0,100	0,100	6,580E+0	3,000E+1
1321,371	0,100	0,100	6,580E+0	3,000E+1
1322,372	0,100	0,100	6,580E+0	3,000E+1
1323,373	0,100	0,100	6,580E+0	3,000E+1
1324,372	0,100	0,100	6,580E+0	3,000E+1
1325,372	0,100	0,100	6,580E+0	3,000E+1
1326,372	0,100	0,100	6,580E+0	3,000E+1
1327,372	0,100	0,100	6,580E+0	3,000E+1
1328,373	0,100	0,100	6,580E+0	3,000E+1
1329,373	0,100	0,100	6,580E+0	3,000E+1
1330,372	0,100	0,100	6,580E+0	3,000E+1
1331,373	0,100	0,100	6,580E+0	3,000E+1
1332,374	0,100	0,100	6,580E+0	3,000E+1
1333,374	0,100	0,100	6,580E+0	3,000E+1
1334,374	0,100	0,100	6,580E+0	3,000E+1
1335,374	0,100	0,100	6,580E+0	3,000E+1
1336,375	0,100	0,100	6,580E+0	3,000E+1
1337,375	0,100	0,100	6,580E+0	3,000E+1
1338,375	0,100	0,100	6,580E+0	3,000E+1
1339,375	0,100	0,100	6,580E+0	3,000E+1
1340,375	0,100	0,100	6,580E+0	3,000E+1
1341,375	0,100	0,100	6,580E+0	3,000E+1
1342,375	0,100	0,100	6,580E+0	3,000E+1
1343,375	0,100	0,100	6,580E+0	3,000E+1
1344,375	0,100	0,100	6,580E+0	3,000E+1
1345,375	0,100	0,100	6,580E+0	3,000E+1
1346,375	0,100	0,100	6,580E+0	3,000E+1
1347,375	0,100	0,100	6,580E+0	3,000E+1
1348,376	0,100	0,100	6,580E+0	3,000E+1
1349,376	0,100	0,100	6,580E+0	3,000E+1
1350,376	0,100	0,100	6,580E+0	3,000E+1
1351,376	0,100	0,100	6,580E+0	3,000E+1
1352,376	0,100	0,100	6,580E+0	3,000E+1
1353,376	0,100	0,100	6,580E+0	3,000E+1
1354,376	0,100	0,100	6,580E+0	3,000E+1
1355,376	0,100	0,100	6,580E+0	3,000E+1
1356,376	0,100	0,100	6,580E+0	3,000E+1
1357,376	0,100	0,100	6,580E+0	3,000E+1
1358,376	0,100	0,100	6,580E+0	3,000E+1
1359,376	0,100	0,100	6,580E+0	3,000E+1
1360,377	0,100	0,100	6,580E+0	3,000E+1
1361,377	0,100	0,100	6,580E+0	3,000E+1
1362,377	0,100	0,100	6,580E+0	3,000E+1
1363,377	0,100	0,100	6,580E+0	3,000E+1
1364,379	0,100	0,100	6,580E+0	3,000E+1
1365,378	0,100	0,100	6,580E+0	3,000E+1
1366,379	0,100	0,100	6,580E+0	3,000E+1
1367,380	0,100	0,100	6,580E+0	3,000E+1
1368,381	0,100	0,100	6,580E+0	3,000E+1
1369,381	0,100	0,100	6,580E+0	3,000E+1
1370,381	0,100	0,100	6,580E+0	3,000E+1
1371,381	0,100	0,100	6,580E+0	3,000E+1
1372,381	0,100	0,100	6,580E+0	3,000E+1
1373,382	0,100	0,100	6,580E+0	3,000E+1
1374,384	0,100	0,100	6,580E+0	3,000E+1
1375,384	0,100	0,100	6,580E+0	3,000E+1
1376,384	0,100	0,100	6,580E+0	3,000E+1
1377,384	0,100	0,100	6,580E+0	3,000E+1
1378,385	0,100	0,100	6,580E+0	3,000E+1
1379,385	0,100	0,100	6,580E+0	3,000E+1
1380,386	0,100	0,100	6,580E+0	3,000E+1
1381,385	0,100	0,100	6,580E+0	3,000E+1
1382,387	0,100	0,100	6,580E+0	3,000E+1
1383,387	0,100	0,100	6,580E+0	3,000E+1
1384,387	0,100	0,100	6,580E+0	3,000E+1
1385,387	0,100	0,100	6,570E+0	3,000E+1
1386,387	0,100	0,100	6,580E+0	3,000E+1
1387,387	0,100	0,100	6,580E+0	3,000E+1
1388,387	0,100	0,100	6,580E+0	3,000E+1
1389,387	0,100	0,100	6,580E+0	3,000E+1
1390,387	0,100	0,100	6,580E+0	3,000E+1
1391,387	0,100	0,100	6,580E+0	3,000E+1
1392,387	0,100	0,100	6,580E+0	3,000E+1
1393,387	0,100	0,100	6,580E+0	3,000E+1
1394,389	0,100	0,100	6,580E+0	3,000E+1
1395,388	0,100	0,100	6,580E+0	3,000E+1
1396,388	0,100	0,100	6,580E+0	3,000E+1
1397,390	0,100	0,100	6,580E+0	3,000E+1
1398,389	0,100	0,100	6,580E+0	3,000E+1
1399,389	0,100	0,100	6,580E+0	3,000E+1
1400,389	0,100	0,100	6,580E+0	3,000E+1
1401,389	0,100	0,100	6,580E+0	3,000E+1
1402,389	0,100	0,100	6,580E+0	3,000E+1
1403,390	0,100	0,100	6,580E+0	3,000E+1
1404,391	0,100	0,100	6,580E+0	3,000E+1
1405,392	0,100	0,100	6,570E+0	3,000E+1
1406,394	0,100	0,100	6,580E+0	3,000E+1
1407,393	0,100	0,100	6,580E+0	3,000E+1
1408,393	0,100	0,100	6,580E+0	3,000E+1
1409,393	0,100	0,100	6,570E+0	3,000E+1
1410,394	0,100	0,100	6,580E+0	3,000E+1
1411,395	0,100	0,100	6,580E+0	3,000E+1
1412,401	0,100	0,100	6,580E+0	3,000E+1
1413,402	0,100	0,100	6,580E+0	3,000E+1
1414,402	0,100	0,100	6,580E+0	3,000E+1
1415,402	0,100	0,100	6,580E+0	3,000E+1
1416,402	0,100	0,100	6,580E+0	3,000E+1
1417,403	0,100	0,100	6,580E+0	3,000E+1
1418,404	0,100	0,100	6,580E+0	3,000E+1
1419,404	0,100	0,100	6,580E+0	3,000E+1
1420,404	0,100	0,100	6,580E+0	3,000E+1
1421,404	0,100	0,100	6,580E+0	3,000E+1
1422,404	0,100	0,100	6,570E+0	3,000E+1
1423,404	0,100	0,100	6,570E+0	3,000E+1
1424,405	0,100	0,100	6,580E+0	3,000E+1
1425,406	0,100	0,100	6,580E+0	3,000E+1
1426,407	0,100	0,100	6,570E+0	3,000E+1
1427,406	0,100	0,100	6,570E+0	3,000E+1
1428,406	0,100	0,100	6,580E+0	3,000E+1
1429,406	0,100	0,100	6,580E+0	3,000E+1
1430,407	0,100	0,100	6,570E+0	3,000E+1
1431,406	0,100	0,100	6,570E+0	3,000E+1
1432,406	0,100	0,100	6,580E+0	3,000E+1
1433,406	0,100	0,100	6,580E+0	3,000E+1
1434,406	0,100	0,100	6,580E+0	3,000E+1
1435,406	0,100	0,100	6,580E+0	3,000E+1
1436,407	0,100	0,100	6,570E+0	3,000E+1
1437,409	0,100	0,100	6,580E+0	3,000E+1
1438,409	0,100	0,100	6,570E+0	3,000E+1
1439,410	0,100	0,100	6,580E+0	3,000E+1
1440,409	0,100	0,100	6,570E+0	3,000E+1
1441,411	0,100	0,100	6,570E+0	3,000E+1
1442,411	0,100	0,100	6,570E+0	3,000E+1
1443,410	0,100	0,100	6,570E+0	3,000E+1
1444,411	0,100	0,100	6,570E+0	3,000E+1
1445,411	0,100	0,100	6,570E+0	3,000E+1
1446,411	0,100	0,100	6,580E+0	3,000E+1
1447,412	0,100	0,100	6,570E+0	3,000E+1
1448,413	0,100	0,100	6,580E+0	3,000E+1
1449,414	0,000	0,100	3,000E-1	3,000E+1
1450,415	0,000	0,100	3,000E-1	3,000E+1
1451,416	0,000	0,100	3,000E-1	3,000E+1
