t	TP1 [ºC]	TP2 [ºC]	TP3 [ºC]	TP5 [ºC]	TP6 [ºC]	TP7 [ºC]	TP8 [ºC]	TP10 [ºC]	TP11 [ºC]	TP12 [ºC]	TP13 [ºC]	TP15 [ºC]
0,000	0,000	0,000	0,000E+0	0,000E+0	0,000E+0	0,000E+0	0,000E+0	0,000E+0	0,000E+0	0,000E+0	0,000E+0	0,000E+0
0,000	0,000	0,000	0,000E+0	0,000E+0	0,000E+0	0,000E+0	0,000E+0	0,000E+0	0,000E+0	0,000E+0	0,000E+0	0,000E+0
1,990	20,078	0,000	2,005E+1	2,009E+1	2,011E+1	2,001E+1	2,245E+1	2,216E+1	2,010E+1	2,026E+1	2,126E+1	1,994E+1
1,990	20,078	0,000	2,005E+1	2,009E+1	2,011E+1	2,001E+1	2,245E+1	2,216E+1	2,010E+1	2,026E+1	2,126E+1	1,994E+1
1,990	20,078	0,000	2,005E+1	2,009E+1	2,011E+1	2,001E+1	2,245E+1	2,216E+1	2,010E+1	2,026E+1	2,126E+1	1,994E+1
4,010	20,132	0,000	2,004E+1	2,010E+1	2,011E+1	2,000E+1	2,251E+1	2,219E+1	2,008E+1	2,025E+1	2,127E+1	1,995E+1
4,010	20,132	0,000	2,004E+1	2,010E+1	2,011E+1	2,000E+1	2,251E+1	2,219E+1	2,008E+1	2,025E+1	2,127E+1	1,995E+1
6,028	20,117	0,000	2,005E+1	2,010E+1	2,013E+1	2,001E+1	2,256E+1	2,225E+1	2,007E+1	2,025E+1	2,127E+1	1,995E+1
6,028	20,117	0,000	2,005E+1	2,010E+1	2,013E+1	2,001E+1	2,256E+1	2,225E+1	2,007E+1	2,025E+1	2,127E+1	1,995E+1
8,046	20,125	0,000	2,004E+1	2,011E+1	2,012E+1	2,001E+1	2,261E+1	2,228E+1	2,005E+1	2,026E+1	2,129E+1	1,994E+1
8,046	20,125	0,000	2,004E+1	2,011E+1	2,012E+1	2,001E+1	2,261E+1	2,228E+1	2,005E+1	2,026E+1	2,129E+1	1,994E+1
10,064	20,133	0,000	2,005E+1	2,011E+1	2,013E+1	2,000E+1	2,258E+1	2,229E+1	2,007E+1	2,027E+1	2,128E+1	1,993E+1
10,064	20,133	0,000	2,005E+1	2,011E+1	2,013E+1	2,000E+1	2,258E+1	2,229E+1	2,007E+1	2,027E+1	2,128E+1	1,993E+1
12,081	20,123	0,000	2,007E+1	2,013E+1	2,013E+1	1,999E+1	2,259E+1	2,229E+1	2,004E+1	2,027E+1	2,129E+1	1,992E+1
12,081	20,123	0,000	2,007E+1	2,013E+1	2,013E+1	1,999E+1	2,259E+1	2,229E+1	2,004E+1	2,027E+1	2,129E+1	1,992E+1
14,099	20,105	0,000	2,004E+1	2,013E+1	2,012E+1	1,999E+1	2,260E+1	2,233E+1	2,005E+1	2,028E+1	2,131E+1	1,992E+1
14,099	20,105	0,000	2,004E+1	2,013E+1	2,012E+1	1,999E+1	2,260E+1	2,233E+1	2,005E+1	2,028E+1	2,131E+1	1,992E+1
16,119	20,110	0,000	2,007E+1	2,015E+1	2,013E+1	2,001E+1	2,266E+1	2,237E+1	2,007E+1	2,032E+1	2,132E+1	1,995E+1
16,119	20,110	0,000	2,007E+1	2,015E+1	2,013E+1	2,001E+1	2,266E+1	2,237E+1	2,007E+1	2,032E+1	2,132E+1	1,995E+1
18,136	20,115	0,000	2,005E+1	2,016E+1	2,013E+1	1,999E+1	2,267E+1	2,240E+1	2,007E+1	2,033E+1	2,132E+1	1,994E+1
18,136	20,115	0,000	2,005E+1	2,016E+1	2,013E+1	1,999E+1	2,267E+1	2,240E+1	2,007E+1	2,033E+1	2,132E+1	1,994E+1
20,156	20,090	0,000	2,005E+1	2,015E+1	2,012E+1	2,000E+1	2,267E+1	2,241E+1	2,009E+1	2,033E+1	2,132E+1	1,996E+1
20,156	20,090	0,000	2,005E+1	2,015E+1	2,012E+1	2,000E+1	2,267E+1	2,241E+1	2,009E+1	2,033E+1	2,132E+1	1,996E+1
22,174	20,084	0,000	2,004E+1	2,015E+1	2,012E+1	2,002E+1	2,271E+1	2,244E+1	2,009E+1	2,034E+1	2,132E+1	1,996E+1
22,174	20,084	0,000	2,004E+1	2,015E+1	2,012E+1	2,002E+1	2,271E+1	2,244E+1	2,009E+1	2,034E+1	2,132E+1	1,996E+1
24,194	20,113	0,000	2,007E+1	2,016E+1	2,014E+1	2,003E+1	2,274E+1	2,247E+1	2,010E+1	2,033E+1	2,133E+1	1,997E+1
24,194	20,113	0,000	2,007E+1	2,016E+1	2,014E+1	2,003E+1	2,274E+1	2,247E+1	2,010E+1	2,033E+1	2,133E+1	1,997E+1
26,213	20,105	0,000	2,009E+1	2,014E+1	2,013E+1	2,002E+1	2,277E+1	2,251E+1	2,012E+1	2,033E+1	2,133E+1	1,996E+1
26,213	20,105	0,000	2,009E+1	2,014E+1	2,013E+1	2,002E+1	2,277E+1	2,251E+1	2,012E+1	2,033E+1	2,133E+1	1,996E+1
28,231	20,113	0,000	2,008E+1	2,013E+1	2,012E+1	2,003E+1	2,282E+1	2,252E+1	2,011E+1	2,033E+1	2,134E+1	1,995E+1
28,231	20,113	0,000	2,008E+1	2,013E+1	2,012E+1	2,003E+1	2,282E+1	2,252E+1	2,011E+1	2,033E+1	2,134E+1	1,995E+1
30,247	20,133	0,000	2,010E+1	2,015E+1	2,013E+1	2,003E+1	2,287E+1	2,257E+1	2,012E+1	2,033E+1	2,136E+1	1,995E+1
30,247	20,133	0,000	2,010E+1	2,015E+1	2,013E+1	2,003E+1	2,287E+1	2,257E+1	2,012E+1	2,033E+1	2,136E+1	1,995E+1
32,266	20,138	0,000	2,010E+1	2,012E+1	2,012E+1	2,005E+1	2,287E+1	2,260E+1	2,013E+1	2,034E+1	2,138E+1	1,997E+1
32,266	20,138	0,000	2,010E+1	2,012E+1	2,012E+1	2,005E+1	2,287E+1	2,260E+1	2,013E+1	2,034E+1	2,138E+1	1,997E+1
34,284	20,162	0,000	2,013E+1	2,013E+1	2,016E+1	2,004E+1	2,284E+1	2,262E+1	2,012E+1	2,034E+1	2,139E+1	1,998E+1
34,284	20,162	0,000	2,013E+1	2,013E+1	2,016E+1	2,004E+1	2,284E+1	2,262E+1	2,012E+1	2,034E+1	2,139E+1	1,998E+1
36,300	20,221	0,000	2,019E+1	2,017E+1	2,017E+1	2,003E+1	2,289E+1	2,270E+1	2,013E+1	2,035E+1	2,142E+1	2,000E+1
36,300	20,221	0,000	2,019E+1	2,017E+1	2,017E+1	2,003E+1	2,289E+1	2,270E+1	2,013E+1	2,035E+1	2,142E+1	2,000E+1
38,318	20,233	0,000	2,019E+1	2,015E+1	2,018E+1	2,004E+1	2,290E+1	2,275E+1	2,013E+1	2,039E+1	2,146E+1	2,002E+1
38,318	20,233	0,000	2,019E+1	2,015E+1	2,018E+1	2,004E+1	2,290E+1	2,275E+1	2,013E+1	2,039E+1	2,146E+1	2,002E+1
40,337	20,239	0,000	2,022E+1	2,018E+1	2,019E+1	2,004E+1	2,293E+1	2,277E+1	2,013E+1	2,041E+1	2,148E+1	2,006E+1
40,337	20,239	0,000	2,022E+1	2,018E+1	2,019E+1	2,004E+1	2,293E+1	2,277E+1	2,013E+1	2,041E+1	2,148E+1	2,006E+1
42,355	20,280	0,000	2,023E+1	2,019E+1	2,020E+1	2,005E+1	2,295E+1	2,279E+1	2,012E+1	2,042E+1	2,151E+1	2,009E+1
42,355	20,280	0,000	2,023E+1	2,019E+1	2,020E+1	2,005E+1	2,295E+1	2,279E+1	2,012E+1	2,042E+1	2,151E+1	2,009E+1
44,373	20,283	0,000	2,025E+1	2,022E+1	2,020E+1	2,003E+1	2,299E+1	2,282E+1	2,014E+1	2,045E+1	2,151E+1	2,010E+1
44,373	20,283	0,000	2,025E+1	2,022E+1	2,020E+1	2,003E+1	2,299E+1	2,282E+1	2,014E+1	2,045E+1	2,151E+1	2,010E+1
46,392	20,267	0,000	2,026E+1	2,022E+1	2,023E+1	2,004E+1	2,304E+1	2,286E+1	2,014E+1	2,047E+1	2,152E+1	2,014E+1
46,392	20,267	0,000	2,026E+1	2,022E+1	2,023E+1	2,004E+1	2,304E+1	2,286E+1	2,014E+1	2,047E+1	2,152E+1	2,014E+1
48,410	20,321	0,000	2,031E+1	2,028E+1	2,022E+1	2,005E+1	2,304E+1	2,288E+1	2,014E+1	2,048E+1	2,152E+1	2,018E+1
48,410	20,321	0,000	2,031E+1	2,028E+1	2,022E+1	2,005E+1	2,304E+1	2,288E+1	2,014E+1	2,048E+1	2,152E+1	2,018E+1
50,428	20,288	0,000	2,034E+1	2,028E+1	2,025E+1	2,003E+1	2,305E+1	2,290E+1	2,018E+1	2,052E+1	2,156E+1	2,025E+1
50,428	20,288	0,000	2,034E+1	2,028E+1	2,025E+1	2,003E+1	2,305E+1	2,290E+1	2,018E+1	2,052E+1	2,156E+1	2,025E+1
52,446	20,297	0,000	2,037E+1	2,028E+1	2,025E+1	2,007E+1	2,309E+1	2,293E+1	2,020E+1	2,056E+1	2,160E+1	2,033E+1
52,446	20,297	0,000	2,037E+1	2,028E+1	2,025E+1	2,007E+1	2,309E+1	2,293E+1	2,020E+1	2,056E+1	2,160E+1	2,033E+1
54,465	20,310	0,000	2,040E+1	2,030E+1	2,026E+1	2,008E+1	2,311E+1	2,297E+1	2,023E+1	2,058E+1	2,162E+1	2,036E+1
54,465	20,310	0,000	2,040E+1	2,030E+1	2,026E+1	2,008E+1	2,311E+1	2,297E+1	2,023E+1	2,058E+1	2,162E+1	2,036E+1
56,483	20,315	0,000	2,045E+1	2,032E+1	2,027E+1	2,011E+1	2,316E+1	2,303E+1	2,029E+1	2,061E+1	2,162E+1	2,042E+1
56,483	20,315	0,000	2,045E+1	2,032E+1	2,027E+1	2,011E+1	2,316E+1	2,303E+1	2,029E+1	2,061E+1	2,162E+1	2,042E+1
58,501	20,310	0,000	2,045E+1	2,031E+1	2,027E+1	2,013E+1	2,322E+1	2,307E+1	2,031E+1	2,063E+1	2,164E+1	2,044E+1
58,501	20,310	0,000	2,045E+1	2,031E+1	2,027E+1	2,013E+1	2,322E+1	2,307E+1	2,031E+1	2,063E+1	2,164E+1	2,044E+1
60,520	20,330	0,000	2,049E+1	2,032E+1	2,028E+1	2,014E+1	2,328E+1	2,313E+1	2,036E+1	2,065E+1	2,167E+1	2,050E+1
60,520	20,330	0,000	2,049E+1	2,032E+1	2,028E+1	2,014E+1	2,328E+1	2,313E+1	2,036E+1	2,065E+1	2,167E+1	2,050E+1
62,540	20,363	0,000	2,054E+1	2,034E+1	2,029E+1	2,015E+1	2,333E+1	2,318E+1	2,039E+1	2,068E+1	2,170E+1	2,052E+1
62,540	20,363	0,000	2,054E+1	2,034E+1	2,029E+1	2,015E+1	2,333E+1	2,318E+1	2,039E+1	2,068E+1	2,170E+1	2,052E+1
64,558	20,371	0,000	2,057E+1	2,034E+1	2,029E+1	2,018E+1	2,335E+1	2,319E+1	2,041E+1	2,070E+1	2,172E+1	2,059E+1
64,558	20,371	0,000	2,057E+1	2,034E+1	2,029E+1	2,018E+1	2,335E+1	2,319E+1	2,041E+1	2,070E+1	2,172E+1	2,059E+1
66,574	20,376	0,000	2,061E+1	2,035E+1	2,031E+1	2,017E+1	2,337E+1	2,322E+1	2,044E+1	2,074E+1	2,174E+1	2,066E+1
66,574	20,376	0,000	2,061E+1	2,035E+1	2,031E+1	2,017E+1	2,337E+1	2,322E+1	2,044E+1	2,074E+1	2,174E+1	2,066E+1
68,593	20,381	0,000	2,061E+1	2,036E+1	2,033E+1	2,019E+1	2,339E+1	2,325E+1	2,047E+1	2,073E+1	2,178E+1	2,069E+1
68,593	20,381	0,000	2,061E+1	2,036E+1	2,033E+1	2,019E+1	2,339E+1	2,325E+1	2,047E+1	2,073E+1	2,178E+1	2,069E+1
70,613	20,406	0,000	2,064E+1	2,036E+1	2,036E+1	2,019E+1	2,342E+1	2,329E+1	2,050E+1	2,073E+1	2,182E+1	2,075E+1
70,613	20,406	0,000	2,064E+1	2,036E+1	2,036E+1	2,019E+1	2,342E+1	2,329E+1	2,050E+1	2,073E+1	2,182E+1	2,075E+1
72,629	20,403	0,000	2,067E+1	2,037E+1	2,038E+1	2,020E+1	2,343E+1	2,333E+1	2,053E+1	2,072E+1	2,184E+1	2,080E+1
72,629	20,403	0,000	2,067E+1	2,037E+1	2,038E+1	2,020E+1	2,343E+1	2,333E+1	2,053E+1	2,072E+1	2,184E+1	2,080E+1
74,649	20,452	0,000	2,070E+1	2,037E+1	2,044E+1	2,021E+1	2,348E+1	2,339E+1	2,057E+1	2,073E+1	2,188E+1	2,085E+1
74,649	20,452	0,000	2,070E+1	2,037E+1	2,044E+1	2,021E+1	2,348E+1	2,339E+1	2,057E+1	2,073E+1	2,188E+1	2,085E+1
76,668	20,464	0,000	2,073E+1	2,039E+1	2,044E+1	2,024E+1	2,351E+1	2,344E+1	2,060E+1	2,074E+1	2,190E+1	2,092E+1
76,668	20,464	0,000	2,073E+1	2,039E+1	2,044E+1	2,024E+1	2,351E+1	2,344E+1	2,060E+1	2,074E+1	2,190E+1	2,092E+1
78,684	20,513	0,000	2,078E+1	2,039E+1	2,046E+1	2,025E+1	2,355E+1	2,347E+1	2,063E+1	2,076E+1	2,194E+1	2,098E+1
78,684	20,513	0,000	2,078E+1	2,039E+1	2,046E+1	2,025E+1	2,355E+1	2,347E+1	2,063E+1	2,076E+1	2,194E+1	2,098E+1
80,702	20,539	0,000	2,083E+1	2,042E+1	2,046E+1	2,030E+1	2,357E+1	2,353E+1	2,066E+1	2,081E+1	2,198E+1	2,104E+1
80,702	20,539	0,000	2,083E+1	2,042E+1	2,046E+1	2,030E+1	2,357E+1	2,353E+1	2,066E+1	2,081E+1	2,198E+1	2,104E+1
82,721	20,531	0,000	2,082E+1	2,045E+1	2,050E+1	2,031E+1	2,359E+1	2,353E+1	2,070E+1	2,079E+1	2,201E+1	2,108E+1
82,721	20,531	0,000	2,082E+1	2,045E+1	2,050E+1	2,031E+1	2,359E+1	2,353E+1	2,070E+1	2,079E+1	2,201E+1	2,108E+1
84,737	20,554	0,000	2,086E+1	2,046E+1	2,050E+1	2,035E+1	2,365E+1	2,358E+1	2,072E+1	2,082E+1	2,201E+1	2,110E+1
84,737	20,554	0,000	2,086E+1	2,046E+1	2,050E+1	2,035E+1	2,365E+1	2,358E+1	2,072E+1	2,082E+1	2,201E+1	2,110E+1
86,759	20,529	0,000	2,089E+1	2,047E+1	2,050E+1	2,037E+1	2,372E+1	2,364E+1	2,076E+1	2,087E+1	2,202E+1	2,114E+1
86,759	20,529	0,000	2,089E+1	2,047E+1	2,050E+1	2,037E+1	2,372E+1	2,364E+1	2,076E+1	2,087E+1	2,202E+1	2,114E+1
88,778	20,549	0,000	2,091E+1	2,048E+1	2,050E+1	2,039E+1	2,377E+1	2,367E+1	2,076E+1	2,094E+1	2,201E+1	2,121E+1
88,778	20,549	0,000	2,091E+1	2,048E+1	2,050E+1	2,039E+1	2,377E+1	2,367E+1	2,076E+1	2,094E+1	2,201E+1	2,121E+1
90,794	20,600	0,000	2,097E+1	2,052E+1	2,053E+1	2,043E+1	2,380E+1	2,368E+1	2,079E+1	2,098E+1	2,203E+1	2,136E+1
90,794	20,600	0,000	2,097E+1	2,052E+1	2,053E+1	2,043E+1	2,380E+1	2,368E+1	2,079E+1	2,098E+1	2,203E+1	2,136E+1
92,813	20,656	0,000	2,099E+1	2,056E+1	2,056E+1	2,041E+1	2,381E+1	2,372E+1	2,081E+1	2,100E+1	2,205E+1	2,136E+1
92,813	20,656	0,000	2,099E+1	2,056E+1	2,056E+1	2,041E+1	2,381E+1	2,372E+1	2,081E+1	2,100E+1	2,205E+1	2,136E+1
94,831	20,603	0,000	2,104E+1	2,056E+1	2,059E+1	2,045E+1	2,380E+1	2,374E+1	2,085E+1	2,103E+1	2,207E+1	2,146E+1
94,831	20,603	0,000	2,104E+1	2,056E+1	2,059E+1	2,045E+1	2,380E+1	2,374E+1	2,085E+1	2,103E+1	2,207E+1	2,146E+1
96,850	20,654	0,000	2,101E+1	2,059E+1	2,061E+1	2,048E+1	2,385E+1	2,377E+1	2,089E+1	2,108E+1	2,210E+1	2,159E+1
96,850	20,654	0,000	2,101E+1	2,059E+1	2,061E+1	2,048E+1	2,385E+1	2,377E+1	2,089E+1	2,108E+1	2,210E+1	2,159E+1
98,870	20,672	0,000	2,103E+1	2,059E+1	2,061E+1	2,055E+1	2,388E+1	2,382E+1	2,094E+1	2,111E+1	2,211E+1	2,164E+1
98,870	20,672	0,000	2,103E+1	2,059E+1	2,061E+1	2,055E+1	2,388E+1	2,382E+1	2,094E+1	2,111E+1	2,211E+1	2,164E+1
100,886	20,702	0,000	2,109E+1	2,060E+1	2,060E+1	2,058E+1	2,394E+1	2,385E+1	2,098E+1	2,116E+1	2,213E+1	2,168E+1
100,886	20,702	0,000	2,109E+1	2,060E+1	2,060E+1	2,058E+1	2,394E+1	2,385E+1	2,098E+1	2,116E+1	2,213E+1	2,168E+1
102,907	20,736	0,000	2,113E+1	2,064E+1	2,064E+1	2,060E+1	2,397E+1	2,389E+1	2,105E+1	2,114E+1	2,217E+1	2,179E+1
102,907	20,736	0,000	2,113E+1	2,064E+1	2,064E+1	2,060E+1	2,397E+1	2,389E+1	2,105E+1	2,114E+1	2,217E+1	2,179E+1
104,925	20,797	0,000	2,119E+1	2,066E+1	2,070E+1	2,063E+1	2,399E+1	2,389E+1	2,109E+1	2,112E+1	2,220E+1	2,179E+1
104,925	20,797	0,000	2,119E+1	2,066E+1	2,070E+1	2,063E+1	2,399E+1	2,389E+1	2,109E+1	2,112E+1	2,220E+1	2,179E+1
106,945	20,812	0,000	2,118E+1	2,064E+1	2,075E+1	2,068E+1	2,403E+1	2,396E+1	2,113E+1	2,116E+1	2,223E+1	2,187E+1
106,945	20,812	0,000	2,118E+1	2,064E+1	2,075E+1	2,068E+1	2,403E+1	2,396E+1	2,113E+1	2,116E+1	2,223E+1	2,187E+1
108,964	20,873	0,000	2,123E+1	2,064E+1	2,075E+1	2,077E+1	2,408E+1	2,403E+1	2,118E+1	2,118E+1	2,227E+1	2,199E+1
108,964	20,873	0,000	2,123E+1	2,064E+1	2,075E+1	2,077E+1	2,408E+1	2,403E+1	2,118E+1	2,118E+1	2,227E+1	2,199E+1
110,982	20,863	0,000	2,124E+1	2,068E+1	2,074E+1	2,077E+1	2,413E+1	2,406E+1	2,119E+1	2,122E+1	2,229E+1	2,203E+1
110,982	20,863	0,000	2,124E+1	2,068E+1	2,074E+1	2,077E+1	2,413E+1	2,406E+1	2,119E+1	2,122E+1	2,229E+1	2,203E+1
113,001	20,852	0,000	2,125E+1	2,069E+1	2,074E+1	2,080E+1	2,415E+1	2,407E+1	2,122E+1	2,125E+1	2,230E+1	2,212E+1
113,001	20,852	0,000	2,125E+1	2,069E+1	2,074E+1	2,080E+1	2,415E+1	2,407E+1	2,122E+1	2,125E+1	2,230E+1	2,212E+1
115,019	20,814	0,000	2,127E+1	2,069E+1	2,072E+1	2,087E+1	2,414E+1	2,407E+1	2,127E+1	2,127E+1	2,230E+1	2,225E+1
115,019	20,814	0,000	2,127E+1	2,069E+1	2,072E+1	2,087E+1	2,414E+1	2,407E+1	2,127E+1	2,127E+1	2,230E+1	2,225E+1
117,038	20,809	0,000	2,131E+1	2,072E+1	2,077E+1	2,087E+1	2,416E+1	2,407E+1	2,131E+1	2,126E+1	2,231E+1	2,224E+1
117,038	20,809	0,000	2,131E+1	2,072E+1	2,077E+1	2,087E+1	2,416E+1	2,407E+1	2,131E+1	2,126E+1	2,231E+1	2,224E+1
117,038	20,809	0,000	2,131E+1	2,072E+1	2,077E+1	2,087E+1	2,416E+1	2,407E+1	2,131E+1	2,126E+1	2,231E+1	2,224E+1
119,054	20,798	0,000	2,131E+1	2,073E+1	2,075E+1	2,086E+1	2,418E+1	2,411E+1	2,133E+1	2,126E+1	2,231E+1	2,228E+1
119,054	20,798	0,000	2,131E+1	2,073E+1	2,075E+1	2,086E+1	2,418E+1	2,411E+1	2,133E+1	2,126E+1	2,231E+1	2,228E+1
121,072	20,806	0,000	2,135E+1	2,076E+1	2,077E+1	2,089E+1	2,422E+1	2,413E+1	2,138E+1	2,127E+1	2,235E+1	2,233E+1
121,072	20,806	0,000	2,135E+1	2,076E+1	2,077E+1	2,089E+1	2,422E+1	2,413E+1	2,138E+1	2,127E+1	2,235E+1	2,233E+1
123,091	20,842	0,000	2,141E+1	2,080E+1	2,080E+1	2,092E+1	2,425E+1	2,417E+1	2,142E+1	2,129E+1	2,236E+1	2,236E+1
123,091	20,842	0,000	2,141E+1	2,080E+1	2,080E+1	2,092E+1	2,425E+1	2,417E+1	2,142E+1	2,129E+1	2,236E+1	2,236E+1
125,107	20,873	0,000	2,153E+1	2,081E+1	2,077E+1	2,092E+1	2,430E+1	2,420E+1	2,148E+1	2,130E+1	2,241E+1	2,244E+1
125,107	20,873	0,000	2,153E+1	2,081E+1	2,077E+1	2,092E+1	2,430E+1	2,420E+1	2,148E+1	2,130E+1	2,241E+1	2,244E+1
127,126	20,878	0,000	2,156E+1	2,085E+1	2,077E+1	2,099E+1	2,433E+1	2,423E+1	2,151E+1	2,132E+1	2,242E+1	2,248E+1
127,126	20,878	0,000	2,156E+1	2,085E+1	2,077E+1	2,099E+1	2,433E+1	2,423E+1	2,151E+1	2,132E+1	2,242E+1	2,248E+1
129,142	20,921	0,000	2,160E+1	2,086E+1	2,079E+1	2,105E+1	2,436E+1	2,427E+1	2,156E+1	2,129E+1	2,245E+1	2,254E+1
129,142	20,921	0,000	2,160E+1	2,086E+1	2,079E+1	2,105E+1	2,436E+1	2,427E+1	2,156E+1	2,129E+1	2,245E+1	2,254E+1
131,161	20,962	0,000	2,166E+1	2,086E+1	2,079E+1	2,106E+1	2,439E+1	2,433E+1	2,163E+1	2,137E+1	2,251E+1	2,262E+1
131,161	20,962	0,000	2,166E+1	2,086E+1	2,079E+1	2,106E+1	2,439E+1	2,433E+1	2,163E+1	2,137E+1	2,251E+1	2,262E+1
133,179	21,036	0,000	2,167E+1	2,085E+1	2,081E+1	2,109E+1	2,441E+1	2,438E+1	2,165E+1	2,145E+1	2,256E+1	2,273E+1
133,179	21,036	0,000	2,167E+1	2,085E+1	2,081E+1	2,109E+1	2,441E+1	2,438E+1	2,165E+1	2,145E+1	2,256E+1	2,273E+1
135,198	21,128	0,000	2,173E+1	2,089E+1	2,091E+1	2,113E+1	2,447E+1	2,443E+1	2,166E+1	2,150E+1	2,259E+1	2,280E+1
135,198	21,128	0,000	2,173E+1	2,089E+1	2,091E+1	2,113E+1	2,447E+1	2,443E+1	2,166E+1	2,150E+1	2,259E+1	2,280E+1
137,216	21,110	0,000	2,174E+1	2,091E+1	2,099E+1	2,113E+1	2,451E+1	2,448E+1	2,170E+1	2,153E+1	2,262E+1	2,292E+1
137,216	21,110	0,000	2,174E+1	2,091E+1	2,099E+1	2,113E+1	2,451E+1	2,448E+1	2,170E+1	2,153E+1	2,262E+1	2,292E+1
139,232	21,151	0,000	2,173E+1	2,094E+1	2,097E+1	2,118E+1	2,455E+1	2,454E+1	2,176E+1	2,157E+1	2,264E+1	2,304E+1
139,232	21,151	0,000	2,173E+1	2,094E+1	2,097E+1	2,118E+1	2,455E+1	2,454E+1	2,176E+1	2,157E+1	2,264E+1	2,304E+1
141,253	21,118	0,000	2,179E+1	2,095E+1	2,100E+1	2,123E+1	2,462E+1	2,456E+1	2,185E+1	2,158E+1	2,263E+1	2,311E+1
141,253	21,118	0,000	2,179E+1	2,095E+1	2,100E+1	2,123E+1	2,462E+1	2,456E+1	2,185E+1	2,158E+1	2,263E+1	2,311E+1
143,269	21,156	0,000	2,183E+1	2,099E+1	2,099E+1	2,127E+1	2,467E+1	2,455E+1	2,190E+1	2,162E+1	2,270E+1	2,318E+1
143,269	21,156	0,000	2,183E+1	2,099E+1	2,099E+1	2,127E+1	2,467E+1	2,455E+1	2,190E+1	2,162E+1	2,270E+1	2,318E+1
145,290	21,136	0,000	2,189E+1	2,098E+1	2,103E+1	2,134E+1	2,468E+1	2,463E+1	2,198E+1	2,165E+1	2,273E+1	2,325E+1
145,290	21,136	0,000	2,189E+1	2,098E+1	2,103E+1	2,134E+1	2,468E+1	2,463E+1	2,198E+1	2,165E+1	2,273E+1	2,325E+1
147,308	21,218	0,000	2,193E+1	2,098E+1	2,105E+1	2,137E+1	2,470E+1	2,461E+1	2,205E+1	2,163E+1	2,275E+1	2,329E+1
147,308	21,218	0,000	2,193E+1	2,098E+1	2,105E+1	2,137E+1	2,470E+1	2,461E+1	2,205E+1	2,163E+1	2,275E+1	2,329E+1
149,325	21,151	0,000	2,196E+1	2,101E+1	2,114E+1	2,139E+1	2,472E+1	2,468E+1	2,208E+1	2,166E+1	2,282E+1	2,323E+1
149,325	21,151	0,000	2,196E+1	2,101E+1	2,114E+1	2,139E+1	2,472E+1	2,468E+1	2,208E+1	2,166E+1	2,282E+1	2,323E+1
151,343	21,195	0,000	2,197E+1	2,098E+1	2,114E+1	2,141E+1	2,477E+1	2,471E+1	2,209E+1	2,165E+1	2,283E+1	2,333E+1
151,343	21,195	0,000	2,197E+1	2,098E+1	2,114E+1	2,141E+1	2,477E+1	2,471E+1	2,209E+1	2,165E+1	2,283E+1	2,333E+1
153,360	21,197	0,000	2,203E+1	2,098E+1	2,113E+1	2,150E+1	2,474E+1	2,472E+1	2,214E+1	2,164E+1	2,282E+1	2,345E+1
153,360	21,197	0,000	2,203E+1	2,098E+1	2,113E+1	2,150E+1	2,474E+1	2,472E+1	2,214E+1	2,164E+1	2,282E+1	2,345E+1
155,378	21,203	0,000	2,212E+1	2,103E+1	2,117E+1	2,157E+1	2,474E+1	2,467E+1	2,218E+1	2,163E+1	2,284E+1	2,353E+1
155,378	21,203	0,000	2,212E+1	2,103E+1	2,117E+1	2,157E+1	2,474E+1	2,467E+1	2,218E+1	2,163E+1	2,284E+1	2,353E+1
157,396	21,220	0,000	2,219E+1	2,112E+1	2,126E+1	2,161E+1	2,468E+1	2,467E+1	2,221E+1	2,161E+1	2,282E+1	2,367E+1
157,396	21,220	0,000	2,219E+1	2,112E+1	2,126E+1	2,161E+1	2,468E+1	2,467E+1	2,221E+1	2,161E+1	2,282E+1	2,367E+1
159,415	21,238	0,000	2,218E+1	2,119E+1	2,128E+1	2,167E+1	2,468E+1	2,472E+1	2,223E+1	2,159E+1	2,282E+1	2,366E+1
159,415	21,238	0,000	2,218E+1	2,119E+1	2,128E+1	2,167E+1	2,468E+1	2,472E+1	2,223E+1	2,159E+1	2,282E+1	2,366E+1
161,435	21,175	0,000	2,210E+1	2,119E+1	2,137E+1	2,171E+1	2,472E+1	2,473E+1	2,227E+1	2,164E+1	2,283E+1	2,369E+1
161,435	21,175	0,000	2,210E+1	2,119E+1	2,137E+1	2,171E+1	2,472E+1	2,473E+1	2,227E+1	2,164E+1	2,283E+1	2,369E+1
163,454	21,175	0,000	2,222E+1	2,121E+1	2,141E+1	2,174E+1	2,477E+1	2,481E+1	2,234E+1	2,173E+1	2,284E+1	2,374E+1
163,454	21,175	0,000	2,222E+1	2,121E+1	2,141E+1	2,174E+1	2,477E+1	2,481E+1	2,234E+1	2,173E+1	2,284E+1	2,374E+1
165,474	21,246	0,000	2,227E+1	2,123E+1	2,141E+1	2,184E+1	2,482E+1	2,482E+1	2,238E+1	2,170E+1	2,286E+1	2,389E+1
165,474	21,246	0,000	2,227E+1	2,123E+1	2,141E+1	2,184E+1	2,482E+1	2,482E+1	2,238E+1	2,170E+1	2,286E+1	2,389E+1
167,491	21,302	0,000	2,232E+1	2,123E+1	2,143E+1	2,191E+1	2,484E+1	2,481E+1	2,241E+1	2,173E+1	2,289E+1	2,398E+1
167,491	21,302	0,000	2,232E+1	2,123E+1	2,143E+1	2,191E+1	2,484E+1	2,481E+1	2,241E+1	2,173E+1	2,289E+1	2,398E+1
169,511	21,394	0,000	2,235E+1	2,125E+1	2,145E+1	2,193E+1	2,489E+1	2,489E+1	2,243E+1	2,180E+1	2,292E+1	2,408E+1
169,511	21,394	0,000	2,235E+1	2,125E+1	2,145E+1	2,193E+1	2,489E+1	2,489E+1	2,243E+1	2,180E+1	2,292E+1	2,408E+1
171,530	21,460	0,000	2,235E+1	2,132E+1	2,150E+1	2,195E+1	2,496E+1	2,497E+1	2,247E+1	2,180E+1	2,301E+1	2,415E+1
171,530	21,460	0,000	2,235E+1	2,132E+1	2,150E+1	2,195E+1	2,496E+1	2,497E+1	2,247E+1	2,180E+1	2,301E+1	2,415E+1
173,548	21,387	0,000	2,240E+1	2,137E+1	2,167E+1	2,198E+1	2,495E+1	2,498E+1	2,251E+1	2,180E+1	2,300E+1	2,411E+1
173,548	21,387	0,000	2,240E+1	2,137E+1	2,167E+1	2,198E+1	2,495E+1	2,498E+1	2,251E+1	2,180E+1	2,300E+1	2,411E+1
175,569	21,326	0,000	2,242E+1	2,140E+1	2,168E+1	2,204E+1	2,495E+1	2,500E+1	2,258E+1	2,178E+1	2,302E+1	2,423E+1
175,569	21,326	0,000	2,242E+1	2,140E+1	2,168E+1	2,204E+1	2,495E+1	2,500E+1	2,258E+1	2,178E+1	2,302E+1	2,423E+1
177,587	21,402	0,000	2,246E+1	2,142E+1	2,177E+1	2,211E+1	2,491E+1	2,495E+1	2,264E+1	2,174E+1	2,301E+1	2,424E+1
177,587	21,402	0,000	2,246E+1	2,142E+1	2,177E+1	2,211E+1	2,491E+1	2,495E+1	2,264E+1	2,174E+1	2,301E+1	2,424E+1
179,606	21,394	0,000	2,252E+1	2,139E+1	2,176E+1	2,217E+1	2,494E+1	2,497E+1	2,272E+1	2,175E+1	2,305E+1	2,435E+1
179,606	21,394	0,000	2,252E+1	2,139E+1	2,176E+1	2,217E+1	2,494E+1	2,497E+1	2,272E+1	2,175E+1	2,305E+1	2,435E+1
181,624	21,402	0,000	2,255E+1	2,144E+1	2,176E+1	2,216E+1	2,501E+1	2,503E+1	2,275E+1	2,175E+1	2,306E+1	2,441E+1
181,624	21,402	0,000	2,255E+1	2,144E+1	2,176E+1	2,216E+1	2,501E+1	2,503E+1	2,275E+1	2,175E+1	2,306E+1	2,441E+1
183,643	21,402	0,000	2,253E+1	2,145E+1	2,181E+1	2,220E+1	2,511E+1	2,509E+1	2,275E+1	2,174E+1	2,310E+1	2,437E+1
183,643	21,402	0,000	2,253E+1	2,145E+1	2,181E+1	2,220E+1	2,511E+1	2,509E+1	2,275E+1	2,174E+1	2,310E+1	2,437E+1
185,661	21,385	0,000	2,250E+1	2,146E+1	2,188E+1	2,216E+1	2,524E+1	2,519E+1	2,275E+1	2,177E+1	2,308E+1	2,432E+1
185,661	21,385	0,000	2,250E+1	2,146E+1	2,188E+1	2,216E+1	2,524E+1	2,519E+1	2,275E+1	2,177E+1	2,308E+1	2,432E+1
187,679	21,443	0,000	2,257E+1	2,148E+1	2,184E+1	2,220E+1	2,538E+1	2,524E+1	2,280E+1	2,185E+1	2,312E+1	2,450E+1
187,679	21,443	0,000	2,257E+1	2,148E+1	2,184E+1	2,220E+1	2,538E+1	2,524E+1	2,280E+1	2,185E+1	2,312E+1	2,450E+1
189,700	21,543	0,000	2,268E+1	2,152E+1	2,180E+1	2,229E+1	2,551E+1	2,531E+1	2,283E+1	2,189E+1	2,315E+1	2,465E+1
189,700	21,543	0,000	2,268E+1	2,152E+1	2,180E+1	2,229E+1	2,551E+1	2,531E+1	2,283E+1	2,189E+1	2,315E+1	2,465E+1
191,716	21,581	0,000	2,269E+1	2,152E+1	2,179E+1	2,234E+1	2,562E+1	2,537E+1	2,291E+1	2,191E+1	2,315E+1	2,476E+1
191,716	21,581	0,000	2,269E+1	2,152E+1	2,179E+1	2,234E+1	2,562E+1	2,537E+1	2,291E+1	2,191E+1	2,315E+1	2,476E+1
193,737	21,629	0,000	2,277E+1	2,154E+1	2,181E+1	2,237E+1	2,574E+1	2,552E+1	2,297E+1	2,198E+1	2,328E+1	2,483E+1
193,737	21,629	0,000	2,277E+1	2,154E+1	2,181E+1	2,237E+1	2,574E+1	2,552E+1	2,297E+1	2,198E+1	2,328E+1	2,483E+1
195,753	21,711	0,000	2,279E+1	2,157E+1	2,182E+1	2,239E+1	2,588E+1	2,569E+1	2,306E+1	2,202E+1	2,336E+1	2,492E+1
195,753	21,711	0,000	2,279E+1	2,157E+1	2,182E+1	2,239E+1	2,588E+1	2,569E+1	2,306E+1	2,202E+1	2,336E+1	2,492E+1
197,772	21,694	0,000	2,284E+1	2,160E+1	2,184E+1	2,243E+1	2,600E+1	2,579E+1	2,310E+1	2,204E+1	2,340E+1	2,499E+1
197,772	21,694	0,000	2,284E+1	2,160E+1	2,184E+1	2,243E+1	2,600E+1	2,579E+1	2,310E+1	2,204E+1	2,340E+1	2,499E+1
199,790	21,663	0,000	2,278E+1	2,155E+1	2,189E+1	2,245E+1	2,608E+1	2,580E+1	2,314E+1	2,203E+1	2,342E+1	2,492E+1
199,790	21,663	0,000	2,278E+1	2,155E+1	2,189E+1	2,245E+1	2,608E+1	2,580E+1	2,314E+1	2,203E+1	2,342E+1	2,492E+1
201,807	21,620	0,000	2,281E+1	2,160E+1	2,192E+1	2,250E+1	2,619E+1	2,593E+1	2,315E+1	2,204E+1	2,344E+1	2,497E+1
201,807	21,620	0,000	2,281E+1	2,160E+1	2,192E+1	2,250E+1	2,619E+1	2,593E+1	2,315E+1	2,204E+1	2,344E+1	2,497E+1
203,825	21,664	0,000	2,289E+1	2,159E+1	2,197E+1	2,250E+1	2,630E+1	2,604E+1	2,319E+1	2,205E+1	2,349E+1	2,502E+1
203,825	21,664	0,000	2,289E+1	2,159E+1	2,197E+1	2,250E+1	2,630E+1	2,604E+1	2,319E+1	2,205E+1	2,349E+1	2,502E+1
205,842	21,630	0,000	2,290E+1	2,165E+1	2,210E+1	2,254E+1	2,643E+1	2,616E+1	2,327E+1	2,210E+1	2,352E+1	2,498E+1
205,842	21,630	0,000	2,290E+1	2,165E+1	2,210E+1	2,254E+1	2,643E+1	2,616E+1	2,327E+1	2,210E+1	2,352E+1	2,498E+1
207,860	21,658	0,000	2,292E+1	2,168E+1	2,218E+1	2,260E+1	2,654E+1	2,626E+1	2,329E+1	2,214E+1	2,355E+1	2,520E+1
207,860	21,658	0,000	2,292E+1	2,168E+1	2,218E+1	2,260E+1	2,654E+1	2,626E+1	2,329E+1	2,214E+1	2,355E+1	2,520E+1
209,878	21,709	0,000	2,298E+1	2,170E+1	2,214E+1	2,259E+1	2,658E+1	2,630E+1	2,334E+1	2,208E+1	2,359E+1	2,526E+1
209,878	21,709	0,000	2,298E+1	2,170E+1	2,214E+1	2,259E+1	2,658E+1	2,630E+1	2,334E+1	2,208E+1	2,359E+1	2,526E+1
211,897	21,724	0,000	2,291E+1	2,172E+1	2,205E+1	2,266E+1	2,668E+1	2,640E+1	2,341E+1	2,217E+1	2,358E+1	2,526E+1
211,897	21,724	0,000	2,291E+1	2,172E+1	2,205E+1	2,266E+1	2,668E+1	2,640E+1	2,341E+1	2,217E+1	2,358E+1	2,526E+1
213,915	21,737	0,000	2,298E+1	2,171E+1	2,202E+1	2,275E+1	2,682E+1	2,651E+1	2,342E+1	2,222E+1	2,364E+1	2,553E+1
213,915	21,737	0,000	2,298E+1	2,171E+1	2,202E+1	2,275E+1	2,682E+1	2,651E+1	2,342E+1	2,222E+1	2,364E+1	2,553E+1
215,932	21,826	0,000	2,303E+1	2,176E+1	2,201E+1	2,273E+1	2,692E+1	2,664E+1	2,346E+1	2,233E+1	2,371E+1	2,561E+1
215,932	21,826	0,000	2,303E+1	2,176E+1	2,201E+1	2,273E+1	2,692E+1	2,664E+1	2,346E+1	2,233E+1	2,371E+1	2,561E+1
217,952	21,844	0,000	2,305E+1	2,181E+1	2,200E+1	2,279E+1	2,700E+1	2,674E+1	2,353E+1	2,239E+1	2,378E+1	2,563E+1
217,952	21,844	0,000	2,305E+1	2,181E+1	2,200E+1	2,279E+1	2,700E+1	2,674E+1	2,353E+1	2,239E+1	2,378E+1	2,563E+1
219,971	21,768	0,000	2,304E+1	2,182E+1	2,207E+1	2,287E+1	2,706E+1	2,678E+1	2,361E+1	2,241E+1	2,381E+1	2,555E+1
219,971	21,768	0,000	2,304E+1	2,182E+1	2,207E+1	2,287E+1	2,706E+1	2,678E+1	2,361E+1	2,241E+1	2,381E+1	2,555E+1
221,989	21,791	0,000	2,301E+1	2,178E+1	2,206E+1	2,288E+1	2,714E+1	2,687E+1	2,367E+1	2,241E+1	2,383E+1	2,555E+1
221,989	21,791	0,000	2,301E+1	2,178E+1	2,206E+1	2,288E+1	2,714E+1	2,687E+1	2,367E+1	2,241E+1	2,383E+1	2,555E+1
224,006	21,867	0,000	2,309E+1	2,180E+1	2,206E+1	2,294E+1	2,720E+1	2,693E+1	2,372E+1	2,245E+1	2,385E+1	2,578E+1
224,006	21,867	0,000	2,309E+1	2,180E+1	2,206E+1	2,294E+1	2,720E+1	2,693E+1	2,372E+1	2,245E+1	2,385E+1	2,578E+1
226,024	21,893	0,000	2,315E+1	2,181E+1	2,213E+1	2,300E+1	2,727E+1	2,700E+1	2,374E+1	2,245E+1	2,388E+1	2,588E+1
226,024	21,893	0,000	2,315E+1	2,181E+1	2,213E+1	2,300E+1	2,727E+1	2,700E+1	2,374E+1	2,245E+1	2,388E+1	2,588E+1
228,042	21,875	0,000	2,322E+1	2,186E+1	2,224E+1	2,305E+1	2,730E+1	2,708E+1	2,378E+1	2,243E+1	2,392E+1	2,589E+1
228,042	21,875	0,000	2,322E+1	2,186E+1	2,224E+1	2,305E+1	2,730E+1	2,708E+1	2,378E+1	2,243E+1	2,392E+1	2,589E+1
230,059	21,926	0,000	2,316E+1	2,179E+1	2,225E+1	2,311E+1	2,728E+1	2,713E+1	2,381E+1	2,242E+1	2,393E+1	2,595E+1
230,059	21,926	0,000	2,316E+1	2,179E+1	2,225E+1	2,311E+1	2,728E+1	2,713E+1	2,381E+1	2,242E+1	2,393E+1	2,595E+1
232,077	21,989	0,000	2,323E+1	2,186E+1	2,229E+1	2,311E+1	2,737E+1	2,724E+1	2,383E+1	2,245E+1	2,395E+1	2,597E+1
232,077	21,989	0,000	2,323E+1	2,186E+1	2,229E+1	2,311E+1	2,737E+1	2,724E+1	2,383E+1	2,245E+1	2,395E+1	2,597E+1
232,077	21,989	0,000	2,323E+1	2,186E+1	2,229E+1	2,311E+1	2,737E+1	2,724E+1	2,383E+1	2,245E+1	2,395E+1	2,597E+1
234,096	21,949	0,000	2,331E+1	2,183E+1	2,237E+1	2,314E+1	2,746E+1	2,733E+1	2,391E+1	2,244E+1	2,400E+1	2,597E+1
234,096	21,949	0,000	2,331E+1	2,183E+1	2,237E+1	2,314E+1	2,746E+1	2,733E+1	2,391E+1	2,244E+1	2,400E+1	2,597E+1
236,114	21,969	0,000	2,325E+1	2,184E+1	2,239E+1	2,313E+1	2,756E+1	2,742E+1	2,392E+1	2,251E+1	2,408E+1	2,605E+1
236,114	21,969	0,000	2,325E+1	2,184E+1	2,239E+1	2,313E+1	2,756E+1	2,742E+1	2,392E+1	2,251E+1	2,408E+1	2,605E+1
238,133	22,071	0,000	2,338E+1	2,187E+1	2,237E+1	2,320E+1	2,761E+1	2,754E+1	2,394E+1	2,257E+1	2,409E+1	2,625E+1
238,133	22,071	0,000	2,338E+1	2,187E+1	2,237E+1	2,320E+1	2,761E+1	2,754E+1	2,394E+1	2,257E+1	2,409E+1	2,625E+1
240,151	22,107	0,000	2,338E+1	2,190E+1	2,232E+1	2,325E+1	2,775E+1	2,762E+1	2,395E+1	2,264E+1	2,419E+1	2,631E+1
240,151	22,107	0,000	2,338E+1	2,190E+1	2,232E+1	2,325E+1	2,775E+1	2,762E+1	2,395E+1	2,264E+1	2,419E+1	2,631E+1
242,170	22,084	0,000	2,342E+1	2,192E+1	2,241E+1	2,332E+1	2,782E+1	2,764E+1	2,399E+1	2,265E+1	2,417E+1	2,634E+1
242,170	22,084	0,000	2,342E+1	2,192E+1	2,241E+1	2,332E+1	2,782E+1	2,764E+1	2,399E+1	2,265E+1	2,417E+1	2,634E+1
244,190	22,018	0,000	2,351E+1	2,199E+1	2,245E+1	2,332E+1	2,785E+1	2,769E+1	2,402E+1	2,270E+1	2,417E+1	2,633E+1
244,190	22,018	0,000	2,351E+1	2,199E+1	2,245E+1	2,332E+1	2,785E+1	2,769E+1	2,402E+1	2,270E+1	2,417E+1	2,633E+1
246,209	22,018	0,000	2,355E+1	2,201E+1	2,248E+1	2,335E+1	2,789E+1	2,782E+1	2,409E+1	2,273E+1	2,425E+1	2,639E+1
246,209	22,018	0,000	2,355E+1	2,201E+1	2,248E+1	2,335E+1	2,789E+1	2,782E+1	2,409E+1	2,273E+1	2,425E+1	2,639E+1
248,229	22,095	0,000	2,356E+1	2,200E+1	2,250E+1	2,345E+1	2,802E+1	2,793E+1	2,416E+1	2,291E+1	2,431E+1	2,658E+1
248,229	22,095	0,000	2,356E+1	2,200E+1	2,250E+1	2,345E+1	2,802E+1	2,793E+1	2,416E+1	2,291E+1	2,431E+1	2,658E+1
250,245	22,121	0,000	2,363E+1	2,208E+1	2,252E+1	2,350E+1	2,811E+1	2,805E+1	2,418E+1	2,293E+1	2,437E+1	2,668E+1
250,245	22,121	0,000	2,363E+1	2,208E+1	2,252E+1	2,350E+1	2,811E+1	2,805E+1	2,418E+1	2,293E+1	2,437E+1	2,668E+1
252,264	22,149	0,000	2,366E+1	2,208E+1	2,257E+1	2,348E+1	2,815E+1	2,811E+1	2,427E+1	2,288E+1	2,442E+1	2,670E+1
252,264	22,149	0,000	2,366E+1	2,208E+1	2,257E+1	2,348E+1	2,815E+1	2,811E+1	2,427E+1	2,288E+1	2,442E+1	2,670E+1
254,280	22,172	0,000	2,357E+1	2,208E+1	2,251E+1	2,356E+1	2,824E+1	2,822E+1	2,429E+1	2,285E+1	2,445E+1	2,675E+1
254,280	22,172	0,000	2,357E+1	2,208E+1	2,251E+1	2,356E+1	2,824E+1	2,822E+1	2,429E+1	2,285E+1	2,445E+1	2,675E+1
256,301	22,121	0,000	2,350E+1	2,208E+1	2,249E+1	2,357E+1	2,827E+1	2,827E+1	2,431E+1	2,294E+1	2,445E+1	2,677E+1
256,301	22,121	0,000	2,350E+1	2,208E+1	2,249E+1	2,357E+1	2,827E+1	2,827E+1	2,431E+1	2,294E+1	2,445E+1	2,677E+1
258,317	22,180	0,000	2,354E+1	2,207E+1	2,250E+1	2,363E+1	2,839E+1	2,835E+1	2,434E+1	2,308E+1	2,442E+1	2,685E+1
258,317	22,180	0,000	2,354E+1	2,207E+1	2,250E+1	2,363E+1	2,839E+1	2,835E+1	2,434E+1	2,308E+1	2,442E+1	2,685E+1
260,336	22,220	0,000	2,361E+1	2,205E+1	2,255E+1	2,371E+1	2,841E+1	2,840E+1	2,439E+1	2,306E+1	2,447E+1	2,695E+1
260,336	22,220	0,000	2,361E+1	2,205E+1	2,255E+1	2,371E+1	2,841E+1	2,840E+1	2,439E+1	2,306E+1	2,447E+1	2,695E+1
262,356	22,232	0,000	2,368E+1	2,202E+1	2,270E+1	2,382E+1	2,841E+1	2,847E+1	2,445E+1	2,303E+1	2,455E+1	2,683E+1
262,356	22,232	0,000	2,368E+1	2,202E+1	2,270E+1	2,382E+1	2,841E+1	2,847E+1	2,445E+1	2,303E+1	2,455E+1	2,683E+1
264,375	22,283	0,000	2,368E+1	2,205E+1	2,275E+1	2,382E+1	2,856E+1	2,859E+1	2,446E+1	2,309E+1	2,462E+1	2,684E+1
264,375	22,283	0,000	2,368E+1	2,205E+1	2,275E+1	2,382E+1	2,856E+1	2,859E+1	2,446E+1	2,309E+1	2,462E+1	2,684E+1
266,393	22,387	0,000	2,377E+1	2,208E+1	2,275E+1	2,377E+1	2,861E+1	2,862E+1	2,449E+1	2,312E+1	2,469E+1	2,693E+1
266,393	22,387	0,000	2,377E+1	2,208E+1	2,275E+1	2,377E+1	2,861E+1	2,862E+1	2,449E+1	2,312E+1	2,469E+1	2,693E+1
268,412	22,306	0,000	2,371E+1	2,205E+1	2,268E+1	2,379E+1	2,867E+1	2,866E+1	2,453E+1	2,315E+1	2,473E+1	2,695E+1
268,412	22,306	0,000	2,371E+1	2,205E+1	2,268E+1	2,379E+1	2,867E+1	2,866E+1	2,453E+1	2,315E+1	2,473E+1	2,695E+1
270,430	22,309	0,000	2,383E+1	2,217E+1	2,276E+1	2,392E+1	2,872E+1	2,865E+1	2,457E+1	2,322E+1	2,468E+1	2,702E+1
270,430	22,309	0,000	2,383E+1	2,217E+1	2,276E+1	2,392E+1	2,872E+1	2,865E+1	2,457E+1	2,322E+1	2,468E+1	2,702E+1
272,446	22,332	0,000	2,376E+1	2,220E+1	2,278E+1	2,398E+1	2,869E+1	2,865E+1	2,460E+1	2,313E+1	2,468E+1	2,705E+1
272,446	22,332	0,000	2,376E+1	2,220E+1	2,278E+1	2,398E+1	2,869E+1	2,865E+1	2,460E+1	2,313E+1	2,468E+1	2,705E+1
274,467	22,329	0,000	2,381E+1	2,219E+1	2,287E+1	2,397E+1	2,877E+1	2,877E+1	2,466E+1	2,320E+1	2,474E+1	2,701E+1
274,467	22,329	0,000	2,381E+1	2,219E+1	2,287E+1	2,397E+1	2,877E+1	2,877E+1	2,466E+1	2,320E+1	2,474E+1	2,701E+1
276,485	22,330	0,000	2,387E+1	2,227E+1	2,298E+1	2,402E+1	2,882E+1	2,886E+1	2,472E+1	2,325E+1	2,481E+1	2,695E+1
276,485	22,330	0,000	2,387E+1	2,227E+1	2,298E+1	2,402E+1	2,882E+1	2,886E+1	2,472E+1	2,325E+1	2,481E+1	2,695E+1
278,502	22,416	0,000	2,390E+1	2,228E+1	2,307E+1	2,410E+1	2,884E+1	2,891E+1	2,479E+1	2,325E+1	2,481E+1	2,710E+1
278,502	22,416	0,000	2,390E+1	2,228E+1	2,307E+1	2,410E+1	2,884E+1	2,891E+1	2,479E+1	2,325E+1	2,481E+1	2,710E+1
280,520	22,487	0,000	2,392E+1	2,227E+1	2,311E+1	2,414E+1	2,896E+1	2,904E+1	2,479E+1	2,334E+1	2,481E+1	2,712E+1
280,520	22,487	0,000	2,392E+1	2,227E+1	2,311E+1	2,414E+1	2,896E+1	2,904E+1	2,479E+1	2,334E+1	2,481E+1	2,712E+1
282,537	22,576	0,000	2,392E+1	2,230E+1	2,310E+1	2,414E+1	2,901E+1	2,909E+1	2,484E+1	2,341E+1	2,484E+1	2,711E+1
282,537	22,576	0,000	2,392E+1	2,230E+1	2,310E+1	2,414E+1	2,901E+1	2,909E+1	2,484E+1	2,341E+1	2,484E+1	2,711E+1
284,555	22,535	0,000	2,400E+1	2,234E+1	2,301E+1	2,414E+1	2,903E+1	2,913E+1	2,485E+1	2,338E+1	2,485E+1	2,718E+1
284,555	22,535	0,000	2,400E+1	2,234E+1	2,301E+1	2,414E+1	2,903E+1	2,913E+1	2,485E+1	2,338E+1	2,485E+1	2,718E+1
286,572	22,540	0,000	2,417E+1	2,236E+1	2,305E+1	2,408E+1	2,913E+1	2,927E+1	2,487E+1	2,348E+1	2,489E+1	2,718E+1
286,572	22,540	0,000	2,417E+1	2,236E+1	2,305E+1	2,408E+1	2,913E+1	2,927E+1	2,487E+1	2,348E+1	2,489E+1	2,718E+1
288,590	22,629	0,000	2,424E+1	2,245E+1	2,310E+1	2,411E+1	2,927E+1	2,937E+1	2,485E+1	2,359E+1	2,498E+1	2,730E+1
288,590	22,629	0,000	2,424E+1	2,245E+1	2,310E+1	2,411E+1	2,927E+1	2,937E+1	2,485E+1	2,359E+1	2,498E+1	2,730E+1
290,609	22,548	0,000	2,419E+1	2,246E+1	2,307E+1	2,419E+1	2,923E+1	2,935E+1	2,494E+1	2,360E+1	2,499E+1	2,730E+1
290,609	22,548	0,000	2,419E+1	2,246E+1	2,307E+1	2,419E+1	2,923E+1	2,935E+1	2,494E+1	2,360E+1	2,499E+1	2,730E+1
292,625	22,487	0,000	2,403E+1	2,249E+1	2,315E+1	2,424E+1	2,919E+1	2,936E+1	2,498E+1	2,365E+1	2,503E+1	2,734E+1
292,625	22,487	0,000	2,403E+1	2,249E+1	2,315E+1	2,424E+1	2,919E+1	2,936E+1	2,498E+1	2,365E+1	2,503E+1	2,734E+1
294,646	22,536	0,000	2,415E+1	2,250E+1	2,325E+1	2,434E+1	2,929E+1	2,947E+1	2,503E+1	2,357E+1	2,506E+1	2,743E+1
294,646	22,536	0,000	2,415E+1	2,250E+1	2,325E+1	2,434E+1	2,929E+1	2,947E+1	2,503E+1	2,357E+1	2,506E+1	2,743E+1
296,662	22,567	0,000	2,417E+1	2,254E+1	2,340E+1	2,444E+1	2,930E+1	2,948E+1	2,512E+1	2,359E+1	2,511E+1	2,741E+1
296,662	22,567	0,000	2,417E+1	2,254E+1	2,340E+1	2,444E+1	2,930E+1	2,948E+1	2,512E+1	2,359E+1	2,511E+1	2,741E+1
298,681	22,587	0,000	2,425E+1	2,261E+1	2,346E+1	2,440E+1	2,928E+1	2,950E+1	2,516E+1	2,355E+1	2,516E+1	2,734E+1
298,681	22,587	0,000	2,425E+1	2,261E+1	2,346E+1	2,440E+1	2,928E+1	2,950E+1	2,516E+1	2,355E+1	2,516E+1	2,734E+1
300,697	22,595	0,000	2,433E+1	2,262E+1	2,357E+1	2,443E+1	2,928E+1	2,959E+1	2,518E+1	2,364E+1	2,518E+1	2,733E+1
300,697	22,595	0,000	2,433E+1	2,262E+1	2,357E+1	2,443E+1	2,928E+1	2,959E+1	2,518E+1	2,364E+1	2,518E+1	2,733E+1
302,716	22,577	0,000	2,429E+1	2,264E+1	2,360E+1	2,443E+1	2,939E+1	2,974E+1	2,520E+1	2,371E+1	2,522E+1	2,729E+1
302,716	22,577	0,000	2,429E+1	2,264E+1	2,360E+1	2,443E+1	2,939E+1	2,974E+1	2,520E+1	2,371E+1	2,522E+1	2,729E+1
304,734	22,590	0,000	2,423E+1	2,258E+1	2,349E+1	2,445E+1	2,949E+1	2,986E+1	2,519E+1	2,378E+1	2,529E+1	2,716E+1
304,734	22,590	0,000	2,423E+1	2,258E+1	2,349E+1	2,445E+1	2,949E+1	2,986E+1	2,519E+1	2,378E+1	2,529E+1	2,716E+1
306,754	22,649	0,000	2,437E+1	2,265E+1	2,347E+1	2,448E+1	2,955E+1	2,991E+1	2,527E+1	2,384E+1	2,534E+1	2,730E+1
306,754	22,649	0,000	2,437E+1	2,265E+1	2,347E+1	2,448E+1	2,955E+1	2,991E+1	2,527E+1	2,384E+1	2,534E+1	2,730E+1
308,773	22,664	0,000	2,442E+1	2,263E+1	2,344E+1	2,454E+1	2,963E+1	3,002E+1	2,532E+1	2,390E+1	2,539E+1	2,732E+1
308,773	22,664	0,000	2,442E+1	2,263E+1	2,344E+1	2,454E+1	2,963E+1	3,002E+1	2,532E+1	2,390E+1	2,539E+1	2,732E+1
310,789	22,743	0,000	2,455E+1	2,269E+1	2,347E+1	2,460E+1	2,973E+1	3,008E+1	2,537E+1	2,399E+1	2,545E+1	2,727E+1
310,789	22,743	0,000	2,455E+1	2,269E+1	2,347E+1	2,460E+1	2,973E+1	3,008E+1	2,537E+1	2,399E+1	2,545E+1	2,727E+1
312,808	22,712	0,000	2,445E+1	2,271E+1	2,360E+1	2,465E+1	2,979E+1	3,014E+1	2,540E+1	2,401E+1	2,551E+1	2,734E+1
312,808	22,712	0,000	2,445E+1	2,271E+1	2,360E+1	2,465E+1	2,979E+1	3,014E+1	2,540E+1	2,401E+1	2,551E+1	2,734E+1
314,826	22,722	0,000	2,451E+1	2,272E+1	2,373E+1	2,469E+1	2,982E+1	3,018E+1	2,545E+1	2,400E+1	2,555E+1	2,732E+1
314,826	22,722	0,000	2,451E+1	2,272E+1	2,373E+1	2,469E+1	2,982E+1	3,018E+1	2,545E+1	2,400E+1	2,555E+1	2,732E+1
316,845	22,844	0,000	2,461E+1	2,271E+1	2,371E+1	2,472E+1	2,987E+1	3,021E+1	2,547E+1	2,403E+1	2,558E+1	2,740E+1
316,845	22,844	0,000	2,461E+1	2,271E+1	2,371E+1	2,472E+1	2,987E+1	3,021E+1	2,547E+1	2,403E+1	2,558E+1	2,740E+1
318,865	22,942	0,000	2,471E+1	2,279E+1	2,368E+1	2,475E+1	2,993E+1	3,036E+1	2,552E+1	2,414E+1	2,565E+1	2,748E+1
318,865	22,942	0,000	2,471E+1	2,279E+1	2,368E+1	2,475E+1	2,993E+1	3,036E+1	2,552E+1	2,414E+1	2,565E+1	2,748E+1
320,882	23,011	0,000	2,465E+1	2,280E+1	2,367E+1	2,484E+1	3,002E+1	3,042E+1	2,554E+1	2,422E+1	2,572E+1	2,761E+1
320,882	23,011	0,000	2,465E+1	2,280E+1	2,367E+1	2,484E+1	3,002E+1	3,042E+1	2,554E+1	2,422E+1	2,572E+1	2,761E+1
322,902	22,963	0,000	2,466E+1	2,277E+1	2,373E+1	2,489E+1	3,003E+1	3,044E+1	2,559E+1	2,429E+1	2,575E+1	2,765E+1
322,902	22,963	0,000	2,466E+1	2,277E+1	2,373E+1	2,489E+1	3,003E+1	3,044E+1	2,559E+1	2,429E+1	2,575E+1	2,765E+1
324,919	22,961	0,000	2,463E+1	2,283E+1	2,372E+1	2,505E+1	3,009E+1	3,048E+1	2,561E+1	2,437E+1	2,576E+1	2,778E+1
324,919	22,961	0,000	2,463E+1	2,283E+1	2,372E+1	2,505E+1	3,009E+1	3,048E+1	2,561E+1	2,437E+1	2,576E+1	2,778E+1
326,939	23,024	0,000	2,473E+1	2,287E+1	2,368E+1	2,513E+1	3,023E+1	3,058E+1	2,566E+1	2,448E+1	2,584E+1	2,793E+1
326,939	23,024	0,000	2,473E+1	2,287E+1	2,368E+1	2,513E+1	3,023E+1	3,058E+1	2,566E+1	2,448E+1	2,584E+1	2,793E+1
328,956	23,064	0,000	2,472E+1	2,290E+1	2,363E+1	2,512E+1	3,030E+1	3,070E+1	2,571E+1	2,456E+1	2,595E+1	2,790E+1
328,956	23,064	0,000	2,472E+1	2,290E+1	2,363E+1	2,512E+1	3,030E+1	3,070E+1	2,571E+1	2,456E+1	2,595E+1	2,790E+1
330,974	23,085	0,000	2,464E+1	2,289E+1	2,357E+1	2,521E+1	3,040E+1	3,080E+1	2,577E+1	2,464E+1	2,600E+1	2,799E+1
330,974	23,085	0,000	2,464E+1	2,289E+1	2,357E+1	2,521E+1	3,040E+1	3,080E+1	2,577E+1	2,464E+1	2,600E+1	2,799E+1
332,993	23,161	0,000	2,468E+1	2,289E+1	2,358E+1	2,525E+1	3,047E+1	3,086E+1	2,580E+1	2,474E+1	2,611E+1	2,802E+1
332,993	23,161	0,000	2,468E+1	2,289E+1	2,358E+1	2,525E+1	3,047E+1	3,086E+1	2,580E+1	2,474E+1	2,611E+1	2,802E+1
335,009	23,161	0,000	2,464E+1	2,288E+1	2,361E+1	2,531E+1	3,054E+1	3,091E+1	2,585E+1	2,478E+1	2,616E+1	2,804E+1
335,009	23,161	0,000	2,464E+1	2,288E+1	2,361E+1	2,531E+1	3,054E+1	3,091E+1	2,585E+1	2,478E+1	2,616E+1	2,804E+1
337,027	23,192	0,000	2,477E+1	2,296E+1	2,361E+1	2,537E+1	3,066E+1	3,100E+1	2,589E+1	2,478E+1	2,621E+1	2,799E+1
337,027	23,192	0,000	2,477E+1	2,296E+1	2,361E+1	2,537E+1	3,066E+1	3,100E+1	2,589E+1	2,478E+1	2,621E+1	2,799E+1
339,046	23,177	0,000	2,472E+1	2,299E+1	2,360E+1	2,538E+1	3,068E+1	3,104E+1	2,592E+1	2,481E+1	2,622E+1	2,792E+1
339,046	23,177	0,000	2,472E+1	2,299E+1	2,360E+1	2,538E+1	3,068E+1	3,104E+1	2,592E+1	2,481E+1	2,622E+1	2,792E+1
341,065	23,104	0,000	2,470E+1	2,295E+1	2,364E+1	2,534E+1	3,072E+1	3,109E+1	2,595E+1	2,481E+1	2,628E+1	2,789E+1
341,065	23,104	0,000	2,470E+1	2,295E+1	2,364E+1	2,534E+1	3,072E+1	3,109E+1	2,595E+1	2,481E+1	2,628E+1	2,789E+1
343,081	23,134	0,000	2,468E+1	2,292E+1	2,375E+1	2,532E+1	3,071E+1	3,107E+1	2,595E+1	2,481E+1	2,624E+1	2,783E+1
343,081	23,134	0,000	2,468E+1	2,292E+1	2,375E+1	2,532E+1	3,071E+1	3,107E+1	2,595E+1	2,481E+1	2,624E+1	2,783E+1
345,099	23,043	0,000	2,489E+1	2,301E+1	2,385E+1	2,526E+1	3,075E+1	3,107E+1	2,596E+1	2,483E+1	2,625E+1	2,768E+1
345,099	23,043	0,000	2,489E+1	2,301E+1	2,385E+1	2,526E+1	3,075E+1	3,107E+1	2,596E+1	2,483E+1	2,625E+1	2,768E+1
347,120	23,132	0,000	2,492E+1	2,300E+1	2,386E+1	2,519E+1	3,075E+1	3,114E+1	2,600E+1	2,483E+1	2,625E+1	2,760E+1
347,120	23,132	0,000	2,492E+1	2,300E+1	2,386E+1	2,519E+1	3,075E+1	3,114E+1	2,600E+1	2,483E+1	2,625E+1	2,760E+1
347,120	23,132	0,000	2,492E+1	2,300E+1	2,386E+1	2,519E+1	3,075E+1	3,114E+1	2,600E+1	2,483E+1	2,625E+1	2,760E+1
349,138	23,203	0,000	2,494E+1	2,304E+1	2,391E+1	2,525E+1	3,080E+1	3,118E+1	2,605E+1	2,485E+1	2,629E+1	2,762E+1
349,138	23,203	0,000	2,494E+1	2,304E+1	2,391E+1	2,525E+1	3,080E+1	3,118E+1	2,605E+1	2,485E+1	2,629E+1	2,762E+1
351,157	23,218	0,000	2,481E+1	2,302E+1	2,397E+1	2,529E+1	3,078E+1	3,115E+1	2,605E+1	2,482E+1	2,634E+1	2,766E+1
351,157	23,218	0,000	2,481E+1	2,302E+1	2,397E+1	2,529E+1	3,078E+1	3,115E+1	2,605E+1	2,482E+1	2,634E+1	2,766E+1
353,175	23,109	0,000	2,472E+1	2,306E+1	2,409E+1	2,533E+1	3,080E+1	3,117E+1	2,606E+1	2,486E+1	2,639E+1	2,766E+1
353,175	23,109	0,000	2,472E+1	2,306E+1	2,409E+1	2,533E+1	3,080E+1	3,117E+1	2,606E+1	2,486E+1	2,639E+1	2,766E+1
355,194	23,139	0,000	2,470E+1	2,305E+1	2,407E+1	2,528E+1	3,086E+1	3,129E+1	2,609E+1	2,495E+1	2,641E+1	2,761E+1
355,194	23,139	0,000	2,470E+1	2,305E+1	2,407E+1	2,528E+1	3,086E+1	3,129E+1	2,609E+1	2,495E+1	2,641E+1	2,761E+1
357,210	23,197	0,000	2,489E+1	2,312E+1	2,404E+1	2,532E+1	3,091E+1	3,132E+1	2,612E+1	2,503E+1	2,647E+1	2,766E+1
357,210	23,197	0,000	2,489E+1	2,312E+1	2,404E+1	2,532E+1	3,091E+1	3,132E+1	2,612E+1	2,503E+1	2,647E+1	2,766E+1
359,229	23,154	0,000	2,492E+1	2,320E+1	2,412E+1	2,542E+1	3,096E+1	3,136E+1	2,617E+1	2,511E+1	2,651E+1	2,784E+1
359,229	23,154	0,000	2,492E+1	2,320E+1	2,412E+1	2,542E+1	3,096E+1	3,136E+1	2,617E+1	2,511E+1	2,651E+1	2,784E+1
361,247	23,197	0,000	2,505E+1	2,323E+1	2,419E+1	2,552E+1	3,099E+1	3,141E+1	2,619E+1	2,512E+1	2,655E+1	2,797E+1
361,247	23,197	0,000	2,505E+1	2,323E+1	2,419E+1	2,552E+1	3,099E+1	3,141E+1	2,619E+1	2,512E+1	2,655E+1	2,797E+1
363,263	23,284	0,000	2,502E+1	2,320E+1	2,420E+1	2,561E+1	3,105E+1	3,155E+1	2,625E+1	2,520E+1	2,661E+1	2,822E+1
363,263	23,284	0,000	2,502E+1	2,320E+1	2,420E+1	2,561E+1	3,105E+1	3,155E+1	2,625E+1	2,520E+1	2,661E+1	2,822E+1
365,282	23,324	0,000	2,504E+1	2,319E+1	2,418E+1	2,565E+1	3,105E+1	3,165E+1	2,628E+1	2,521E+1	2,664E+1	2,821E+1
365,282	23,324	0,000	2,504E+1	2,319E+1	2,418E+1	2,565E+1	3,105E+1	3,165E+1	2,628E+1	2,521E+1	2,664E+1	2,821E+1
367,299	23,349	0,000	2,517E+1	2,325E+1	2,421E+1	2,564E+1	3,111E+1	3,165E+1	2,636E+1	2,524E+1	2,668E+1	2,829E+1
367,299	23,349	0,000	2,517E+1	2,325E+1	2,421E+1	2,564E+1	3,111E+1	3,165E+1	2,636E+1	2,524E+1	2,668E+1	2,829E+1
369,317	23,334	0,000	2,512E+1	2,318E+1	2,425E+1	2,564E+1	3,118E+1	3,167E+1	2,636E+1	2,526E+1	2,668E+1	2,824E+1
369,317	23,334	0,000	2,512E+1	2,318E+1	2,425E+1	2,564E+1	3,118E+1	3,167E+1	2,636E+1	2,526E+1	2,668E+1	2,824E+1
371,335	23,296	0,000	2,508E+1	2,324E+1	2,434E+1	2,569E+1	3,117E+1	3,162E+1	2,640E+1	2,528E+1	2,672E+1	2,820E+1
371,335	23,296	0,000	2,508E+1	2,324E+1	2,434E+1	2,569E+1	3,117E+1	3,162E+1	2,640E+1	2,528E+1	2,672E+1	2,820E+1
373,354	23,233	0,000	2,521E+1	2,330E+1	2,440E+1	2,568E+1	3,113E+1	3,165E+1	2,642E+1	2,522E+1	2,672E+1	2,823E+1
373,354	23,233	0,000	2,521E+1	2,330E+1	2,440E+1	2,568E+1	3,113E+1	3,165E+1	2,642E+1	2,522E+1	2,672E+1	2,823E+1
375,372	23,279	0,000	2,526E+1	2,338E+1	2,453E+1	2,564E+1	3,120E+1	3,162E+1	2,650E+1	2,525E+1	2,671E+1	2,820E+1
375,372	23,279	0,000	2,526E+1	2,338E+1	2,453E+1	2,564E+1	3,120E+1	3,162E+1	2,650E+1	2,525E+1	2,671E+1	2,820E+1
377,391	23,318	0,000	2,524E+1	2,339E+1	2,463E+1	2,566E+1	3,119E+1	3,166E+1	2,655E+1	2,528E+1	2,676E+1	2,821E+1
377,391	23,318	0,000	2,524E+1	2,339E+1	2,463E+1	2,566E+1	3,119E+1	3,166E+1	2,655E+1	2,528E+1	2,676E+1	2,821E+1
379,411	23,439	0,000	2,521E+1	2,333E+1	2,457E+1	2,571E+1	3,122E+1	3,174E+1	2,659E+1	2,530E+1	2,682E+1	2,825E+1
379,411	23,439	0,000	2,521E+1	2,333E+1	2,457E+1	2,571E+1	3,122E+1	3,174E+1	2,659E+1	2,530E+1	2,682E+1	2,825E+1
381,429	23,508	0,000	2,540E+1	2,343E+1	2,463E+1	2,574E+1	3,123E+1	3,185E+1	2,663E+1	2,531E+1	2,688E+1	2,832E+1
381,429	23,508	0,000	2,540E+1	2,343E+1	2,463E+1	2,574E+1	3,123E+1	3,185E+1	2,663E+1	2,531E+1	2,688E+1	2,832E+1
383,446	23,445	0,000	2,533E+1	2,348E+1	2,468E+1	2,582E+1	3,127E+1	3,188E+1	2,665E+1	2,532E+1	2,690E+1	2,841E+1
383,446	23,445	0,000	2,533E+1	2,348E+1	2,468E+1	2,582E+1	3,127E+1	3,188E+1	2,665E+1	2,532E+1	2,690E+1	2,841E+1
385,465	23,465	0,000	2,539E+1	2,354E+1	2,476E+1	2,589E+1	3,133E+1	3,200E+1	2,672E+1	2,534E+1	2,694E+1	2,844E+1
385,465	23,465	0,000	2,539E+1	2,354E+1	2,476E+1	2,589E+1	3,133E+1	3,200E+1	2,672E+1	2,534E+1	2,694E+1	2,844E+1
387,481	23,455	0,000	2,547E+1	2,351E+1	2,470E+1	2,589E+1	3,136E+1	3,208E+1	2,679E+1	2,531E+1	2,697E+1	2,853E+1
387,481	23,455	0,000	2,547E+1	2,351E+1	2,470E+1	2,589E+1	3,136E+1	3,208E+1	2,679E+1	2,531E+1	2,697E+1	2,853E+1
389,500	23,490	0,000	2,554E+1	2,352E+1	2,472E+1	2,601E+1	3,137E+1	3,209E+1	2,682E+1	2,536E+1	2,702E+1	2,872E+1
389,500	23,490	0,000	2,554E+1	2,352E+1	2,472E+1	2,601E+1	3,137E+1	3,209E+1	2,682E+1	2,536E+1	2,702E+1	2,872E+1
391,516	23,450	0,000	2,541E+1	2,351E+1	2,474E+1	2,598E+1	3,136E+1	3,208E+1	2,691E+1	2,534E+1	2,709E+1	2,873E+1
391,516	23,450	0,000	2,541E+1	2,351E+1	2,474E+1	2,598E+1	3,136E+1	3,208E+1	2,691E+1	2,534E+1	2,709E+1	2,873E+1
393,536	23,437	0,000	2,525E+1	2,348E+1	2,469E+1	2,602E+1	3,142E+1	3,217E+1	2,691E+1	2,537E+1	2,707E+1	2,870E+1
393,536	23,437	0,000	2,525E+1	2,348E+1	2,469E+1	2,602E+1	3,142E+1	3,217E+1	2,691E+1	2,537E+1	2,707E+1	2,870E+1
395,553	23,568	0,000	2,530E+1	2,343E+1	2,458E+1	2,608E+1	3,148E+1	3,231E+1	2,692E+1	2,541E+1	2,708E+1	2,884E+1
395,553	23,568	0,000	2,530E+1	2,343E+1	2,458E+1	2,608E+1	3,148E+1	3,231E+1	2,692E+1	2,541E+1	2,708E+1	2,884E+1
397,571	23,583	0,000	2,544E+1	2,349E+1	2,470E+1	2,606E+1	3,157E+1	3,236E+1	2,697E+1	2,550E+1	2,716E+1	2,882E+1
397,571	23,583	0,000	2,544E+1	2,349E+1	2,470E+1	2,606E+1	3,157E+1	3,236E+1	2,697E+1	2,550E+1	2,716E+1	2,882E+1
399,590	23,726	0,000	2,547E+1	2,350E+1	2,467E+1	2,613E+1	3,167E+1	3,245E+1	2,699E+1	2,550E+1	2,720E+1	2,895E+1
399,590	23,726	0,000	2,547E+1	2,350E+1	2,467E+1	2,613E+1	3,167E+1	3,245E+1	2,699E+1	2,550E+1	2,720E+1	2,895E+1
401,606	23,728	0,000	2,558E+1	2,355E+1	2,463E+1	2,619E+1	3,171E+1	3,250E+1	2,702E+1	2,548E+1	2,726E+1	2,907E+1
401,606	23,728	0,000	2,558E+1	2,355E+1	2,463E+1	2,619E+1	3,171E+1	3,250E+1	2,702E+1	2,548E+1	2,726E+1	2,907E+1
403,625	23,719	0,000	2,568E+1	2,362E+1	2,474E+1	2,612E+1	3,182E+1	3,252E+1	2,705E+1	2,550E+1	2,730E+1	2,899E+1
403,625	23,719	0,000	2,568E+1	2,362E+1	2,474E+1	2,612E+1	3,182E+1	3,252E+1	2,705E+1	2,550E+1	2,730E+1	2,899E+1
405,643	23,813	0,000	2,553E+1	2,361E+1	2,474E+1	2,623E+1	3,187E+1	3,262E+1	2,710E+1	2,557E+1	2,732E+1	2,914E+1
405,643	23,813	0,000	2,553E+1	2,361E+1	2,474E+1	2,623E+1	3,187E+1	3,262E+1	2,710E+1	2,557E+1	2,732E+1	2,914E+1
407,660	23,795	0,000	2,554E+1	2,363E+1	2,474E+1	2,624E+1	3,190E+1	3,263E+1	2,717E+1	2,560E+1	2,736E+1	2,920E+1
407,660	23,795	0,000	2,554E+1	2,363E+1	2,474E+1	2,624E+1	3,190E+1	3,263E+1	2,717E+1	2,560E+1	2,736E+1	2,920E+1
409,676	23,651	0,000	2,532E+1	2,357E+1	2,470E+1	2,626E+1	3,194E+1	3,271E+1	2,719E+1	2,570E+1	2,736E+1	2,897E+1
409,676	23,651	0,000	2,532E+1	2,357E+1	2,470E+1	2,626E+1	3,194E+1	3,271E+1	2,719E+1	2,570E+1	2,736E+1	2,897E+1
411,694	23,646	0,000	2,529E+1	2,356E+1	2,461E+1	2,638E+1	3,199E+1	3,269E+1	2,723E+1	2,573E+1	2,736E+1	2,911E+1
411,694	23,646	0,000	2,529E+1	2,356E+1	2,461E+1	2,638E+1	3,199E+1	3,269E+1	2,723E+1	2,573E+1	2,736E+1	2,911E+1
413,713	23,600	0,000	2,529E+1	2,357E+1	2,461E+1	2,645E+1	3,202E+1	3,270E+1	2,725E+1	2,575E+1	2,734E+1	2,912E+1
413,713	23,600	0,000	2,529E+1	2,357E+1	2,461E+1	2,645E+1	3,202E+1	3,270E+1	2,725E+1	2,575E+1	2,734E+1	2,912E+1
415,729	23,585	0,000	2,542E+1	2,368E+1	2,479E+1	2,649E+1	3,204E+1	3,263E+1	2,725E+1	2,575E+1	2,732E+1	2,919E+1
415,729	23,585	0,000	2,542E+1	2,368E+1	2,479E+1	2,649E+1	3,204E+1	3,263E+1	2,725E+1	2,575E+1	2,732E+1	2,919E+1
417,748	23,603	0,000	2,557E+1	2,373E+1	2,482E+1	2,649E+1	3,202E+1	3,265E+1	2,731E+1	2,579E+1	2,736E+1	2,918E+1
417,748	23,603	0,000	2,557E+1	2,373E+1	2,482E+1	2,649E+1	3,202E+1	3,265E+1	2,731E+1	2,579E+1	2,736E+1	2,918E+1
419,766	23,658	0,000	2,566E+1	2,378E+1	2,484E+1	2,638E+1	3,199E+1	3,259E+1	2,731E+1	2,578E+1	2,739E+1	2,911E+1
419,766	23,658	0,000	2,566E+1	2,378E+1	2,484E+1	2,638E+1	3,199E+1	3,259E+1	2,731E+1	2,578E+1	2,739E+1	2,911E+1
421,783	23,724	0,000	2,565E+1	2,376E+1	2,475E+1	2,648E+1	3,205E+1	3,265E+1	2,736E+1	2,583E+1	2,747E+1	2,933E+1
421,783	23,724	0,000	2,565E+1	2,376E+1	2,475E+1	2,648E+1	3,205E+1	3,265E+1	2,736E+1	2,583E+1	2,747E+1	2,933E+1
423,803	23,694	0,000	2,565E+1	2,376E+1	2,485E+1	2,653E+1	3,206E+1	3,270E+1	2,739E+1	2,590E+1	2,748E+1	2,929E+1
423,803	23,694	0,000	2,565E+1	2,376E+1	2,485E+1	2,653E+1	3,206E+1	3,270E+1	2,739E+1	2,590E+1	2,748E+1	2,929E+1
425,820	23,724	0,000	2,582E+1	2,381E+1	2,507E+1	2,653E+1	3,203E+1	3,265E+1	2,744E+1	2,588E+1	2,750E+1	2,935E+1
425,820	23,724	0,000	2,582E+1	2,381E+1	2,507E+1	2,653E+1	3,203E+1	3,265E+1	2,744E+1	2,588E+1	2,750E+1	2,935E+1
427,838	23,793	0,000	2,575E+1	2,374E+1	2,511E+1	2,666E+1	3,206E+1	3,274E+1	2,745E+1	2,592E+1	2,751E+1	2,950E+1
427,838	23,793	0,000	2,575E+1	2,374E+1	2,511E+1	2,666E+1	3,206E+1	3,274E+1	2,745E+1	2,592E+1	2,751E+1	2,950E+1
429,855	23,793	0,000	2,569E+1	2,382E+1	2,508E+1	2,678E+1	3,215E+1	3,285E+1	2,750E+1	2,597E+1	2,751E+1	2,953E+1
429,855	23,793	0,000	2,569E+1	2,382E+1	2,508E+1	2,678E+1	3,215E+1	3,285E+1	2,750E+1	2,597E+1	2,751E+1	2,953E+1
431,873	23,755	0,000	2,571E+1	2,389E+1	2,526E+1	2,679E+1	3,214E+1	3,284E+1	2,756E+1	2,597E+1	2,760E+1	2,948E+1
431,873	23,755	0,000	2,571E+1	2,389E+1	2,526E+1	2,679E+1	3,214E+1	3,284E+1	2,756E+1	2,597E+1	2,760E+1	2,948E+1
433,892	23,847	0,000	2,576E+1	2,395E+1	2,531E+1	2,676E+1	3,222E+1	3,295E+1	2,757E+1	2,595E+1	2,762E+1	2,947E+1
433,892	23,847	0,000	2,576E+1	2,395E+1	2,531E+1	2,676E+1	3,222E+1	3,295E+1	2,757E+1	2,595E+1	2,762E+1	2,947E+1
435,910	23,958	0,000	2,583E+1	2,395E+1	2,531E+1	2,673E+1	3,227E+1	3,306E+1	2,760E+1	2,600E+1	2,766E+1	2,952E+1
435,910	23,958	0,000	2,583E+1	2,395E+1	2,531E+1	2,673E+1	3,227E+1	3,306E+1	2,760E+1	2,600E+1	2,766E+1	2,952E+1
437,929	23,885	0,000	2,592E+1	2,397E+1	2,540E+1	2,672E+1	3,231E+1	3,312E+1	2,766E+1	2,597E+1	2,770E+1	2,948E+1
437,929	23,885	0,000	2,592E+1	2,397E+1	2,540E+1	2,672E+1	3,231E+1	3,312E+1	2,766E+1	2,597E+1	2,770E+1	2,948E+1
439,945	23,941	0,000	2,590E+1	2,396E+1	2,541E+1	2,678E+1	3,244E+1	3,327E+1	2,767E+1	2,599E+1	2,776E+1	2,954E+1
439,945	23,941	0,000	2,590E+1	2,396E+1	2,541E+1	2,678E+1	3,244E+1	3,327E+1	2,767E+1	2,599E+1	2,776E+1	2,954E+1
441,964	23,923	0,000	2,608E+1	2,403E+1	2,538E+1	2,674E+1	3,249E+1	3,327E+1	2,769E+1	2,600E+1	2,783E+1	2,961E+1
441,964	23,923	0,000	2,608E+1	2,403E+1	2,538E+1	2,674E+1	3,249E+1	3,327E+1	2,769E+1	2,600E+1	2,783E+1	2,961E+1
443,980	24,052	0,000	2,615E+1	2,403E+1	2,532E+1	2,677E+1	3,249E+1	3,338E+1	2,773E+1	2,606E+1	2,789E+1	2,972E+1
443,980	24,052	0,000	2,615E+1	2,403E+1	2,532E+1	2,677E+1	3,249E+1	3,338E+1	2,773E+1	2,606E+1	2,789E+1	2,972E+1
445,999	24,062	0,000	2,617E+1	2,405E+1	2,530E+1	2,684E+1	3,255E+1	3,339E+1	2,771E+1	2,604E+1	2,791E+1	2,984E+1
445,999	24,062	0,000	2,617E+1	2,405E+1	2,530E+1	2,684E+1	3,255E+1	3,339E+1	2,771E+1	2,604E+1	2,791E+1	2,984E+1
448,017	24,103	0,000	2,628E+1	2,409E+1	2,539E+1	2,695E+1	3,255E+1	3,344E+1	2,775E+1	2,616E+1	2,794E+1	3,004E+1
448,017	24,103	0,000	2,628E+1	2,409E+1	2,539E+1	2,695E+1	3,255E+1	3,344E+1	2,775E+1	2,616E+1	2,794E+1	3,004E+1
450,033	24,124	0,000	2,628E+1	2,414E+1	2,553E+1	2,700E+1	3,264E+1	3,344E+1	2,776E+1	2,616E+1	2,793E+1	3,007E+1
450,033	24,124	0,000	2,628E+1	2,414E+1	2,553E+1	2,700E+1	3,264E+1	3,344E+1	2,776E+1	2,616E+1	2,793E+1	3,007E+1
452,054	24,162	0,000	2,630E+1	2,414E+1	2,556E+1	2,702E+1	3,270E+1	3,357E+1	2,782E+1	2,624E+1	2,789E+1	3,023E+1
452,054	24,162	0,000	2,630E+1	2,414E+1	2,556E+1	2,702E+1	3,270E+1	3,357E+1	2,782E+1	2,624E+1	2,789E+1	3,023E+1
454,070	24,182	0,000	2,635E+1	2,419E+1	2,549E+1	2,709E+1	3,275E+1	3,356E+1	2,787E+1	2,633E+1	2,792E+1	3,026E+1
454,070	24,182	0,000	2,635E+1	2,419E+1	2,549E+1	2,709E+1	3,275E+1	3,356E+1	2,787E+1	2,633E+1	2,792E+1	3,026E+1
456,091	24,205	0,000	2,625E+1	2,423E+1	2,551E+1	2,712E+1	3,276E+1	3,358E+1	2,789E+1	2,635E+1	2,794E+1	3,028E+1
456,091	24,205	0,000	2,625E+1	2,423E+1	2,551E+1	2,712E+1	3,276E+1	3,358E+1	2,789E+1	2,635E+1	2,794E+1	3,028E+1
458,109	24,248	0,000	2,631E+1	2,423E+1	2,548E+1	2,716E+1	3,276E+1	3,363E+1	2,789E+1	2,635E+1	2,802E+1	3,023E+1
458,109	24,248	0,000	2,631E+1	2,423E+1	2,548E+1	2,716E+1	3,276E+1	3,363E+1	2,789E+1	2,635E+1	2,802E+1	3,023E+1
460,126	24,352	0,000	2,625E+1	2,417E+1	2,545E+1	2,721E+1	3,280E+1	3,375E+1	2,792E+1	2,643E+1	2,807E+1	3,030E+1
460,126	24,352	0,000	2,625E+1	2,417E+1	2,545E+1	2,721E+1	3,280E+1	3,375E+1	2,792E+1	2,643E+1	2,807E+1	3,030E+1
462,144	24,220	0,000	2,621E+1	2,422E+1	2,547E+1	2,730E+1	3,284E+1	3,374E+1	2,792E+1	2,641E+1	2,805E+1	3,037E+1
462,144	24,220	0,000	2,621E+1	2,422E+1	2,547E+1	2,730E+1	3,284E+1	3,374E+1	2,792E+1	2,641E+1	2,805E+1	3,037E+1
464,165	24,165	0,000	2,615E+1	2,422E+1	2,558E+1	2,738E+1	3,283E+1	3,367E+1	2,795E+1	2,639E+1	2,802E+1	3,043E+1
464,165	24,165	0,000	2,615E+1	2,422E+1	2,558E+1	2,738E+1	3,283E+1	3,367E+1	2,795E+1	2,639E+1	2,802E+1	3,043E+1
464,165	24,165	0,000	2,615E+1	2,422E+1	2,558E+1	2,738E+1	3,283E+1	3,367E+1	2,795E+1	2,639E+1	2,802E+1	3,043E+1
466,183	24,190	0,000	2,611E+1	2,420E+1	2,554E+1	2,748E+1	3,285E+1	3,372E+1	2,798E+1	2,642E+1	2,803E+1	3,057E+1
466,183	24,190	0,000	2,611E+1	2,420E+1	2,554E+1	2,748E+1	3,285E+1	3,372E+1	2,798E+1	2,642E+1	2,803E+1	3,057E+1
468,200	24,215	0,000	2,624E+1	2,426E+1	2,548E+1	2,746E+1	3,287E+1	3,376E+1	2,800E+1	2,644E+1	2,806E+1	3,058E+1
468,200	24,215	0,000	2,624E+1	2,426E+1	2,548E+1	2,746E+1	3,287E+1	3,376E+1	2,800E+1	2,644E+1	2,806E+1	3,058E+1
470,220	24,212	0,000	2,630E+1	2,432E+1	2,549E+1	2,750E+1	3,292E+1	3,378E+1	2,802E+1	2,645E+1	2,811E+1	3,059E+1
470,220	24,212	0,000	2,630E+1	2,432E+1	2,549E+1	2,750E+1	3,292E+1	3,378E+1	2,802E+1	2,645E+1	2,811E+1	3,059E+1
472,236	24,268	0,000	2,615E+1	2,437E+1	2,564E+1	2,757E+1	3,290E+1	3,380E+1	2,806E+1	2,644E+1	2,818E+1	3,060E+1
472,236	24,268	0,000	2,615E+1	2,437E+1	2,564E+1	2,757E+1	3,290E+1	3,380E+1	2,806E+1	2,644E+1	2,818E+1	3,060E+1
474,257	24,347	0,000	2,606E+1	2,435E+1	2,566E+1	2,765E+1	3,297E+1	3,392E+1	2,809E+1	2,654E+1	2,817E+1	3,072E+1
474,257	24,347	0,000	2,606E+1	2,435E+1	2,566E+1	2,765E+1	3,297E+1	3,392E+1	2,809E+1	2,654E+1	2,817E+1	3,072E+1
476,275	24,286	0,000	2,612E+1	2,436E+1	2,564E+1	2,767E+1	3,306E+1	3,402E+1	2,809E+1	2,670E+1	2,821E+1	3,075E+1
476,275	24,286	0,000	2,612E+1	2,436E+1	2,564E+1	2,767E+1	3,306E+1	3,402E+1	2,809E+1	2,670E+1	2,821E+1	3,075E+1
478,294	24,294	0,000	2,621E+1	2,433E+1	2,562E+1	2,762E+1	3,309E+1	3,407E+1	2,815E+1	2,674E+1	2,831E+1	3,076E+1
478,294	24,294	0,000	2,621E+1	2,433E+1	2,562E+1	2,762E+1	3,309E+1	3,407E+1	2,815E+1	2,674E+1	2,831E+1	3,076E+1
480,312	24,300	0,000	2,630E+1	2,438E+1	2,563E+1	2,767E+1	3,316E+1	3,406E+1	2,820E+1	2,674E+1	2,833E+1	3,079E+1
480,312	24,300	0,000	2,630E+1	2,438E+1	2,563E+1	2,767E+1	3,316E+1	3,406E+1	2,820E+1	2,674E+1	2,833E+1	3,079E+1
482,331	24,363	0,000	2,628E+1	2,437E+1	2,558E+1	2,774E+1	3,320E+1	3,410E+1	2,823E+1	2,678E+1	2,832E+1	3,082E+1
482,331	24,363	0,000	2,628E+1	2,437E+1	2,558E+1	2,774E+1	3,320E+1	3,410E+1	2,823E+1	2,678E+1	2,832E+1	3,082E+1
484,349	24,330	0,000	2,625E+1	2,443E+1	2,566E+1	2,780E+1	3,313E+1	3,404E+1	2,832E+1	2,676E+1	2,839E+1	3,094E+1
484,349	24,330	0,000	2,625E+1	2,443E+1	2,566E+1	2,780E+1	3,313E+1	3,404E+1	2,832E+1	2,676E+1	2,839E+1	3,094E+1
486,366	24,295	0,000	2,625E+1	2,446E+1	2,570E+1	2,777E+1	3,316E+1	3,412E+1	2,832E+1	2,680E+1	2,841E+1	3,077E+1
486,366	24,295	0,000	2,625E+1	2,446E+1	2,570E+1	2,777E+1	3,316E+1	3,412E+1	2,832E+1	2,680E+1	2,841E+1	3,077E+1
488,384	24,310	0,000	2,630E+1	2,446E+1	2,564E+1	2,781E+1	3,315E+1	3,418E+1	2,836E+1	2,681E+1	2,849E+1	3,084E+1
488,384	24,310	0,000	2,630E+1	2,446E+1	2,564E+1	2,781E+1	3,315E+1	3,418E+1	2,836E+1	2,681E+1	2,849E+1	3,084E+1
490,403	24,312	0,000	2,638E+1	2,447E+1	2,567E+1	2,772E+1	3,316E+1	3,420E+1	2,838E+1	2,679E+1	2,856E+1	3,074E+1
490,403	24,312	0,000	2,638E+1	2,447E+1	2,567E+1	2,772E+1	3,316E+1	3,420E+1	2,838E+1	2,679E+1	2,856E+1	3,074E+1
492,419	24,358	0,000	2,645E+1	2,449E+1	2,574E+1	2,773E+1	3,324E+1	3,422E+1	2,841E+1	2,683E+1	2,855E+1	3,056E+1
