t	PC(E)	PL(E)	PC(T)	PL(T)	Vel
0,000	0,000	0,000	0,000E+0	0,000E+0	0,000E+0
0,002	1,090	0,000	1,090E+0	1,090E+0	0,000E+0
1,002	1,080	0,000	1,080E+0	1,080E+0	0,000E+0
2,002	1,140	0,000	1,080E+0	1,080E+0	0,000E+0
3,003	1,020	0,000	1,020E+0	1,020E+0	0,000E+0
4,003	1,160	0,000	1,020E+0	1,020E+0	0,000E+0
5,004	1,050	0,000	1,160E+0	0,000E+0	0,000E+0
6,006	1,050	0,000	1,050E+0	1,050E+0	0,000E+0
7,006	1,020	0,000	1,020E+0	1,020E+0	0,000E+0
8,007	1,110	0,000	1,110E+0	1,110E+0	0,000E+0
9,006	1,040	0,000	1,040E+0	1,040E+0	0,000E+0
10,006	0,960	0,000	9,600E-1	9,600E-1	0,000E+0
11,007	1,200	0,000	1,066E+0	1,066E+0	0,000E+0
12,006	1,200	0,000	1,200E+0	1,200E+0	0,000E+0
13,007	1,120	0,000	1,120E+0	1,120E+0	0,000E+0
14,006	1,090	0,000	1,090E+0	1,090E+0	0,000E+0
15,006	1,080	0,000	1,080E+0	1,080E+0	0,000E+0
16,006	1,100	0,000	1,100E+0	1,100E+0	0,000E+0
17,006	1,100	0,000	1,095E+0	1,095E+0	0,000E+0
18,007	1,120	0,000	1,100E+0	1,100E+0	0,000E+0
19,008	1,120	0,000	1,120E+0	1,120E+0	0,000E+0
20,007	1,100	0,000	1,080E+0	1,080E+0	0,000E+0
21,007	1,050	0,000	1,100E+0	1,100E+0	0,000E+0
22,008	1,150	0,000	1,050E+0	0,000E+0	0,000E+0
23,010	1,150	0,000	1,150E+0	1,150E+0	0,000E+0
24,009	1,180	0,000	1,180E+0	1,180E+0	0,000E+0
25,009	1,100	0,000	1,100E+0	1,100E+0	0,000E+0
26,009	1,010	0,000	1,010E+0	1,010E+0	0,000E+0
27,010	1,120	0,000	1,120E+0	1,120E+0	0,000E+0
28,010	1,050	0,000	1,120E+0	0,000E+0	0,000E+0
29,010	1,050	0,000	1,050E+0	1,050E+0	0,000E+0
30,010	1,050	0,000	1,050E+0	1,050E+0	0,000E+0
31,010	1,300	0,000	1,300E+0	1,300E+0	0,000E+0
32,011	1,160	0,000	1,160E+0	1,160E+0	0,000E+0
33,010	1,220	0,000	1,220E+0	1,220E+0	0,000E+0
34,010	1,080	0,000	1,171E+0	1,171E+0	0,000E+0
35,012	1,080	0,000	1,080E+0	1,080E+0	0,000E+0
36,012	1,180	0,000	1,180E+0	1,180E+0	0,000E+0
37,013	1,200	0,000	1,200E+0	1,200E+0	0,000E+0
38,013	1,140	0,000	1,140E+0	1,140E+0	0,000E+0
39,013	1,100	0,000	1,100E+0	1,100E+0	0,000E+0
40,014	1,090	0,000	1,090E+0	1,090E+0	0,000E+0
41,014	1,080	0,000	1,090E+0	1,090E+0	0,000E+0
42,015	1,070	0,000	1,080E+0	1,080E+0	0,000E+0
43,016	1,070	0,000	1,070E+0	1,070E+0	0,000E+0
44,016	1,150	0,000	1,070E+0	1,070E+0	0,000E+0
45,017	1,050	0,000	1,150E+0	0,000E+0	0,000E+0
46,017	1,050	0,000	1,050E+0	1,050E+0	0,000E+0
47,018	1,050	0,000	1,050E+0	1,050E+0	0,000E+0
48,019	1,040	0,000	1,040E+0	1,040E+0	0,000E+0
49,019	1,180	0,000	1,180E+0	1,180E+0	0,000E+0
50,021	1,070	0,000	1,070E+0	1,070E+0	0,000E+0
51,022	1,080	0,000	1,070E+0	0,000E+0	0,000E+0
52,021	1,080	0,000	1,080E+0	1,080E+0	0,000E+0
53,022	1,230	0,000	1,230E+0	1,230E+0	0,000E+0
54,022	1,100	0,000	1,100E+0	1,100E+0	0,000E+0
55,023	1,090	0,000	1,090E+0	1,090E+0	0,000E+0
56,023	1,080	0,000	1,080E+0	1,080E+0	0,000E+0
57,024	1,120	0,000	1,122E+0	1,122E+0	0,000E+0
58,025	1,120	0,000	1,120E+0	1,120E+0	0,000E+0
59,025	1,110	0,000	1,110E+0	1,110E+0	0,000E+0
60,025	1,120	0,000	1,120E+0	1,120E+0	0,000E+0
61,025	1,160	0,000	1,160E+0	1,160E+0	0,000E+0
62,026	1,150	0,000	1,150E+0	1,150E+0	0,000E+0
63,026	1,110	0,000	1,110E+0	1,110E+0	0,000E+0
64,026	1,110	0,000	1,110E+0	1,110E+0	0,000E+0
65,026	1,100	0,000	1,110E+0	1,110E+0	0,000E+0
66,026	1,150	0,000	1,100E+0	1,100E+0	0,000E+0
67,026	1,130	0,000	1,150E+0	1,150E+0	0,000E+0
68,026	1,100	0,000	1,130E+0	0,000E+0	0,000E+0
69,026	1,100	0,000	1,100E+0	1,100E+0	0,000E+0
70,026	1,130	0,000	1,130E+0	1,130E+0	0,000E+0
71,026	1,050	0,000	1,050E+0	1,050E+0	0,000E+0
72,026	1,040	0,000	1,040E+0	1,040E+0	0,000E+0
73,026	1,090	0,000	1,090E+0	1,090E+0	0,000E+0
74,027	1,090	0,000	1,090E+0	0,000E+0	0,000E+0
75,027	1,090	0,000	1,090E+0	1,090E+0	0,000E+0
76,027	1,140	0,000	1,140E+0	1,140E+0	0,000E+0
77,028	1,030	0,000	1,030E+0	1,030E+0	0,000E+0
78,028	1,110	0,000	1,110E+0	1,110E+0	0,000E+0
79,029	1,050	0,000	1,050E+0	1,050E+0	0,000E+0
80,028	1,040	0,000	1,088E+0	1,088E+0	0,000E+0
81,029	1,040	0,000	1,040E+0	1,040E+0	0,000E+0
82,030	1,030	0,000	1,030E+0	1,030E+0	0,000E+0
83,031	1,150	0,000	1,150E+0	1,150E+0	0,000E+0
84,031	1,140	0,000	1,140E+0	1,140E+0	0,000E+0
85,031	1,120	0,000	1,120E+0	1,120E+0	0,000E+0
86,033	0,890	0,000	8,900E-1	8,900E-1	0,000E+0
87,034	1,050	0,000	8,900E-1	8,900E-1	0,000E+0
88,034	1,120	0,000	1,050E+0	1,050E+0	0,000E+0
89,034	1,150	0,000	1,120E+0	1,120E+0	0,000E+0
90,035	1,040	0,000	1,150E+0	1,150E+0	0,000E+0
91,035	1,040	0,000	1,040E+0	0,000E+0	0,000E+0
92,036	1,200	0,000	1,200E+0	1,200E+0	0,000E+0
93,036	1,130	0,000	1,130E+0	1,130E+0	0,000E+0
94,036	1,090	0,000	1,090E+0	1,090E+0	0,000E+0
95,036	1,130	0,000	1,130E+0	1,130E+0	0,000E+0
96,036	1,170	0,000	1,170E+0	1,170E+0	0,000E+0
97,036	1,090	0,000	1,115E+0	1,115E+0	0,000E+0
98,036	1,080	0,000	1,090E+0	1,090E+0	0,000E+0
99,037	1,080	0,000	1,080E+0	1,080E+0	0,000E+0
100,036	1,110	0,000	1,110E+0	1,110E+0	0,000E+0
101,036	1,120	0,000	1,120E+0	1,120E+0	0,000E+0
102,036	1,030	0,000	1,030E+0	1,030E+0	0,000E+0
103,037	1,040	0,000	1,040E+0	1,040E+0	0,000E+0
104,037	1,040	0,000	1,040E+0	1,040E+0	0,000E+0
105,039	1,120	0,000	1,120E+0	1,120E+0	0,000E+0
106,038	1,080	0,000	1,120E+0	1,120E+0	0,000E+0
107,039	1,140	0,000	1,080E+0	1,080E+0	0,000E+0
108,038	1,140	0,000	1,140E+0	0,000E+0	0,000E+0
109,039	1,100	0,000	1,100E+0	1,100E+0	0,000E+0
110,039	1,490	0,000	1,490E+0	1,490E+0	0,000E+0
111,040	1,230	0,000	1,230E+0	1,230E+0	0,000E+0
112,040	0,830	0,000	8,300E-1	8,300E-1	0,000E+0
113,040	1,120	0,000	1,120E+0	1,120E+0	0,000E+0
114,041	1,050	0,000	1,132E+0	1,132E+0	0,000E+0
115,041	1,050	0,000	1,050E+0	1,050E+0	0,000E+0
116,041	0,960	0,000	9,600E-1	9,600E-1	0,000E+0
117,041	1,090	0,000	1,090E+0	1,090E+0	0,000E+0
118,042	1,140	0,000	1,140E+0	1,140E+0	0,000E+0
119,042	1,080	0,000	1,080E+0	1,080E+0	0,000E+0
120,042	1,020	0,000	1,073E+0	1,073E+0	0,000E+0
121,043	1,020	0,000	1,020E+0	1,020E+0	0,000E+0
122,043	1,110	0,000	1,120E+0	1,120E+0	0,000E+0
123,044	1,120	0,000	1,110E+0	1,110E+0	0,000E+0
124,044	1,110	0,000	1,120E+0	1,120E+0	0,000E+0
125,044	1,110	0,000	1,110E+0	1,110E+0	0,000E+0
126,044	1,110	0,000	1,110E+0	1,110E+0	0,000E+0
127,044	1,100	0,000	1,110E+0	1,110E+0	0,000E+0
128,044	1,140	0,000	1,100E+0	1,100E+0	0,000E+0
129,045	1,030	0,000	1,140E+0	1,140E+0	0,000E+0
130,047	1,090	0,000	1,030E+0	1,030E+0	0,000E+0
131,047	1,120	0,000	1,090E+0	0,000E+0	0,000E+0
132,046	1,120	0,000	1,120E+0	1,120E+0	0,000E+0
133,046	1,010	0,000	1,010E+0	1,010E+0	0,000E+0
134,046	1,000	0,000	1,000E+0	1,000E+0	0,000E+0
135,046	1,020	0,000	1,020E+0	1,020E+0	0,000E+0
136,046	1,150	0,000	1,150E+0	1,150E+0	0,000E+0
137,047	1,160	0,000	1,150E+0	0,000E+0	0,000E+0
138,047	1,160	0,000	1,160E+0	1,160E+0	0,000E+0
139,047	1,240	0,000	1,240E+0	1,240E+0	0,000E+0
140,049	1,070	0,000	1,070E+0	1,070E+0	0,000E+0
141,048	1,190	0,000	1,190E+0	1,190E+0	0,000E+0
142,049	1,070	0,000	1,070E+0	1,070E+0	0,000E+0
143,050	1,070	0,000	1,119E+0	1,119E+0	0,000E+0
144,049	1,070	0,000	1,070E+0	1,070E+0	2,000E+3
145,049	1,080	0,000	1,080E+0	1,080E+0	2,000E+3
146,049	4,860	1,830	4,860E+0	4,860E+0	2,000E+3
147,049	54,300	46,060	5,430E+1	5,430E+1	2,000E+3
148,050	97,060	28,960	9,706E+1	9,706E+1	2,000E+3
149,050	22,190	18,340	2,219E+1	2,219E+1	2,000E+3
150,050	21,450	17,910	2,219E+1	2,219E+1	2,000E+3
151,050	21,270	17,690	2,145E+1	2,145E+1	2,000E+3
152,050	21,090	17,160	2,127E+1	2,127E+1	2,000E+3
153,050	18,260	14,820	2,109E+1	2,109E+1	2,000E+3
154,051	19,410	15,200	1,826E+1	1,658E+1	2,000E+3
155,051	19,410	15,200	1,941E+1	1,941E+1	2,000E+3
156,051	24,440	20,640	1,941E+1	1,941E+1	2,000E+3
157,051	24,450	20,550	2,444E+1	2,444E+1	2,000E+3
158,053	24,530	20,550	2,453E+1	2,453E+1	2,000E+3
159,052	24,280	20,420	2,428E+1	2,428E+1	2,000E+3
160,052	23,690	20,440	2,428E+1	2,054E+1	2,000E+3
161,052	23,690	20,440	2,369E+1	2,369E+1	2,000E+3
162,052	23,920	20,380	2,392E+1	2,392E+1	2,000E+3
163,052	23,980	20,440	2,398E+1	2,398E+1	2,000E+3
164,052	23,850	20,280	2,385E+1	2,385E+1	2,000E+3
165,052	23,890	20,360	2,389E+1	2,389E+1	2,000E+3
166,052	24,350	20,270	2,417E+1	2,417E+1	2,000E+3
167,052	24,350	20,270	2,435E+1	2,435E+1	2,000E+3
168,052	24,230	20,280	2,423E+1	2,423E+1	2,000E+3
169,052	23,810	20,220	2,381E+1	2,381E+1	2,000E+3
170,053	24,100	20,300	2,410E+1	2,410E+1	2,000E+3
171,053	24,850	20,190	2,485E+1	2,485E+1	2,000E+3
172,053	24,260	20,270	2,428E+1	2,428E+1	2,000E+3
173,053	24,260	20,270	2,426E+1	2,426E+1	2,000E+3
174,054	24,200	20,240	2,420E+1	2,420E+1	2,000E+3
175,055	23,980	20,110	2,398E+1	2,398E+1	2,000E+3
176,055	24,030	20,210	2,403E+1	2,403E+1	2,000E+3
177,055	23,620	20,160	2,362E+1	2,362E+1	2,000E+3
178,056	23,940	20,140	2,394E+1	2,394E+1	2,000E+3
179,055	143,360	134,900	2,394E+1	2,394E+1	2,000E+3
180,055	236,710	229,850	1,434E+2	1,434E+2	2,000E+3
181,055	257,350	259,030	2,367E+2	2,367E+2	2,000E+3
182,055	270,150	275,530	2,574E+2	2,574E+2	2,000E+3
183,055	270,150	275,530	2,701E+2	2,701E+2	2,000E+3
184,055	274,860	282,610	2,366E+2	2,366E+2	2,000E+3
185,056	278,770	288,910	2,749E+2	2,749E+2	2,000E+3
186,056	278,750	289,320	2,788E+2	2,788E+2	2,000E+3
187,057	278,720	289,660	2,788E+2	2,788E+2	2,000E+3
188,056	278,720	289,660	2,787E+2	2,787E+2	2,000E+3
189,056	278,060	289,270	2,785E+2	2,785E+2	2,000E+3
190,057	279,650	289,600	2,781E+2	2,781E+2	2,000E+3
191,056	278,430	289,290	2,796E+2	2,796E+2	2,000E+3
192,056	280,090	290,280	2,784E+2	2,784E+2	2,000E+3
193,056	280,090	290,280	2,801E+2	2,801E+2	2,000E+3
194,056	280,600	290,400	2,789E+2	2,789E+2	2,000E+3
195,056	279,460	289,660	2,806E+2	2,806E+2	2,000E+3
196,056	278,610	289,320	2,795E+2	2,795E+2	2,000E+3
197,056	278,610	289,320	2,786E+2	2,786E+2	2,000E+3
198,056	277,500	289,600	2,786E+2	2,786E+2	2,000E+3
199,057	278,300	290,170	2,800E+2	2,800E+2	2,000E+3
200,057	277,070	289,340	2,783E+2	2,783E+2	2,000E+3
201,059	271,850	290,130	2,771E+2	2,771E+2	2,000E+3
202,059	257,900	290,180	2,719E+2	2,719E+2	2,000E+3
203,058	254,870	290,130	2,579E+2	2,579E+2	2,000E+3
204,058	254,870	290,130	2,549E+2	2,549E+2	2,000E+3
205,059	264,890	289,880	2,661E+2	2,661E+2	2,000E+3
206,059	268,610	290,360	2,649E+2	2,649E+2	2,000E+3
207,059	278,230	289,020	2,686E+2	2,686E+2	2,000E+3
208,060	280,380	290,520	2,782E+2	2,782E+2	2,000E+3
209,061	280,380	290,520	2,804E+2	2,804E+2	2,000E+3
210,061	277,550	290,660	2,798E+2	2,798E+2	2,000E+3
211,062	277,550	290,660	2,775E+2	2,775E+2	2,000E+3
212,064	276,930	290,580	2,792E+2	2,792E+2	2,000E+3
213,064	276,930	290,580	2,769E+2	2,769E+2	2,000E+3
214,065	278,680	291,240	2,784E+2	2,784E+2	2,000E+3
215,065	280,070	290,340	2,787E+2	2,787E+2	2,000E+3
216,065	280,070	290,340	2,801E+2	2,801E+2	2,000E+3
217,066	280,490	290,860	2,789E+2	2,789E+2	2,000E+3
218,066	280,230	290,850	2,805E+2	2,805E+2	2,000E+3
219,066	280,630	291,250	2,802E+2	2,802E+2	2,000E+3
220,066	279,670	290,910	2,806E+2	2,806E+2	2,000E+3
221,068	280,990	291,270	2,797E+2	2,797E+2	2,000E+3
222,068	279,600	290,900	2,810E+2	2,810E+2	2,000E+3
223,069	192,920	194,690	2,796E+2	2,796E+2	2,000E+3
224,068	29,760	25,880	2,976E+1	2,976E+1	2,000E+3
225,069	29,910	25,500	2,976E+1	2,976E+1	2,000E+3
226,069	29,480	25,200	2,991E+1	2,991E+1	2,000E+3
227,069	28,660	25,160	2,866E+1	2,866E+1	2,000E+3
228,069	28,750	25,110	2,866E+1	2,866E+1	2,000E+3
229,070	29,130	25,080	2,875E+1	2,524E+1	2,000E+3
230,070	29,130	25,080	2,913E+1	2,913E+1	2,000E+3
231,071	28,990	25,110	2,913E+1	2,913E+1	2,000E+3
232,070	29,570	25,040	2,899E+1	2,899E+1	2,000E+3
233,071	29,630	25,130	2,963E+1	2,963E+1	2,000E+3
234,071	29,000	24,990	2,900E+1	2,900E+1	2,000E+3
235,072	151,640	144,210	2,900E+1	4,900E+1	2,000E+3
236,074	151,640	144,210	1,516E+2	1,516E+2	2,000E+3
237,075	256,680	256,520	1,516E+2	1,516E+2	2,000E+3
238,075	269,370	274,760	2,567E+2	2,567E+2	2,000E+3
239,076	276,010	284,580	2,694E+2	2,694E+2	2,000E+3
240,077	279,230	289,250	2,792E+2	2,792E+2	2,000E+3
241,077	280,730	290,070	2,792E+2	2,792E+2	2,000E+3
242,078	273,980	279,480	2,807E+2	2,807E+2	2,000E+3
243,079	33,320	28,620	2,740E+2	2,740E+2	2,000E+3
244,079	29,820	25,710	2,982E+1	2,982E+1	2,000E+3
245,079	28,650	25,060	2,982E+1	2,982E+1	2,000E+3
246,079	29,210	25,150	2,865E+1	2,865E+1	2,000E+3
247,080	29,380	25,060	2,921E+1	2,921E+1	2,000E+3
248,080	29,720	25,060	2,938E+1	2,938E+1	2,000E+3
249,080	29,520	25,060	2,972E+1	2,511E+1	2,000E+3
250,080	29,520	25,060	2,952E+1	2,952E+1	2,000E+3
251,080	29,520	25,070	2,952E+1	2,952E+1	2,000E+3
252,080	29,640	25,070	2,952E+1	2,952E+1	2,000E+3
253,080	28,950	25,080	2,964E+1	2,964E+1	2,000E+3
254,081	29,700	25,030	2,970E+1	2,970E+1	2,000E+3
255,080	29,610	25,060	2,970E+1	2,508E+1	2,000E+3
256,081	29,610	25,060	2,961E+1	2,961E+1	2,000E+3
257,081	29,120	25,020	2,912E+1	2,912E+1	2,000E+3
258,081	28,600	24,980	2,860E+1	2,860E+1	2,000E+3
259,082	28,520	25,080	2,852E+1	2,852E+1	2,000E+3
260,083	28,520	25,010	2,852E+1	2,852E+1	2,000E+3
261,083	28,560	25,060	2,902E+1	2,902E+1	2,000E+3
262,083	28,560	25,060	2,856E+1	2,856E+1	2,000E+3
263,083	28,940	25,050	2,894E+1	2,894E+1	2,000E+3
264,084	29,050	24,980	2,905E+1	2,905E+1	2,000E+3
265,084	28,140	25,000	2,814E+1	2,814E+1	2,000E+3
266,085	28,900	25,040	2,890E+1	2,890E+1	2,000E+3
267,086	29,480	25,030	2,948E+1	2,948E+1	2,000E+3
268,087	29,480	25,030	2,948E+1	2,948E+1	2,000E+3
269,088	28,430	25,020	2,900E+1	2,900E+1	2,000E+3
270,087	28,940	24,820	2,843E+1	2,843E+1	2,000E+3
271,088	29,370	25,060	2,894E+1	2,894E+1	2,000E+3
272,088	28,920	25,020	2,937E+1	2,502E+1	2,000E+3
273,088	28,920	25,020	2,892E+1	2,892E+1	2,000E+3
274,088	29,030	24,940	2,892E+1	2,892E+1	2,000E+3
275,088	28,560	25,040	2,903E+1	2,903E+1	2,000E+3
276,088	28,910	24,950	2,856E+1	2,856E+1	2,000E+3
277,088	29,070	24,970	2,891E+1	2,891E+1	2,000E+3
278,088	28,400	24,880	2,907E+1	2,498E+1	2,000E+3
279,088	28,400	24,880	2,840E+1	2,840E+1	2,000E+3
280,088	29,120	25,090	2,840E+1	2,840E+1	2,000E+3
281,088	28,530	25,010	2,853E+1	2,853E+1	2,000E+3
282,089	28,400	25,040	2,853E+1	2,853E+1	2,000E+3
283,089	29,050	24,960	2,905E+1	2,905E+1	2,000E+3
284,089	28,930	24,940	2,899E+1	2,899E+1	2,000E+3
285,089	28,930	24,940	2,893E+1	2,893E+1	2,000E+3
286,089	28,410	25,000	2,841E+1	2,841E+1	2,000E+3
287,089	28,730	24,830	2,873E+1	2,873E+1	2,000E+3
288,089	28,570	25,020	2,857E+1	2,857E+1	2,000E+3
289,089	29,230	24,950	2,923E+1	2,923E+1	2,000E+3
290,089	28,840	24,990	2,888E+1	2,888E+1	2,000E+3
291,089	28,840	24,990	2,884E+1	2,884E+1	2,000E+3
292,089	28,450	24,970	2,845E+1	2,845E+1	2,000E+3
293,089	28,460	24,970	2,846E+1	2,846E+1	2,000E+3
294,090	28,580	24,920	2,858E+1	2,858E+1	2,000E+3
295,090	28,360	24,930	2,836E+1	2,494E+1	2,000E+3
296,091	28,930	24,780	2,893E+1	2,893E+1	2,000E+3
297,091	29,330	24,990	2,893E+1	2,893E+1	2,000E+3
298,092	28,850	24,880	2,885E+1	2,885E+1	2,000E+3
299,092	28,610	24,940	2,861E+1	2,861E+1	2,000E+3
300,092	28,840	24,960	2,884E+1	2,884E+1	2,000E+3
301,092	29,080	24,910	2,884E+1	2,495E+1	2,000E+3
302,092	29,080	24,910	2,908E+1	2,908E+1	2,000E+3
303,094	28,570	24,790	2,857E+1	2,857E+1	2,000E+3
304,094	28,470	24,980	2,847E+1	2,847E+1	2,000E+3
305,094	28,370	24,840	2,837E+1	2,837E+1	2,000E+3
306,095	28,460	24,890	2,846E+1	2,846E+1	2,000E+3
307,095	28,440	24,930	2,893E+1	2,893E+1	2,000E+3
308,095	28,440	24,930	2,844E+1	2,844E+1	2,000E+3
309,095	28,440	24,770	2,844E+1	2,844E+1	2,000E+3
310,095	28,480	24,980	2,848E+1	2,848E+1	2,000E+3
311,095	28,870	24,910	2,887E+1	2,887E+1	2,000E+3
312,095	29,470	24,820	2,947E+1	2,947E+1	2,000E+3
313,095	29,220	24,870	2,895E+1	2,895E+1	2,000E+3
314,096	29,220	24,870	2,922E+1	2,922E+1	2,000E+3
315,095	28,900	24,900	2,890E+1	2,890E+1	2,000E+3
316,095	28,340	24,870	2,834E+1	2,834E+1	2,000E+3
317,095	28,480	24,930	2,848E+1	2,848E+1	2,000E+3
318,095	28,870	24,920	2,887E+1	2,490E+1	2,000E+3
319,095	28,860	24,730	2,886E+1	2,886E+1	2,000E+3
320,096	29,650	24,950	2,886E+1	2,886E+1	2,000E+3
321,096	28,360	24,880	2,965E+1	2,965E+1	2,000E+3
322,096	29,270	24,820	2,927E+1	2,927E+1	2,000E+3
323,096	29,260	24,860	2,927E+1	2,927E+1	2,000E+3
324,096	29,320	24,800	2,926E+1	2,489E+1	2,000E+3
325,096	29,320	24,800	2,932E+1	2,932E+1	2,000E+3
326,097	28,300	24,830	2,932E+1	2,932E+1	2,000E+3
327,096	28,320	24,860	2,830E+1	2,830E+1	2,000E+3
328,096	28,340	24,830	2,834E+1	2,834E+1	2,000E+3
329,096	28,270	24,840	2,827E+1	2,827E+1	2,000E+3
330,096	28,300	24,790	2,827E+1	2,487E+1	2,000E+3
331,096	28,300	24,790	2,830E+1	2,830E+1	2,000E+3
332,097	28,800	24,890	2,880E+1	2,880E+1	2,000E+3
333,098	28,810	24,840	2,881E+1	2,881E+1	2,000E+3
334,098	28,820	24,760	2,882E+1	2,882E+1	2,000E+3
335,099	29,320	24,820	2,932E+1	2,932E+1	2,000E+3
336,099	29,290	24,810	2,873E+1	2,873E+1	2,000E+3
337,100	29,290	24,810	2,929E+1	2,929E+1	2,000E+3
338,100	28,770	24,740	2,877E+1	2,877E+1	2,000E+3
339,100	29,430	24,830	2,943E+1	2,943E+1	2,000E+3
340,100	29,090	24,760	2,909E+1	2,909E+1	2,000E+3
341,100	28,860	24,750	2,886E+1	2,886E+1	2,000E+3
342,100	29,130	24,730	2,913E+1	2,913E+1	2,000E+3
343,100	29,130	24,730	2,913E+1	2,913E+1	2,000E+3
344,100	29,190	24,780	2,919E+1	2,919E+1	2,000E+3
345,100	29,290	24,790	2,922E+1	2,922E+1	2,000E+3
346,100	29,090	24,830	2,929E+1	2,929E+1	2,000E+3
347,101	29,340	24,740	2,909E+1	2,481E+1	2,000E+3
348,102	29,340	24,740	2,934E+1	2,934E+1	2,000E+3
349,102	29,230	24,700	2,934E+1	2,934E+1	2,000E+3
350,103	28,860	24,800	2,923E+1	2,923E+1	2,000E+3
351,103	28,250	24,740	2,886E+1	2,886E+1	2,000E+3
352,104	28,460	24,770	2,846E+1	2,846E+1	2,000E+3
353,104	28,560	24,800	2,846E+1	2,480E+1	2,000E+3
354,105	28,560	24,800	2,856E+1	2,856E+1	2,000E+3
355,105	28,570	24,760	2,857E+1	2,857E+1	2,000E+3
356,105	28,200	24,790	2,857E+1	2,857E+1	2,000E+3
357,106	28,530	24,750	2,853E+1	2,853E+1	2,000E+3
358,107	27,990	24,730	2,799E+1	2,799E+1	2,000E+3
359,108	27,990	24,730	2,799E+1	2,478E+1	2,000E+3
360,108	28,170	24,690	2,817E+1	2,817E+1	2,000E+3
361,109	29,280	24,780	2,928E+1	2,928E+1	2,000E+3
362,108	28,630	24,800	2,863E+1	2,863E+1	2,000E+3
363,108	28,720	24,760	2,872E+1	2,872E+1	2,000E+3
364,108	29,190	24,720	2,919E+1	2,919E+1	2,000E+3
365,108	29,260	24,790	2,875E+1	2,875E+1	2,000E+3
366,108	29,260	24,790	2,926E+1	2,926E+1	2,000E+3
367,108	28,900	24,770	2,890E+1	2,890E+1	2,000E+3
368,108	28,670	24,780	2,867E+1	2,867E+1	2,000E+3
369,108	28,400	24,830	2,840E+1	2,840E+1	2,000E+3
370,108	28,440	24,770	2,844E+1	2,844E+1	2,000E+3
371,108	28,230	24,770	2,895E+1	2,895E+1	2,000E+3
372,108	28,230	24,770	2,823E+1	2,823E+1	2,000E+3
373,109	28,330	24,740	2,833E+1	2,833E+1	2,000E+3
374,110	28,740	24,830	2,874E+1	2,874E+1	2,000E+3
375,110	28,800	24,790	2,880E+1	2,880E+1	2,000E+3
376,110	28,720	24,740	2,872E+1	2,872E+1	2,000E+3
377,110	29,330	24,870	2,875E+1	2,875E+1	2,000E+3
378,110	29,330	24,870	2,933E+1	2,933E+1	2,000E+3
379,110	28,160	24,660	2,816E+1	2,816E+1	2,000E+3
380,110	29,060	24,780	2,906E+1	2,906E+1	2,000E+3
381,110	29,060	24,740	2,925E+1	2,925E+1	2,000E+3
382,110	29,060	24,740	2,906E+1	2,906E+1	2,000E+3
383,111	28,760	24,690	2,876E+1	2,876E+1	2,000E+3
384,111	28,300	24,760	2,876E+1	2,876E+1	2,000E+3
385,113	28,340	24,720	2,830E+1	2,830E+1	2,000E+3
386,113	28,670	24,670	2,834E+1	2,834E+1	2,000E+3
387,113	28,210	24,690	2,867E+1	2,867E+1	2,000E+3
388,113	28,180	24,720	2,821E+1	2,474E+1	2,000E+3
389,114	28,180	24,720	2,818E+1	2,818E+1	2,000E+3
390,116	29,080	24,790	2,818E+1	2,818E+1	2,000E+3
391,115	28,540	24,660	2,908E+1	2,908E+1	2,000E+3
392,115	28,710	24,810	2,871E+1	2,871E+1	2,000E+3
393,116	28,080	24,570	2,808E+1	2,808E+1	2,000E+3
394,116	28,080	24,570	2,808E+1	2,473E+1	2,000E+3
395,116	28,240	24,720	2,824E+1	2,824E+1	2,000E+3
396,116	29,200	24,740	2,920E+1	2,920E+1	2,000E+3
397,116	29,010	24,670	2,901E+1	2,901E+1	2,000E+3
398,116	28,860	24,790	2,886E+1	2,886E+1	2,000E+3
399,116	28,670	24,670	2,867E+1	2,867E+1	2,000E+3
400,117	28,660	24,660	2,870E+1	2,870E+1	2,000E+3
401,118	28,660	24,660	2,866E+1	2,866E+1	2,000E+3
402,118	29,090	24,700	2,909E+1	2,909E+1	2,000E+3
403,118	29,120	24,690	2,912E+1	2,912E+1	2,000E+3
404,118	29,130	24,680	2,913E+1	2,913E+1	2,000E+3
405,118	29,020	24,720	2,902E+1	2,902E+1	2,000E+3
406,118	29,290	24,730	2,929E+1	2,929E+1	2,000E+3
407,119	29,290	24,730	2,929E+1	2,929E+1	2,000E+3
408,119	28,970	24,660	2,808E+1	2,808E+1	2,000E+3
409,119	28,580	24,650	2,897E+1	2,897E+1	2,000E+3
410,119	28,310	24,720	2,858E+1	2,858E+1	2,000E+3
411,119	28,310	24,720	2,831E+1	2,831E+1	2,000E+3
412,119	28,210	24,700	2,821E+1	2,821E+1	2,000E+3
413,119	28,730	24,710	2,821E+1	2,821E+1	2,000E+3
414,120	28,730	24,710	2,873E+1	2,873E+1	2,000E+3
415,120	28,430	24,600	2,903E+1	2,903E+1	2,000E+3
416,121	28,530	24,770	2,843E+1	2,843E+1	2,000E+3
417,122	28,530	24,770	2,853E+1	2,469E+1	2,000E+3
418,122	29,060	24,560	2,906E+1	2,906E+1	2,000E+3
419,122	29,450	24,700	2,945E+1	2,945E+1	2,000E+3
420,123	28,950	24,600	2,895E+1	2,895E+1	2,000E+3
421,123	28,800	24,650	2,895E+1	2,895E+1	2,000E+3
422,124	28,750	24,610	2,875E+1	2,875E+1	2,000E+3
423,124	28,510	24,650	2,864E+1	2,864E+1	2,000E+3
424,124	28,510	24,650	2,851E+1	2,851E+1	2,000E+3
425,125	28,140	24,660	2,814E+1	2,814E+1	2,000E+3
426,125	28,210	24,590	2,821E+1	2,821E+1	2,000E+3
427,125	28,500	24,610	2,850E+1	2,850E+1	2,000E+3
428,126	29,090	24,720	2,909E+1	2,909E+1	2,000E+3
429,126	29,090	24,620	2,847E+1	2,847E+1	2,000E+3
430,126	29,090	24,620	2,909E+1	2,909E+1	2,000E+3
431,126	28,160	24,570	2,816E+1	2,816E+1	2,000E+3
432,126	28,580	24,650	2,858E+1	2,858E+1	2,000E+3
433,127	29,030	24,660	2,903E+1	2,903E+1	2,000E+3
434,127	28,860	24,590	2,886E+1	2,464E+1	2,000E+3
435,127	29,160	24,610	2,916E+1	2,916E+1	2,000E+3
436,127	28,310	24,660	2,916E+1	2,916E+1	2,000E+3
437,128	28,760	24,690	2,876E+1	2,876E+1	2,000E+3
438,129	28,530	24,620	2,853E+1	2,853E+1	2,000E+3
439,130	28,210	24,660	2,821E+1	2,821E+1	2,000E+3
440,131	28,230	24,710	2,821E+1	2,470E+1	2,000E+3
441,131	28,230	24,710	2,823E+1	2,823E+1	2,000E+3
442,131	28,800	24,720	2,880E+1	2,880E+1	2,000E+3
443,131	28,500	24,590	2,850E+1	2,850E+1	2,000E+3
444,131	27,950	24,690	2,795E+1	2,795E+1	2,000E+3
445,131	28,140	24,670	2,814E+1	2,814E+1	2,000E+3
446,131	28,320	24,600	2,879E+1	2,879E+1	2,000E+3
447,131	28,320	24,600	2,832E+1	2,832E+1	2,000E+3
448,132	28,560	24,570	2,795E+1	2,795E+1	2,000E+3
449,132	28,560	24,570	2,856E+1	2,856E+1	2,000E+3
450,132	28,410	24,600	2,841E+1	2,841E+1	2,000E+3
451,132	28,530	24,760	2,853E+1	2,853E+1	2,000E+3
452,132	29,130	24,590	2,913E+1	2,913E+1	2,000E+3
453,132	28,720	24,610	2,913E+1	2,913E+1	2,000E+3
454,133	28,090	24,690	2,872E+1	2,872E+1	2,000E+3
455,132	27,970	24,470	2,809E+1	2,809E+1	2,000E+3
456,132	28,030	24,530	2,797E+1	2,797E+1	2,000E+3
457,132	28,040	24,590	2,803E+1	2,461E+1	2,000E+3
458,133	28,040	24,590	2,804E+1	2,804E+1	2,000E+3
459,133	28,620	24,620	2,804E+1	2,804E+1	2,000E+3
460,135	28,760	24,570	2,876E+1	2,876E+1	2,000E+3
461,134	28,570	24,610	2,857E+1	2,857E+1	2,000E+3
462,134	28,270	24,620	2,827E+1	2,827E+1	2,000E+3
463,134	29,190	24,640	2,827E+1	2,463E+1	2,000E+3
464,135	29,190	24,640	2,919E+1	2,919E+1	2,000E+3
465,135	28,620	24,660	2,862E+1	2,862E+1	2,000E+3
466,135	28,480	24,620	2,848E+1	2,848E+1	2,000E+3
467,135	28,960	24,540	2,896E+1	2,896E+1	2,000E+3
468,136	28,060	24,590	2,806E+1	2,806E+1	2,000E+3
469,136	28,450	24,560	2,834E+1	2,834E+1	2,000E+3
470,136	28,450	24,560	2,845E+1	2,845E+1	2,000E+3
471,136	29,070	24,580	2,898E+1	2,898E+1	2,000E+3
472,136	29,000	24,580	2,907E+1	2,907E+1	2,000E+3
473,137	28,910	24,590	2,900E+1	2,900E+1	2,000E+3
474,137	28,910	24,590	2,891E+1	2,891E+1	2,000E+3
475,137	28,390	24,620	2,839E+1	2,839E+1	2,000E+3
476,138	28,110	24,600	2,839E+1	2,839E+1	2,000E+3
477,138	27,980	24,580	2,811E+1	2,811E+1	2,000E+3
478,138	28,120	24,500	2,798E+1	2,798E+1	2,000E+3
479,139	28,490	24,600	2,812E+1	2,812E+1	2,000E+3
480,139	28,490	24,600	2,849E+1	2,459E+1	2,000E+3
481,140	29,010	24,560	2,901E+1	2,901E+1	2,000E+3
482,140	28,990	24,580	2,901E+1	2,901E+1	2,000E+3
483,140	29,100	24,600	2,910E+1	2,910E+1	2,000E+3
484,140	28,600	24,530	2,860E+1	2,860E+1	2,000E+3
485,141	28,510	24,560	2,851E+1	2,851E+1	2,000E+3
487,141	29,060	24,560	2,853E+1	2,853E+1	2,000E+3
487,141	29,060	24,560	2,906E+1	2,906E+1	2,000E+3
488,141	28,940	24,500	2,894E+1	2,894E+1	2,000E+3
489,141	28,980	24,480	2,898E+1	2,898E+1	2,000E+3
490,141	29,020	24,560	2,902E+1	2,902E+1	2,000E+3
491,141	28,860	24,560	2,886E+1	2,886E+1	2,000E+3
492,142	29,080	24,590	2,848E+1	2,848E+1	2,000E+3
493,144	29,080	24,590	2,908E+1	2,908E+1	2,000E+3
494,143	28,510	24,600	2,890E+1	2,890E+1	2,000E+3
495,143	28,240	24,530	2,851E+1	2,851E+1	2,000E+3
496,143	28,240	24,530	2,824E+1	2,824E+1	2,000E+3
497,143	29,020	24,480	2,902E+1	2,902E+1	2,000E+3
498,143	28,400	24,550	2,840E+1	2,840E+1	2,000E+3
499,143	27,990	24,500	2,840E+1	2,840E+1	2,000E+3
500,143	27,990	24,500	2,799E+1	2,799E+1	2,000E+3
501,143	27,980	24,510	2,793E+1	2,793E+1	2,000E+3
502,145	28,510	24,550	2,798E+1	2,798E+1	2,000E+3
503,144	28,320	24,410	2,851E+1	2,451E+1	2,000E+3
504,144	28,320	24,410	2,832E+1	2,832E+1	2,000E+3
505,145	28,430	24,410	2,832E+1	2,832E+1	2,000E+3
506,147	28,480	24,560	2,843E+1	2,843E+1	2,000E+3
507,147	28,840	24,490	2,884E+1	2,884E+1	2,000E+3
508,147	28,480	24,520	2,848E+1	2,848E+1	2,000E+3
509,147	28,520	24,460	2,848E+1	2,452E+1	2,000E+3
510,147	28,520	24,460	2,852E+1	2,852E+1	2,000E+3
511,147	28,950	24,530	2,895E+1	2,895E+1	2,000E+3
512,147	29,010	24,540	2,901E+1	2,901E+1	2,000E+3
513,148	28,320	24,410	2,832E+1	2,832E+1	2,000E+3
514,149	28,090	24,520	2,809E+1	2,809E+1	2,000E+3
515,149	28,800	24,470	2,854E+1	2,854E+1	2,000E+3
516,149	28,800	24,470	2,880E+1	2,880E+1	2,000E+3
517,149	28,950	24,510	2,895E+1	2,895E+1	2,000E+3
518,149	28,350	24,460	2,835E+1	2,835E+1	2,000E+3
519,149	28,940	24,480	2,851E+1	2,851E+1	2,000E+3
520,149	28,940	24,480	2,894E+1	2,894E+1	2,000E+3
521,149	28,370	24,410	2,837E+1	2,837E+1	2,000E+3
522,149	28,720	24,530	2,837E+1	2,837E+1	2,000E+3
523,149	29,100	24,560	2,872E+1	2,872E+1	2,000E+3
524,149	28,670	24,410	2,910E+1	2,910E+1	2,000E+3
525,150	28,040	24,440	2,867E+1	2,867E+1	2,000E+3
526,150	28,040	24,440	2,804E+1	2,451E+1	2,000E+3
527,150	28,320	24,470	2,832E+1	2,832E+1	2,000E+3
528,151	27,970	24,400	2,797E+1	2,797E+1	2,000E+3
529,152	28,400	24,430	2,797E+1	2,797E+1	2,000E+3
530,153	28,440	24,440	2,844E+1	2,844E+1	2,000E+3
531,154	28,440	24,510	2,844E+1	2,844E+1	2,000E+3
532,153	28,730	24,440	2,828E+1	2,828E+1	2,000E+3
533,153	28,730	24,440	2,873E+1	2,873E+1	2,000E+3
534,153	28,110	24,510	2,811E+1	2,811E+1	2,000E+3
535,155	28,420	24,460	2,842E+1	2,842E+1	2,000E+3
536,154	28,500	24,570	2,850E+1	2,850E+1	2,000E+3
537,154	28,390	24,480	2,839E+1	2,839E+1	2,000E+3
538,155	28,370	24,490	2,855E+1	2,855E+1	2,000E+3
539,154	28,370	24,490	2,837E+1	2,837E+1	2,000E+3
540,154	28,940	24,510	2,894E+1	2,894E+1	2,000E+3
541,155	28,590	24,480	2,859E+1	2,859E+1	2,000E+3
542,155	28,430	24,500	2,843E+1	2,843E+1	2,000E+3
543,157	28,740	24,500	2,874E+1	2,874E+1	2,000E+3
544,157	29,120	24,550	2,912E+1	2,912E+1	2,000E+3
545,157	28,000	24,350	2,912E+1	2,912E+1	2,000E+3
546,157	27,990	24,320	2,800E+1	2,800E+1	2,000E+3
547,158	28,460	24,470	2,799E+1	2,799E+1	2,000E+3
548,158	28,960	24,440	2,846E+1	2,846E+1	2,000E+3
549,158	28,870	24,480	2,896E+1	2,444E+1	2,000E+3
550,158	28,870	24,480	2,887E+1	2,887E+1	2,000E+3
551,158	28,370	24,490	2,887E+1	2,887E+1	2,000E+3
552,158	27,950	24,450	2,837E+1	2,837E+1	2,000E+3
553,159	27,940	24,500	2,794E+1	2,794E+1	2,000E+3
554,160	28,490	24,390	2,849E+1	2,849E+1	2,000E+3
555,159	28,850	24,460	2,849E+1	2,449E+1	2,000E+3
556,159	28,850	24,460	2,885E+1	2,885E+1	2,000E+3
557,161	28,050	24,500	2,805E+1	2,805E+1	2,000E+3
558,162	27,870	24,420	2,787E+1	2,787E+1	2,000E+3
559,162	28,650	24,430	2,865E+1	2,865E+1	2,000E+3
560,161	28,900	24,550	2,890E+1	2,890E+1	2,000E+3
561,161	28,330	24,380	2,890E+1	2,448E+1	2,000E+3
562,161	28,330	24,380	2,833E+1	2,833E+1	2,000E+3
563,162	28,340	24,430	2,834E+1	2,834E+1	2,000E+3
564,161	28,220	24,430	2,822E+1	2,822E+1	2,000E+3
565,161	28,500	24,420	2,850E+1	2,850E+1	2,000E+3
566,161	27,610	24,380	2,761E+1	2,761E+1	2,000E+3
567,162	28,490	24,420	2,835E+1	2,835E+1	2,000E+3
568,163	28,490	24,420	2,849E+1	2,849E+1	2,000E+3
569,165	28,450	24,450	2,845E+1	2,845E+1	2,000E+3
570,164	28,350	24,470	2,806E+1	2,806E+1	2,000E+3
571,164	28,350	24,470	2,835E+1	2,835E+1	2,000E+3
572,164	28,420	24,400	2,842E+1	2,842E+1	2,000E+3
573,164	28,200	24,410	2,820E+1	2,820E+1	2,000E+3
574,164	28,200	24,410	2,820E+1	2,820E+1	2,000E+3
575,164	27,730	24,360	2,773E+1	2,773E+1	2,000E+3
576,165	27,970	24,410	2,807E+1	2,807E+1	2,000E+3
577,165	28,490	24,330	2,797E+1	2,797E+1	2,000E+3
578,167	28,320	24,410	2,849E+1	2,440E+1	2,000E+3
579,166	28,320	24,410	2,832E+1	2,832E+1	2,000E+3
580,166	28,740	24,390	2,832E+1	2,832E+1	2,000E+3
581,167	28,450	24,370	2,874E+1	2,874E+1	2,000E+3
582,167	28,490	24,420	2,849E+1	2,849E+1	2,000E+3
583,168	28,360	24,340	2,836E+1	2,836E+1	2,000E+3
584,169	27,980	24,330	2,836E+1	2,440E+1	2,000E+3
585,169	27,980	24,330	2,798E+1	2,798E+1	2,000E+3
586,170	28,330	24,330	2,798E+1	2,798E+1	2,000E+3
587,169	28,230	24,390	2,823E+1	2,823E+1	2,000E+3
588,169	28,310	24,390	2,831E+1	2,831E+1	2,000E+3
589,169	28,200	24,360	2,820E+1	2,820E+1	2,000E+3
590,169	28,450	24,440	2,820E+1	2,441E+1	2,000E+3
591,171	28,450	24,440	2,845E+1	2,845E+1	2,000E+3
592,170	28,390	24,430	2,839E+1	2,839E+1	2,000E+3
593,171	28,350	24,400	2,835E+1	2,835E+1	2,000E+3
594,171	28,360	24,420	2,836E+1	2,836E+1	2,000E+3
595,171	28,790	24,370	2,879E+1	2,879E+1	2,000E+3
596,171	28,690	24,340	2,823E+1	2,823E+1	2,000E+3
597,171	28,690	24,340	2,869E+1	2,869E+1	2,000E+3
598,171	27,870	24,340	2,787E+1	2,787E+1	2,000E+3
599,172	27,900	24,500	2,790E+1	2,790E+1	2,000E+3
600,172	27,710	24,340	2,771E+1	2,771E+1	2,000E+3
601,172	27,930	24,350	2,793E+1	2,793E+1	2,000E+3
602,172	28,070	24,360	2,807E+1	2,807E+1	2,000E+3
603,172	28,240	24,320	2,807E+1	2,807E+1	2,000E+3
604,173	28,740	24,380	2,824E+1	2,824E+1	2,000E+3
605,173	28,030	24,420	2,874E+1	2,874E+1	2,000E+3
606,173	27,840	24,300	2,803E+1	2,803E+1	2,000E+3
607,173	27,840	24,300	2,784E+1	2,437E+1	2,000E+3
608,173	27,830	24,370	2,783E+1	2,783E+1	2,000E+3
609,174	28,680	24,400	2,868E+1	2,868E+1	2,000E+3
610,173	28,680	24,360	2,868E+1	2,868E+1	2,000E+3
611,173	28,880	24,380	2,888E+1	2,888E+1	2,000E+3
612,174	27,510	24,330	2,751E+1	2,751E+1	2,000E+3
613,173	28,880	24,390	2,828E+1	2,828E+1	2,000E+3
614,173	28,880	24,390	2,888E+1	2,888E+1	2,000E+3
615,173	28,370	24,420	2,837E+1	2,837E+1	2,000E+3
616,173	28,810	24,390	2,881E+1	2,881E+1	2,000E+3
617,174	28,400	24,380	2,840E+1	2,840E+1	2,000E+3
618,174	27,730	24,320	2,773E+1	2,773E+1	2,000E+3
619,174	28,410	24,370	2,826E+1	2,826E+1	2,000E+3
620,175	28,410	24,370	2,841E+1	2,841E+1	2,000E+3
621,174	28,030	24,400	2,803E+1	2,803E+1	2,000E+3
622,176	28,650	24,340	2,865E+1	2,865E+1	2,000E+3
623,176	27,710	24,340	2,771E+1	2,771E+1	2,000E+3
624,177	28,380	24,480	2,838E+1	2,440E+1	2,000E+3
625,176	28,200	24,280	2,820E+1	2,820E+1	2,000E+3
626,177	28,780	24,380	2,820E+1	2,820E+1	2,000E+3
627,177	28,280	24,340	2,878E+1	2,878E+1	2,000E+3
628,178	27,630	24,450	2,763E+1	2,763E+1	2,000E+3
629,179	27,670	24,360	2,767E+1	2,767E+1	2,000E+3
630,180	28,370	24,460	2,767E+1	2,443E+1	2,000E+3
631,180	28,370	24,460	2,837E+1	2,837E+1	2,000E+3
632,180	27,710	24,380	2,771E+1	2,771E+1	2,000E+3
633,180	27,390	24,350	2,739E+1	2,739E+1	2,000E+3
634,181	28,160	24,320	2,816E+1	2,816E+1	2,000E+3
635,181	28,800	24,350	2,880E+1	2,880E+1	2,000E+3
636,183	28,650	24,260	2,813E+1	2,813E+1	2,000E+3
637,182	28,650	24,260	2,865E+1	2,865E+1	2,000E+3
638,183	28,290	24,410	2,869E+1	2,869E+1	2,000E+3
639,183	28,290	24,410	2,829E+1	2,829E+1	2,000E+3
640,183	28,280	24,300	2,828E+1	2,828E+1	2,000E+3
641,183	27,960	24,330	2,796E+1	2,796E+1	2,000E+3
642,184	28,490	24,350	2,849E+1	2,849E+1	2,000E+3
643,184	28,490	24,350	2,849E+1	2,849E+1	2,000E+3
644,185	28,740	24,230	2,874E+1	2,874E+1	2,000E+3
645,185	28,110	24,220	2,871E+1	2,871E+1	2,000E+3
646,185	27,720	24,310	2,811E+1	2,811E+1	2,000E+3
647,185	28,010	24,300	2,772E+1	2,433E+1	2,000E+3
648,186	28,010	24,300	2,801E+1	2,801E+1	2,000E+3
649,186	28,060	24,340	2,801E+1	2,801E+1	2,000E+3
650,186	27,920	24,290	2,806E+1	2,806E+1	2,000E+3
651,186	28,020	24,220	2,802E+1	2,802E+1	2,000E+3
652,187	28,220	24,310	2,822E+1	2,822E+1	2,000E+3
653,187	27,660	24,320	2,822E+1	2,432E+1	2,000E+3
654,187	27,660	24,320	2,766E+1	2,766E+1	2,000E+3
655,187	28,280	24,290	2,828E+1	2,828E+1	2,000E+3
656,187	27,570	24,240	2,757E+1	2,757E+1	2,000E+3
657,187	28,340	24,350	2,834E+1	2,834E+1	2,000E+3
658,187	28,120	24,230	2,812E+1	2,812E+1	2,000E+3
659,188	27,960	24,320	2,812E+1	2,812E+1	2,000E+3
660,189	27,960	24,320	2,796E+1	2,796E+1	2,000E+3
661,188	28,380	24,350	2,838E+1	2,838E+1	2,000E+3
662,188	28,630	24,310	2,726E+1	2,726E+1	2,000E+3
663,188	27,750	24,260	2,863E+1	2,863E+1	2,000E+3
664,190	27,750	24,260	2,775E+1	2,775E+1	2,000E+3
665,189	28,710	24,310	2,871E+1	2,871E+1	2,000E+3
666,189	28,290	24,290	2,871E+1	2,871E+1	2,000E+3
667,189	28,300	24,190	2,829E+1	2,829E+1	2,000E+3
668,189	28,210	24,370	2,830E+1	2,830E+1	2,000E+3
669,189	27,850	24,210	2,821E+1	2,821E+1	2,000E+3
670,189	27,450	24,240	2,785E+1	2,429E+1	2,000E+3
671,189	27,450	24,240	2,745E+1	2,745E+1	2,000E+3
672,189	28,120	24,280	2,745E+1	2,745E+1	2,000E+3
673,189	27,870	24,240	2,787E+1	2,787E+1	2,000E+3
674,189	27,640	24,240	2,764E+1	2,764E+1	2,000E+3
675,189	28,240	24,260	2,824E+1	2,824E+1	2,000E+3
676,190	28,190	24,330	2,824E+1	2,429E+1	2,000E+3
677,189	28,190	24,330	2,819E+1	2,819E+1	2,000E+3
678,190	27,970	24,290	2,797E+1	2,797E+1	2,000E+3
679,192	28,420	24,290	2,842E+1	2,842E+1	2,000E+3
680,191	27,560	24,190	2,756E+1	2,756E+1	2,000E+3
681,191	28,760	24,290	2,876E+1	2,876E+1	2,000E+3
682,192	28,500	24,250	2,812E+1	2,812E+1	2,000E+3
683,193	28,500	24,250	2,850E+1	2,850E+1	2,000E+3
684,192	28,590	24,280	2,859E+1	2,859E+1	2,000E+3
685,192	28,290	24,220	2,829E+1	2,829E+1	2,000E+3
686,192	27,230	24,220	2,723E+1	2,723E+1	2,000E+3
687,192	28,550	24,250	2,855E+1	2,855E+1	2,000E+3
688,193	28,160	24,240	2,825E+1	2,825E+1	2,000E+3
689,194	28,160	24,240	2,816E+1	2,816E+1	2,000E+3
690,193	28,010	24,220	2,820E+1	2,820E+1	2,000E+3
691,193	28,270	24,270	2,801E+1	2,801E+1	2,000E+3
692,193	28,670	24,260	2,827E+1	2,827E+1	2,000E+3
693,193	29,130	24,330	2,867E+1	2,429E+1	2,000E+3
694,193	29,130	24,330	2,913E+1	2,913E+1	2,000E+3
695,195	27,790	24,230	2,913E+1	2,913E+1	2,000E+3
696,194	27,660	24,140	2,766E+1	2,766E+1	2,000E+3
697,195	28,210	24,180	2,766E+1	2,766E+1	2,000E+3
698,196	28,180	24,250	2,818E+1	2,818E+1	2,000E+3
699,196	27,800	24,260	2,818E+1	2,424E+1	2,000E+3
700,196	27,800	24,260	2,780E+1	2,780E+1	2,000E+3
701,197	27,680	24,130	2,768E+1	2,768E+1	2,000E+3
702,198	28,380	24,210	2,838E+1	2,838E+1	2,000E+3
703,198	28,630	24,240	2,863E+1	2,863E+1	2,000E+3
704,198	28,560	24,150	2,856E+1	2,856E+1	2,000E+3
705,198	28,070	24,290	2,856E+1	2,424E+1	2,000E+3
706,198	28,070	24,290	2,807E+1	2,807E+1	2,000E+3
707,199	27,560	24,150	2,756E+1	2,756E+1	2,000E+3
708,199	27,590	24,240	2,759E+1	2,759E+1	2,000E+3
709,199	27,720	24,090	2,772E+1	2,772E+1	2,000E+3
710,201	28,060	24,210	2,806E+1	2,806E+1	2,000E+3
711,200	27,940	24,180	2,826E+1	2,826E+1	2,000E+3
712,201	27,940	24,180	2,794E+1	2,794E+1	2,000E+3
713,200	28,610	24,240	2,861E+1	2,861E+1	2,000E+3
714,200	28,160	24,210	2,816E+1	2,816E+1	2,000E+3
715,200	27,500	24,150	2,750E+1	2,750E+1	2,000E+3
716,201	29,030	24,170	2,903E+1	2,903E+1	2,000E+3
717,201	28,460	24,260	2,805E+1	2,805E+1	2,000E+3
718,201	28,460	24,260	2,846E+1	2,846E+1	2,000E+3
719,202	28,400	24,220	2,840E+1	2,840E+1	2,000E+3
720,202	28,140	24,230	2,814E+1	2,814E+1	2,000E+3
721,203	28,010	24,200	2,814E+1	2,814E+1	2,000E+3
722,204	28,010	24,200	2,801E+1	2,421E+1	2,000E+3
723,206	27,930	24,140	2,793E+1	2,793E+1	2,000E+3
724,206	27,930	24,130	2,793E+1	2,793E+1	2,000E+3
725,206	28,120	24,240	2,793E+1	2,793E+1	2,000E+3
726,208	28,510	24,190	2,851E+1	2,851E+1	2,000E+3
727,207	28,610	24,220	2,861E+1	2,861E+1	2,000E+3
728,207	28,610	24,220	2,861E+1	2,421E+1	2,000E+3
729,207	28,560	24,170	2,856E+1	2,856E+1	2,000E+3
730,207	28,600	24,210	2,860E+1	2,860E+1	2,000E+3
731,207	28,030	24,120	2,803E+1	2,803E+1	2,000E+3
732,208	27,630	24,060	2,763E+1	2,763E+1	2,000E+3
733,208	27,660	24,180	2,766E+1	2,766E+1	2,000E+3
734,208	27,650	24,180	2,816E+1	2,816E+1	2,000E+3
735,209	27,650	24,180	2,765E+1	2,765E+1	2,000E+3
736,208	27,560	24,180	2,756E+1	2,756E+1	2,000E+3
737,208	27,500	24,160	2,750E+1	2,750E+1	2,000E+3
738,210	27,950	24,150	2,795E+1	2,795E+1	2,000E+3
739,209	28,600	24,190	2,860E+1	2,860E+1	2,000E+3
740,209	28,470	24,070	2,794E+1	2,794E+1	2,000E+3
741,209	28,470	24,070	2,847E+1	2,847E+1	2,000E+3
742,209	28,020	24,160	2,802E+1	2,802E+1	2,000E+3
743,209	27,600	24,180	2,760E+1	2,760E+1	2,000E+3
744,210	27,540	24,130	2,754E+1	2,754E+1	2,000E+3
745,210	27,580	24,200	2,758E+1	2,758E+1	2,000E+3
746,210	27,910	24,140	2,791E+1	2,791E+1	2,000E+3
747,210	28,350	24,090	2,791E+1	2,791E+1	2,000E+3
748,210	28,620	24,140	2,835E+1	2,835E+1	2,000E+3
749,210	28,470	24,100	2,862E+1	2,862E+1	2,000E+3
750,210	27,970	24,090	2,847E+1	2,847E+1	2,000E+3
751,211	27,580	24,140	2,797E+1	2,415E+1	2,000E+3
752,211	27,580	24,140	2,758E+1	2,758E+1	2,000E+3
753,211	28,570	24,170	2,758E+1	2,758E+1	2,000E+3
754,211	28,530	24,110	2,857E+1	2,857E+1	2,000E+3
755,211	28,290	24,090	2,829E+1	2,829E+1	2,000E+3
756,213	28,460	24,100	2,846E+1	2,846E+1	2,000E+3
757,212	28,400	24,100	2,846E+1	2,414E+1	2,000E+3
758,213	28,400	24,100	2,840E+1	2,840E+1	2,000E+3
759,213	27,810	24,130	2,781E+1	2,781E+1	2,000E+3
760,213	27,920	24,130	2,792E+1	2,792E+1	2,000E+3
761,215	27,670	24,110	2,767E+1	2,767E+1	2,000E+3
762,216	27,940	24,230	2,794E+1	2,794E+1	2,000E+3
763,215	28,110	24,020	2,806E+1	2,806E+1	2,000E+3
764,215	28,110	24,020	2,811E+1	2,811E+1	2,000E+3
765,215	28,580	24,180	2,858E+1	2,858E+1	2,000E+3
766,216	28,340	24,130	2,834E+1	2,834E+1	2,000E+3
767,216	28,160	24,090	2,816E+1	2,816E+1	2,000E+3
768,217	28,060	24,130	2,806E+1	2,806E+1	2,000E+3
769,217	28,000	24,080	2,800E+1	2,800E+1	2,000E+3
770,217	28,000	24,080	2,800E+1	2,800E+1	2,000E+3
771,218	27,920	24,160	2,810E+1	2,810E+1	2,000E+3
772,218	27,920	24,160	2,792E+1	2,792E+1	2,000E+3
773,220	27,730	24,080	2,773E+1	2,773E+1	2,000E+3
774,220	28,060	24,130	2,806E+1	2,416E+1	2,000E+3
775,219	28,400	24,140	2,840E+1	2,840E+1	2,000E+3
776,220	27,480	24,140	2,840E+1	2,840E+1	2,000E+3
777,219	27,620	24,090	2,748E+1	2,748E+1	2,000E+3
778,219	27,920	24,100	2,762E+1	2,762E+1	2,000E+3
779,219	28,050	24,120	2,792E+1	2,792E+1	2,000E+3
780,220	28,050	24,120	2,805E+1	2,413E+1	2,000E+3
781,220	27,570	24,050	2,757E+1	2,757E+1	2,000E+3
782,220	27,980	24,100	2,798E+1	2,798E+1	2,000E+3
783,220	28,470	24,080	2,847E+1	2,847E+1	2,000E+3
784,220	28,120	24,100	2,812E+1	2,812E+1	2,000E+3
785,220	28,130	24,150	2,813E+1	2,813E+1	2,000E+3
786,220	27,720	24,030	2,806E+1	2,806E+1	2,000E+3
787,220	27,720	24,030	2,772E+1	2,772E+1	2,000E+3
788,220	27,680	24,090	2,768E+1	2,768E+1	2,000E+3
789,221	27,670	24,090	2,767E+1	2,767E+1	2,000E+3
790,220	27,580	24,090	2,758E+1	2,758E+1	2,000E+3
791,221	27,690	24,100	2,769E+1	2,769E+1	2,000E+3
792,221	27,600	24,050	2,802E+1	2,802E+1	2,000E+3
793,221	27,600	24,050	2,760E+1	2,760E+1	2,000E+3
794,222	28,340	24,050	2,834E+1	2,834E+1	2,000E+3
795,223	28,440	24,110	2,844E+1	2,844E+1	2,000E+3
796,223	28,420	24,090	2,846E+1	2,846E+1	2,000E+3
797,222	28,420	24,090	2,842E+1	2,408E+1	2,000E+3
798,223	27,900	24,080	2,790E+1	2,790E+1	2,000E+3
799,223	28,100	24,120	2,790E+1	2,790E+1	2,000E+3
800,223	27,640	24,070	2,810E+1	2,810E+1	2,000E+3
801,224	27,660	24,050	2,764E+1	2,764E+1	2,000E+3
802,224	28,020	24,120	2,766E+1	2,766E+1	2,000E+3
803,224	28,510	24,090	2,802E+1	2,412E+1	2,000E+3
804,224	28,510	24,090	2,851E+1	2,851E+1	2,000E+3
805,225	27,450	24,050	2,851E+1	2,851E+1	2,000E+3
806,225	27,630	24,100	2,745E+1	2,745E+1	2,000E+3
807,226	28,310	24,110	2,831E+1	2,831E+1	2,000E+3
808,226	28,060	24,030	2,806E+1	2,806E+1	2,000E+3
809,226	28,270	24,080	2,806E+1	2,409E+1	2,000E+3
810,226	28,270	24,080	2,827E+1	2,827E+1	2,000E+3
811,227	27,460	24,050	2,746E+1	2,746E+1	2,000E+3
812,227	27,590	24,080	2,759E+1	2,759E+1	2,000E+3
813,228	27,470	24,140	2,747E+1	2,747E+1	2,000E+3
814,228	28,010	24,080	2,801E+1	2,801E+1	2,000E+3
815,229	28,410	24,030	2,786E+1	2,786E+1	2,000E+3
816,229	28,410	24,030	2,841E+1	2,841E+1	2,000E+3
817,230	27,990	24,140	2,799E+1	2,799E+1	2,000E+3
818,230	28,430	24,010	2,843E+1	2,843E+1	2,000E+3
819,231	28,410	24,020	2,834E+1	2,834E+1	2,000E+3
820,231	28,410	24,020	2,841E+1	2,841E+1	2,000E+3
821,231	28,310	24,020	2,831E+1	2,831E+1	2,000E+3
822,232	28,260	24,040	2,831E+1	2,831E+1	2,000E+3
823,232	28,570	24,120	2,826E+1	2,826E+1	2,000E+3
824,234	27,940	24,030	2,857E+1	2,857E+1	2,000E+3
825,234	27,940	24,190	2,794E+1	2,794E+1	2,000E+3
826,234	28,450	24,060	2,794E+1	2,412E+1	2,000E+3
827,236	28,450	24,060	2,845E+1	2,845E+1	2,000E+3
828,235	28,460	24,080	2,846E+1	2,846E+1	2,000E+3
829,235	28,450	24,090	2,845E+1	2,845E+1	2,000E+3
830,237	28,420	24,070	2,845E+1	2,845E+1	2,000E+3
831,237	27,950	24,000	2,795E+1	2,795E+1	2,000E+3
832,237	27,620	24,110	2,808E+1	2,808E+1	2,000E+3
833,237	27,620	24,110	2,762E+1	2,762E+1	2,000E+3
834,237	27,930	24,010	2,793E+1	2,793E+1	2,000E+3
835,237	28,590	24,140	2,859E+1	2,859E+1	2,000E+3
836,237	27,820	23,980	2,782E+1	2,782E+1	2,000E+3
837,237	27,510	24,060	2,751E+1	2,751E+1	2,000E+3
838,238	27,420	24,080	2,806E+1	2,806E+1	2,000E+3
839,238	27,420	24,080	2,742E+1	2,742E+1	2,000E+3
840,238	28,420	24,140	2,850E+1	2,850E+1	2,000E+3
841,238	28,420	24,140	2,842E+1	2,842E+1	2,000E+3
842,238	27,990	24,090	2,799E+1	2,799E+1	2,000E+3
843,240	27,510	24,080	2,751E+1	2,751E+1	2,000E+3
844,239	27,510	24,040	2,751E+1	2,751E+1	2,000E+3
845,239	28,110	24,140	2,751E+1	2,751E+1	2,000E+3
846,239	28,170	24,030	2,811E+1	2,811E+1	2,000E+3
847,239	28,170	24,030	2,817E+1	2,817E+1	2,000E+3
848,239	28,000	24,050	2,800E+1	2,800E+1	2,000E+3
849,240	27,770	24,040	2,807E+1	2,407E+1	2,000E+3
850,241	27,770	24,040	2,777E+1	2,777E+1	2,000E+3
851,242	27,990	24,020	2,777E+1	2,777E+1	2,000E+3
852,241	28,450	24,070	2,799E+1	2,799E+1	2,000E+3
853,241	27,870	24,050	2,845E+1	2,845E+1	2,000E+3
854,241	27,850	23,970	2,787E+1	2,787E+1	2,000E+3
855,241	28,420	24,050	2,785E+1	2,785E+1	2,000E+3
856,241	28,420	24,050	2,842E+1	2,842E+1	2,000E+3
857,241	27,570	24,100	2,757E+1	2,757E+1	2,000E+3
858,242	27,350	23,970	2,735E+1	2,735E+1	2,000E+3
859,242	27,540	24,120	2,754E+1	2,754E+1	2,000E+3
860,242	27,970	24,000	2,797E+1	2,797E+1	2,000E+3
861,242	28,380	24,030	2,788E+1	2,788E+1	2,000E+3
862,242	28,380	24,030	2,838E+1	2,838E+1	2,000E+3
863,242	27,370	24,010	2,737E+1	2,737E+1	2,000E+3
864,242	27,470	24,050	2,747E+1	2,747E+1	2,000E+3
865,242	28,070	24,010	2,807E+1	2,807E+1	2,000E+3
866,242	28,360	24,030	2,836E+1	2,836E+1	2,000E+3
867,242	28,540	24,020	2,854E+1	2,854E+1	2,000E+3
868,242	28,540	24,020	2,854E+1	2,854E+1	2,000E+3
869,243	27,610	24,030	2,761E+1	2,761E+1	2,000E+3
870,243	26,950	23,960	2,763E+1	2,763E+1	2,000E+3
871,243	27,770	24,000	2,695E+1	2,695E+1	2,000E+3
872,243	28,400	24,080	2,777E+1	2,404E+1	2,000E+3
873,243	28,400	24,080	2,840E+1	2,840E+1	2,000E+3
874,244	27,950	23,970	2,840E+1	2,840E+1	2,000E+3
875,244	27,420	24,050	2,795E+1	2,795E+1	2,000E+3
876,244	27,430	23,940	2,742E+1	2,742E+1	2,000E+3
877,244	27,370	24,090	2,743E+1	2,743E+1	2,000E+3
878,244	27,300	23,960	2,737E+1	2,403E+1	2,000E+3
879,244	27,300	23,960	2,730E+1	2,730E+1	2,000E+3
880,244	28,420	24,010	2,842E+1	2,842E+1	2,000E+3
881,244	28,330	24,100	2,833E+1	2,833E+1	2,000E+3
882,246	26,910	23,890	2,833E+1	2,833E+1	2,000E+3
883,245	27,620	24,090	2,762E+1	2,762E+1	2,000E+3
884,245	27,750	23,880	2,793E+1	2,793E+1	2,000E+3
885,246	27,750	23,880	2,775E+1	2,775E+1	2,000E+3
886,245	27,710	23,980	2,771E+1	2,771E+1	2,000E+3
887,247	27,290	24,010	2,729E+1	2,729E+1	2,000E+3
888,247	27,400	24,040	2,740E+1	2,740E+1	2,000E+3
889,247	27,890	23,930	2,789E+1	2,789E+1	2,000E+3
890,247	28,290	24,060	2,788E+1	2,788E+1	2,000E+3
891,247	28,290	24,060	2,829E+1	2,829E+1	2,000E+3
892,247	28,030	24,010	2,803E+1	2,803E+1	2,000E+3
893,249	27,380	23,920	2,738E+1	2,738E+1	2,000E+3
894,248	28,040	24,020	2,804E+1	2,804E+1	2,000E+3
895,249	28,250	23,940	2,825E+1	2,825E+1	2,000E+3
896,249	28,490	23,990	2,849E+1	2,849E+1	2,000E+3
897,250	28,340	23,940	2,849E+1	2,849E+1	2,000E+3
898,250	27,760	23,990	2,834E+1	2,834E+1	2,000E+3
899,250	28,000	23,940	2,776E+1	2,776E+1	2,000E+3
900,251	28,370	24,040	2,800E+1	2,800E+1	2,000E+3
901,251	28,280	23,900	2,837E+1	2,399E+1	2,000E+3
902,251	28,280	23,900	2,828E+1	2,828E+1	2,000E+3
903,252	28,390	23,920	2,828E+1	2,828E+1	2,000E+3
904,251	28,320	24,000	2,839E+1	2,839E+1	2,000E+3
905,252	27,910	23,980	2,791E+1	2,791E+1	2,000E+3
906,252	27,880	24,020	2,788E+1	2,788E+1	2,000E+3
907,252	28,450	24,040	2,788E+1	2,401E+1	2,000E+3
908,252	28,450	24,040	2,845E+1	2,845E+1	2,000E+3
909,252	27,520	24,020	2,752E+1	2,752E+1	2,000E+3
910,252	27,370	23,980	2,737E+1	2,737E+1	2,000E+3
911,252	27,820	24,010	2,782E+1	2,782E+1	2,000E+3
912,254	28,290	24,090	2,829E+1	2,829E+1	2,000E+3
913,255	27,710	23,950	2,805E+1	2,805E+1	2,000E+3
914,255	27,710	23,950	2,771E+1	2,771E+1	2,000E+3
915,256	27,250	24,010	2,725E+1	2,725E+1	2,000E+3
916,256	27,440	23,980	2,744E+1	2,744E+1	2,000E+3
917,257	27,850	23,970	2,785E+1	2,785E+1	2,000E+3
918,256	28,200	23,940	2,820E+1	2,820E+1	2,000E+3
919,256	28,380	24,060	2,777E+1	2,777E+1	2,000E+3
920,256	28,380	24,060	2,838E+1	2,838E+1	2,000E+3
921,256	27,890	24,030	2,789E+1	2,789E+1	2,000E+3
922,256	27,460	24,080	2,746E+1	2,746E+1	2,000E+3
923,257	27,420	23,920	2,746E+1	2,746E+1	2,000E+3
924,257	27,420	23,920	2,742E+1	2,403E+1	2,000E+3
925,257	28,080	24,040	2,808E+1	2,808E+1	2,000E+3
926,257	27,750	23,870	2,808E+1	2,808E+1	2,000E+3
927,259	28,360	24,010	2,775E+1	2,775E+1	2,000E+3
928,259	28,330	23,930	2,833E+1	2,833E+1	2,000E+3
929,258	28,700	24,020	2,870E+1	2,870E+1	2,000E+3
930,259	28,700	24,020	2,870E+1	2,398E+1	2,000E+3
931,260	28,280	23,950	2,828E+1	2,828E+1	2,000E+3
932,261	27,760	23,970	2,776E+1	2,776E+1	2,000E+3
933,260	27,400	23,990	2,740E+1	2,740E+1	2,000E+3
934,261	27,330	23,980	2,733E+1	2,733E+1	2,000E+3
935,261	27,460	24,010	2,746E+1	2,746E+1	2,000E+3
936,262	27,890	23,890	2,783E+1	2,783E+1	2,000E+3
937,263	27,890	23,890	2,789E+1	2,789E+1	2,000E+3
938,264	27,330	23,890	2,733E+1	2,733E+1	2,000E+3
939,264	27,330	23,970	2,733E+1	2,733E+1	2,000E+3
940,264	27,840	23,940	2,784E+1	2,784E+1	2,000E+3
941,264	27,340	23,930	2,734E+1	2,734E+1	2,000E+3
942,264	27,430	23,980	2,782E+1	2,782E+1	2,000E+3
943,264	27,430	23,940	2,743E+1	2,743E+1	2,000E+3
944,264	27,880	23,930	2,743E+1	2,743E+1	2,000E+3
945,264	27,970	23,970	2,788E+1	2,788E+1	2,000E+3
946,264	27,620	23,930	2,797E+1	2,797E+1	2,000E+3
947,265	27,950	23,960	2,762E+1	2,397E+1	2,000E+3
948,264	27,950	23,960	2,795E+1	2,795E+1	2,000E+3
949,265	27,410	23,920	2,795E+1	2,795E+1	2,000E+3
950,265	27,700	23,880	2,741E+1	2,741E+1	2,000E+3
951,265	28,090	24,010	2,770E+1	2,770E+1	2,000E+3
952,265	27,800	23,930	2,780E+1	2,780E+1	2,000E+3
953,267	27,800	23,930	2,780E+1	2,397E+1	2,000E+3
954,268	28,460	23,980	2,846E+1	2,846E+1	2,000E+3
955,267	27,460	23,940	2,746E+1	2,746E+1	2,000E+3
956,268	27,420	23,920	2,742E+1	2,742E+1	2,000E+3
957,267	27,410	23,890	2,741E+1	2,741E+1	2,000E+3
958,267	27,420	24,010	2,742E+1	2,742E+1	2,000E+3
959,267	27,130	23,930	2,781E+1	2,781E+1	2,000E+3
960,267	27,130	23,930	2,713E+1	2,713E+1	2,000E+3
961,267	28,230	23,940	2,823E+1	2,823E+1	2,000E+3
962,269	28,260	23,930	2,826E+1	2,826E+1	2,000E+3
963,269	27,720	23,950	2,796E+1	2,796E+1	2,000E+3
964,269	27,720	23,950	2,772E+1	2,772E+1	2,000E+3
965,269	27,280	23,920	2,728E+1	2,728E+1	2,000E+3
966,269	27,750	23,900	2,728E+1	2,728E+1	2,000E+3
967,270	27,890	23,960	2,775E+1	2,775E+1	2,000E+3
968,270	27,710	23,960	2,789E+1	2,789E+1	2,000E+3
969,270	28,290	23,940	2,771E+1	2,771E+1	2,000E+3
970,270	28,290	23,940	2,829E+1	2,397E+1	2,000E+3
971,270	27,820	23,880	2,782E+1	2,782E+1	2,000E+3
972,270	28,150	23,960	2,815E+1	2,815E+1	2,000E+3
973,271	27,940	23,910	2,815E+1	2,815E+1	2,000E+3
974,271	27,280	23,930	2,794E+1	2,794E+1	2,000E+3
975,273	27,760	23,860	2,776E+1	2,776E+1	2,000E+3
976,273	28,340	23,970	2,780E+1	2,780E+1	2,000E+3
977,273	28,340	23,970	2,834E+1	2,834E+1	2,000E+3
978,273	27,800	23,990	2,780E+1	2,780E+1	2,000E+3
979,274	27,800	23,890	2,780E+1	2,780E+1	2,000E+3
980,275	27,870	23,940	2,787E+1	2,787E+1	2,000E+3
981,274	27,370	23,910	2,737E+1	2,737E+1	2,000E+3
982,274	27,910	23,870	2,783E+1	2,783E+1	2,000E+3
983,274	27,910	23,870	2,791E+1	2,791E+1	2,000E+3
984,275	27,830	23,900	2,783E+1	2,783E+1	2,000E+3
985,276	27,170	23,900	2,795E+1	2,795E+1	2,000E+3
986,276	27,780	23,910	2,717E+1	2,717E+1	2,000E+3
987,276	27,870	23,950	2,778E+1	2,395E+1	2,000E+3
988,276	27,870	23,950	2,787E+1	2,787E+1	2,000E+3
989,276	28,030	23,920	2,787E+1	2,787E+1	2,000E+3
990,276	27,950	23,910	2,803E+1	2,803E+1	2,000E+3
991,276	27,660	23,820	2,795E+1	2,795E+1	2,000E+3
992,276	27,910	23,930	2,766E+1	2,766E+1	2,000E+3
993,276	27,910	23,930	2,791E+1	2,392E+1	2,000E+3
994,276	28,130	23,960	2,813E+1	2,813E+1	2,000E+3
995,277	27,800	23,880	2,780E+1	2,780E+1	2,000E+3
996,279	27,730	23,940	2,773E+1	2,773E+1	2,000E+3
997,278	27,890	23,910	2,789E+1	2,789E+1	2,000E+3
998,279	27,090	23,900	2,709E+1	2,709E+1	2,000E+3
999,278	27,360	23,890	2,788E+1	2,788E+1	2,000E+3
1000,278	27,360	23,890	2,736E+1	2,736E+1	2,000E+3
1001,279	27,720	23,920	2,772E+1	2,772E+1	2,000E+3
1002,279	28,370	23,970	2,837E+1	2,837E+1	2,000E+3
1003,280	27,700	23,840	2,770E+1	2,770E+1	2,000E+3
1004,279	27,530	23,880	2,753E+1	2,753E+1	2,000E+3
1005,280	28,470	23,980	2,847E+1	2,847E+1	2,000E+3
1006,280	28,470	23,980	2,847E+1	2,847E+1	2,000E+3
1007,280	27,840	23,880	2,737E+1	2,737E+1	2,000E+3
1008,280	28,090	23,910	2,784E+1	2,784E+1	2,000E+3
1009,280	28,090	23,910	2,809E+1	2,809E+1	2,000E+3
1010,280	28,230	23,960	2,823E+1	2,823E+1	2,000E+3
1011,281	27,230	23,890	2,723E+1	2,723E+1	2,000E+3
1012,283	27,400	23,940	2,723E+1	2,723E+1	2,000E+3
1013,282	27,310	23,860	2,740E+1	2,740E+1	2,000E+3
1014,282	27,380	23,920	2,731E+1	2,731E+1	2,000E+3
1015,284	27,780	23,920	2,738E+1	2,738E+1	2,000E+3
1016,283	27,780	23,920	2,778E+1	2,393E+1	2,000E+3
1017,283	28,140	23,870	2,814E+1	2,814E+1	2,000E+3
1018,283	28,180	23,850	2,818E+1	2,818E+1	2,000E+3
1019,283	27,720	23,910	2,772E+1	2,772E+1	2,000E+3
1020,285	28,410	23,900	2,841E+1	2,841E+1	2,000E+3
1021,285	27,790	23,940	2,841E+1	2,841E+1	2,000E+3
1022,285	27,390	23,930	2,779E+1	2,779E+1	2,000E+3
1023,285	27,390	23,930	2,739E+1	2,739E+1	2,000E+3
1024,285	27,820	23,910	2,782E+1	2,782E+1	2,000E+3
1025,285	27,620	23,920	2,762E+1	2,762E+1	2,000E+3
1026,285	27,820	23,860	2,782E+1	2,782E+1	2,000E+3
1027,285	27,280	23,930	2,728E+1	2,728E+1	2,000E+3
1028,285	27,430	23,860	2,789E+1	2,789E+1	2,000E+3
1029,286	27,430	23,860	2,743E+1	2,743E+1	2,000E+3
1030,286	27,220	23,800	2,722E+1	2,722E+1	2,000E+3
1031,286	27,300	23,900	2,816E+1	2,816E+1	2,000E+3
1032,286	27,370	23,870	2,730E+1	2,730E+1	2,000E+3
1033,286	27,370	23,870	2,737E+1	2,737E+1	2,000E+3
1034,286	27,190	23,920	2,719E+1	2,719E+1	2,000E+3
1035,286	27,400	23,910	2,719E+1	2,719E+1	2,000E+3
1036,287	27,870	23,910	2,740E+1	2,740E+1	2,000E+3
1037,286	27,820	23,900	2,782E+1	2,782E+1	2,000E+3
1038,286	27,670	23,910	2,767E+1	2,767E+1	2,000E+3
1039,286	27,670	23,910	2,767E+1	2,392E+1	2,000E+3
1040,286	27,760	23,860	2,776E+1	2,776E+1	2,000E+3
1041,288	28,250	23,890	2,825E+1	2,825E+1	2,000E+3
1042,287	27,580	23,890	2,758E+1	2,758E+1	2,000E+3
1043,287	27,860	23,980	2,786E+1	2,786E+1	2,000E+3
1044,288	27,670	23,810	2,767E+1	2,767E+1	2,000E+3
1045,288	27,880	23,940	2,767E+1	2,392E+1	2,000E+3
1046,289	27,880	23,940	2,788E+1	2,788E+1	2,000E+3
1047,289	27,420	23,870	2,742E+1	2,742E+1	2,000E+3
1048,289	27,520	23,850	2,752E+1	2,752E+1	2,000E+3
1049,289	27,650	23,980	2,765E+1	2,765E+1	2,000E+3
1050,289	27,500	23,770	2,750E+1	2,750E+1	2,000E+3
1051,290	27,930	23,930	2,763E+1	2,763E+1	2,000E+3
1052,290	27,930	23,930	2,793E+1	2,793E+1	2,000E+3
1053,290	28,110	23,870	2,811E+1	2,811E+1	2,000E+3
1054,291	28,610	23,950	2,861E+1	2,861E+1	2,000E+3
1055,293	27,240	23,810	2,724E+1	2,724E+1	2,000E+3
1056,292	27,770	23,900	2,777E+1	2,777E+1	2,000E+3
1057,292	27,350	23,860	2,779E+1	2,779E+1	2,000E+3
1058,292	27,350	23,860	2,735E+1	2,735E+1	2,000E+3
1059,292	27,880	23,890	2,788E+1	2,788E+1	2,000E+3
1060,292	27,240	23,830	2,724E+1	2,724E+1	2,000E+3
1061,293	27,250	23,830	2,731E+1	2,731E+1	2,000E+3
1062,293	27,250	23,830	2,725E+1	2,389E+1	2,000E+3
1063,293	27,720	23,860	2,772E+1	2,772E+1	2,000E+3
1064,294	28,080	23,830	2,772E+1	2,772E+1	2,000E+3
1065,294	27,890	23,870	2,789E+1	2,789E+1	2,000E+3
1066,294	27,180	23,840	2,718E+1	2,718E+1	2,000E+3
1067,294	27,720	23,780	2,772E+1	2,772E+1	2,000E+3
1068,294	28,180	23,850	2,772E+1	2,385E+1	2,000E+3
1069,295	28,180	23,850	2,818E+1	2,818E+1	2,000E+3
1070,296	27,350	23,920	2,735E+1	2,735E+1	2,000E+3
1071,296	27,270	23,860	2,727E+1	2,727E+1	2,000E+3
1072,297	27,180	23,840	2,718E+1	2,718E+1	2,000E+3
1073,297	27,350	23,850	2,735E+1	2,735E+1	2,000E+3
1074,298	27,410	23,900	2,775E+1	2,775E+1	2,000E+3
1075,299	27,410	23,900	2,741E+1	2,741E+1	2,000E+3
1076,299	27,440	23,930	2,744E+1	2,744E+1	2,000E+3
1077,300	27,270	23,840	2,727E+1	2,727E+1	2,000E+3
1078,301	27,260	23,860	2,726E+1	2,726E+1	2,000E+3
1079,301	27,810	23,830	2,781E+1	2,781E+1	2,000E+3
1080,301	27,730	23,850	2,773E+1	2,773E+1	2,000E+3
1081,302	27,150	23,760	2,773E+1	2,773E+1	2,000E+3
1082,302	27,410	23,940	2,715E+1	2,715E+1	2,000E+3
1083,302	27,410	23,940	2,741E+1	2,741E+1	2,000E+3
1084,303	27,820	23,850	2,736E+1	2,736E+1	2,000E+3
1085,303	27,820	23,850	2,782E+1	2,388E+1	2,000E+3
1086,303	28,160	23,910	2,816E+1	2,816E+1	2,000E+3
1087,303	28,070	23,880	2,816E+1	2,816E+1	2,000E+3
1088,303	28,300	23,790	2,807E+1	2,807E+1	2,000E+3
1089,304	27,720	23,890	2,772E+1	2,772E+1	2,000E+3
1090,305	27,750	23,780	2,775E+1	2,775E+1	2,000E+3
1091,305	27,950	23,940	2,785E+1	2,785E+1	2,000E+3
1092,306	27,950	23,940	2,795E+1	2,795E+1	2,000E+3
1093,307	27,280	23,870	2,728E+1	2,728E+1	2,000E+3
1094,308	27,320	23,860	2,732E+1	2,732E+1	2,000E+3
1095,308	27,660	23,830	2,766E+1	2,766E+1	2,000E+3
1096,309	27,690	23,820	2,769E+1	2,769E+1	2,000E+3
1097,308	27,710	23,860	2,769E+1	2,769E+1	2,000E+3
1098,309	27,710	23,860	2,771E+1	2,771E+1	2,000E+3
1099,308	27,220	23,880	2,722E+1	2,722E+1	2,000E+3
1100,309	27,780	23,790	2,724E+1	2,724E+1	2,000E+3
1101,308	28,030	23,880	2,778E+1	2,778E+1	2,000E+3
1102,308	28,030	23,880	2,803E+1	2,803E+1	2,000E+3
1103,308	28,140	23,860	2,814E+1	2,814E+1	2,000E+3
1104,308	27,450	23,860	2,814E+1	2,814E+1	2,000E+3
1105,310	27,700	23,870	2,745E+1	2,745E+1	2,000E+3
1106,309	27,730	23,830	2,770E+1	2,770E+1	2,000E+3
1107,310	27,280	23,850	2,728E+1	2,728E+1	2,000E+3
1108,310	27,280	23,850	2,728E+1	2,387E+1	2,000E+3
1109,310	27,390	23,780	2,739E+1	2,739E+1	2,000E+3
1110,310	27,860	23,870	2,786E+1	2,786E+1	2,000E+3
1111,310	27,590	23,860	2,759E+1	2,759E+1	2,000E+3
1112,311	28,240	23,830	2,759E+1	2,759E+1	2,000E+3
1113,311	28,110	23,820	2,811E+1	2,811E+1	2,000E+3
1114,311	28,110	23,830	2,811E+1	2,386E+1	2,000E+3
1115,311	28,110	23,830	2,811E+1	2,811E+1	2,000E+3
1116,313	27,630	23,800	2,763E+1	2,763E+1	2,000E+3
1117,312	28,190	23,860	2,819E+1	2,819E+1	2,000E+3
1118,312	28,140	23,780	2,814E+1	2,814E+1	2,000E+3
1119,313	28,280	23,860	2,828E+1	2,828E+1	2,000E+3
1120,314	28,150	23,800	2,762E+1	2,762E+1	2,000E+3
1121,315	28,150	23,800	2,815E+1	2,815E+1	2,000E+3
1122,315	28,220	23,860	2,822E+1	2,822E+1	2,000E+3
1123,316	27,820	23,840	2,796E+1	2,796E+1	2,000E+3
1124,315	27,820	23,840	2,782E+1	2,782E+1	2,000E+3
1125,316	27,680	23,850	2,768E+1	2,768E+1	2,000E+3
1126,316	28,230	23,800	2,823E+1	2,823E+1	2,000E+3
1127,318	27,640	23,860	2,823E+1	2,823E+1	2,000E+3
1128,317	27,640	23,860	2,764E+1	2,764E+1	2,000E+3
1129,317	27,860	23,820	2,773E+1	2,773E+1	2,000E+3
1130,317	28,070	23,820	2,786E+1	2,786E+1	2,000E+3
1131,318	28,240	23,840	2,807E+1	2,385E+1	2,000E+3
1132,318	28,240	23,840	2,824E+1	2,824E+1	2,000E+3
1133,319	27,830	23,800	2,824E+1	2,824E+1	2,000E+3
1134,319	28,100	23,800	2,783E+1	2,783E+1	2,000E+3
1135,319	27,780	23,810	2,810E+1	2,810E+1	2,000E+3
1136,319	27,210	23,830	2,721E+1	2,721E+1	2,000E+3
1137,319	27,640	23,850	2,761E+1	2,761E+1	2,000E+3
1138,320	27,640	23,850	2,764E+1	2,764E+1	2,000E+3
1139,322	28,080	23,840	2,808E+1	2,808E+1	2,000E+3
1140,322	27,720	23,860	2,772E+1	2,772E+1	2,000E+3
1141,321	27,180	23,750	2,718E+1	2,718E+1	2,000E+3
1142,322	27,850	23,790	2,785E+1	2,785E+1	2,000E+3
1143,322	28,090	23,800	2,770E+1	2,770E+1	2,000E+3
1144,322	28,090	23,800	2,809E+1	2,809E+1	2,000E+3
1145,322	28,350	23,750	2,835E+1	2,835E+1	2,000E+3
1146,322	28,160	23,860	2,816E+1	2,816E+1	2,000E+3
1147,322	28,020	23,750	2,824E+1	2,824E+1	2,000E+3
1148,323	28,020	23,750	2,802E+1	2,802E+1	2,000E+3
1149,323	28,210	23,820	2,821E+1	2,821E+1	2,000E+3
1150,324	27,760	23,910	2,821E+1	2,821E+1	2,000E+3
1151,324	28,170	23,800	2,776E+1	2,776E+1	2,000E+3
1152,324	28,130	23,760	2,813E+1	2,813E+1	2,000E+3
1153,324	27,730	23,850	2,773E+1	2,773E+1	2,000E+3
1154,324	27,730	23,850	2,773E+1	2,385E+1	2,000E+3
1155,325	27,420	23,730	2,742E+1	2,742E+1	2,000E+3
1156,325	27,490	23,830	2,749E+1	2,749E+1	2,000E+3
1157,326	28,040	23,770	2,804E+1	2,804E+1	2,000E+3
1158,326	27,800	23,740	2,780E+1	2,780E+1	2,000E+3
1159,327	27,160	23,810	2,716E+1	2,716E+1	2,000E+3
1160,327	27,140	23,710	2,716E+1	2,380E+1	2,000E+3
1161,327	27,140	23,710	2,714E+1	2,714E+1	2,000E+3
1162,327	27,030	23,820	2,703E+1	2,703E+1	2,000E+3
1163,327	27,990	23,840	2,799E+1	2,799E+1	2,000E+3
1164,328	28,200	23,770	2,820E+1	2,820E+1	2,000E+3
1165,328	27,980	23,760	2,798E+1	2,798E+1	2,000E+3
1166,328	28,120	23,860	2,762E+1	2,762E+1	2,000E+3
1167,328	28,120	23,860	2,812E+1	2,812E+1	2,000E+3
1168,329	28,260	23,790	2,826E+1	2,826E+1	2,000E+3
1169,329	27,660	23,830	2,766E+1	2,766E+1	2,000E+3
1170,330	27,590	23,760	2,759E+1	2,759E+1	2,000E+3
1171,329	28,210	23,870	2,821E+1	2,382E+1	2,000E+3
1172,329	27,620	23,780	2,762E+1	2,762E+1	2,000E+3
1173,329	28,480	23,810	2,762E+1	2,762E+1	2,000E+3
1174,330	27,290	23,760	2,848E+1	2,848E+1	2,000E+3
1175,329	27,250	23,810	2,729E+1	2,729E+1	2,000E+3
1176,329	27,460	23,910	2,725E+1	2,725E+1	2,000E+3
1177,330	27,130	23,770	2,746E+1	2,383E+1	2,000E+3
1178,329	27,130	23,770	2,713E+1	2,713E+1	2,000E+3
1179,329	27,710	23,740	2,713E+1	2,713E+1	2,000E+3
1180,330	27,900	23,790	2,790E+1	2,790E+1	2,000E+3
1181,330	28,180	23,700	2,818E+1	2,818E+1	2,000E+3
1182,331	28,090	23,800	2,809E+1	2,809E+1	2,000E+3
1183,331	27,740	23,780	2,809E+1	2,379E+1	2,000E+3
1184,331	27,740	23,780	2,774E+1	2,774E+1	2,000E+3
1185,331	27,200	23,760	2,720E+1	2,720E+1	2,000E+3
1186,331	27,130	23,730	2,713E+1	2,713E+1	2,000E+3
1187,332	27,280	23,850	2,728E+1	2,728E+1	2,000E+3
1188,331	27,670	23,790	2,767E+1	2,767E+1	2,000E+3
1189,331	28,290	23,810	2,760E+1	2,760E+1	2,000E+3
1190,331	28,290	23,810	2,829E+1	2,829E+1	2,000E+3
1191,331	28,060	23,850	2,806E+1	2,806E+1	2,000E+3
1192,331	28,000	23,760	2,800E+1	2,800E+1	2,000E+3
1193,331	27,670	23,800	2,767E+1	2,767E+1	2,000E+3
1194,332	27,230	23,810	2,723E+1	2,723E+1	2,000E+3
1195,333	27,670	23,760	2,767E+1	2,767E+1	2,000E+3
1196,335	28,110	23,720	2,767E+1	2,767E+1	2,000E+3
1197,336	28,110	23,720	2,811E+1	2,811E+1	2,000E+3
1198,336	27,360	23,740	2,767E+1	2,767E+1	2,000E+3
1199,336	27,780	23,800	2,736E+1	2,736E+1	2,000E+3
1200,336	28,040	23,820	2,778E+1	2,381E+1	2,000E+3
1201,336	28,040	23,820	2,804E+1	2,804E+1	2,000E+3
1202,337	27,640	23,800	2,804E+1	2,804E+1	2,000E+3
1203,338	27,690	23,730	2,764E+1	2,764E+1	2,000E+3
1204,338	27,240	23,850	2,769E+1	2,769E+1	2,000E+3
1205,338	27,170	23,780	2,717E+1	2,717E+1	2,000E+3
1206,339	27,170	23,780	2,717E+1	2,383E+1	2,000E+3
1207,339	27,580	23,850	2,758E+1	2,758E+1	2,000E+3
1208,339	27,660	23,830	2,766E+1	2,766E+1	2,000E+3
1209,339	27,160	23,750	2,716E+1	2,716E+1	2,000E+3
1210,340	27,260	23,760	2,726E+1	2,726E+1	2,000E+3
1211,340	27,030	23,800	2,703E+1	2,703E+1	2,000E+3
1212,340	27,380	23,790	2,769E+1	2,769E+1	2,000E+3
1213,342	27,380	23,790	2,738E+1	2,738E+1	2,000E+3
1214,341	27,340	23,800	2,734E+1	2,734E+1	2,000E+3
1215,343	27,670	23,710	2,767E+1	2,767E+1	2,000E+3
1216,342	28,090	23,800	2,809E+1	2,809E+1	2,000E+3
1217,342	28,090	23,730	2,809E+1	2,809E+1	2,000E+3
1218,343	28,060	23,800	2,758E+1	2,758E+1	2,000E+3
1219,343	28,060	23,800	2,806E+1	2,806E+1	2,000E+3
1220,343	27,670	23,810	2,767E+1	2,767E+1	2,000E+3
1221,344	27,580	23,710	2,758E+1	2,758E+1	2,000E+3
1222,345	27,080	23,740	2,711E+1	2,711E+1	2,000E+3
1223,346	27,080	23,740	2,708E+1	2,708E+1	2,000E+3
1224,345	27,590	23,750	2,759E+1	2,759E+1	2,000E+3
1225,345	27,420	23,720	2,742E+1	2,742E+1	2,000E+3
1226,346	27,290	23,770	2,742E+1	2,742E+1	2,000E+3
1227,346	26,870	23,690	2,729E+1	2,729E+1	2,000E+3
1228,346	27,350	23,820	2,687E+1	2,687E+1	2,000E+3
1229,346	27,030	23,690	2,735E+1	2,376E+1	2,000E+3
1230,346	27,030	23,690	2,703E+1	2,703E+1	2,000E+3
1231,346	27,590	23,710	2,703E+1	2,703E+1	2,000E+3
1232,346	28,140	23,690	2,759E+1	2,759E+1	2,000E+3
1233,346	27,660	23,700	2,814E+1	2,814E+1	2,000E+3
1234,347	27,100	23,740	2,710E+1	2,710E+1	2,000E+3
1235,347	27,260	23,750	2,710E+1	2,374E+1	2,000E+3
1236,347	27,260	23,750	2,726E+1	2,726E+1	2,000E+3
1237,348	28,180	23,840	2,818E+1	2,818E+1	2,000E+3
1238,349	27,520	23,740	2,818E+1	2,818E+1	2,000E+3
1239,349	27,220	23,740	2,722E+1	2,722E+1	2,000E+3
1240,348	27,670	23,690	2,767E+1	2,767E+1	2,000E+3
1241,350	28,020	23,810	2,767E+1	2,379E+1	2,000E+3
1242,349	28,020	23,810	2,802E+1	2,802E+1	2,000E+3
1243,350	27,900	23,700	2,790E+1	2,790E+1	2,000E+3
1244,349	27,940	23,800	2,794E+1	2,794E+1	2,000E+3
1245,350	26,990	23,780	2,699E+1	2,699E+1	2,000E+3
1246,349	27,440	23,750	2,744E+1	2,744E+1	2,000E+3
1247,351	27,080	23,760	2,775E+1	2,775E+1	2,000E+3
1248,351	27,080	23,760	2,708E+1	2,708E+1	2,000E+3
1249,350	27,360	23,830	2,736E+1	2,736E+1	2,000E+3
1250,350	26,940	23,670	2,694E+1	2,694E+1	2,000E+3
1251,351	28,230	23,810	2,823E+1	2,823E+1	2,000E+3
1252,350	27,020	23,720	2,702E+1	2,702E+1	2,000E+3
1253,350	27,120	23,670	2,762E+1	2,762E+1	2,000E+3
1254,352	27,120	23,670	2,712E+1	2,712E+1	2,000E+3
1255,352	27,680	23,730	2,768E+1	2,768E+1	2,000E+3
1256,352	27,610	23,750	2,761E+1	2,761E+1	2,000E+3
1257,351	28,090	23,760	2,809E+1	2,809E+1	2,000E+3
1258,351	27,990	23,720	2,799E+1	2,799E+1	2,000E+3
1259,353	27,970	23,790	2,797E+1	2,797E+1	2,000E+3
1260,354	27,970	23,790	2,797E+1	2,797E+1	2,000E+3
1261,353	28,060	23,790	2,764E+1	2,764E+1	2,000E+3
1262,354	28,060	23,770	2,806E+1	2,806E+1	2,000E+3
1263,354	28,190	23,660	2,806E+1	2,806E+1	2,000E+3
1264,355	27,920	23,770	2,819E+1	2,376E+1	2,000E+3
1265,355	27,920	23,770	2,792E+1	2,792E+1	2,000E+3
1266,355	27,110	23,750	2,792E+1	2,792E+1	2,000E+3
1267,356	26,970	23,710	2,697E+1	2,697E+1	2,000E+3
1268,356	27,350	23,760	2,697E+1	2,697E+1	2,000E+3
1269,357	27,560	23,700	2,735E+1	2,735E+1	2,000E+3
1270,357	28,050	23,730	2,756E+1	2,376E+1	2,000E+3
1271,358	28,050	23,730	2,805E+1	2,805E+1	2,000E+3
1272,358	28,070	23,750	2,807E+1	2,807E+1	2,000E+3
1273,359	27,610	23,730	2,761E+1	2,761E+1	2,000E+3
1274,361	27,290	23,780	2,729E+1	2,729E+1	2,000E+3
1275,361	27,100	23,690	2,710E+1	2,710E+1	2,000E+3
1276,361	27,530	23,690	2,760E+1	2,760E+1	2,000E+3
1277,361	27,530	23,690	2,753E+1	2,753E+1	2,000E+3
1278,362	27,590	23,770	2,759E+1	2,759E+1	2,000E+3
1279,362	27,560	23,730	2,756E+1	2,756E+1	2,000E+3
1280,362	27,720	23,750	2,772E+1	2,772E+1	2,000E+3
1281,362	27,370	23,700	2,737E+1	2,737E+1	2,000E+3
1282,362	27,850	23,790	2,769E+1	2,769E+1	2,000E+3
1283,363	27,850	23,790	2,785E+1	2,785E+1	2,000E+3
1284,362	27,520	23,730	2,752E+1	2,752E+1	2,000E+3
1285,362	28,050	23,750	2,808E+1	2,808E+1	2,000E+3
1286,362	27,690	23,720	2,805E+1	2,805E+1	2,000E+3
1287,362	27,590	23,650	2,769E+1	2,375E+1	2,000E+3
1288,364	27,590	23,650	2,759E+1	2,759E+1	2,000E+3
1289,363	27,490	23,720	2,759E+1	2,759E+1	2,000E+3
1290,363	27,980	23,670	2,749E+1	2,749E+1	2,000E+3
1291,363	28,090	23,740	2,798E+1	2,798E+1	2,000E+3
1292,364	27,390	23,700	2,809E+1	2,809E+1	2,000E+3
1293,365	26,730	23,710	2,739E+1	2,374E+1	2,000E+3
1295,365	26,730	23,710	2,673E+1	2,673E+1	2,000E+3
1295,365	27,640	23,860	2,673E+1	2,673E+1	2,000E+3
1296,365	27,630	23,660	2,764E+1	2,764E+1	2,000E+3
1297,365	27,590	23,730	2,759E+1	2,759E+1	2,000E+3
1298,365	27,560	23,700	2,756E+1	2,756E+1	2,000E+3
1299,365	27,530	23,720	2,756E+1	2,375E+1	2,000E+3
1300,365	27,530	23,720	2,753E+1	2,753E+1	2,000E+3
1301,366	27,620	23,830	2,762E+1	2,762E+1	2,000E+3
1302,365	27,390	23,710	2,739E+1	2,739E+1	2,000E+3
1303,366	27,000	23,690	2,700E+1	2,700E+1	2,000E+3
1304,366	26,830	23,660	2,683E+1	2,683E+1	2,000E+3
1305,366	27,240	23,730	2,758E+1	2,758E+1	2,000E+3
1306,366	27,240	23,730	2,724E+1	2,724E+1	2,000E+3
1307,366	27,620	23,710	2,748E+1	2,748E+1	2,000E+3
1308,366	27,860	23,620	2,762E+1	2,762E+1	2,000E+3
1309,366	28,020	23,700	2,786E+1	2,786E+1	2,000E+3
1310,366	28,020	23,700	2,802E+1	2,802E+1	2,000E+3
1311,366	28,000	23,630	2,800E+1	2,800E+1	2,000E+3
1312,368	27,530	23,690	2,800E+1	2,800E+1	2,000E+3
1313,367	27,220	23,730	2,753E+1	2,753E+1	2,000E+3
1314,367	27,080	23,730	2,722E+1	2,722E+1	2,000E+3
1315,369	27,200	23,730	2,720E+1	2,720E+1	2,000E+3
1316,369	27,640	23,710	2,720E+1	2,375E+1	2,000E+3
1317,370	27,640	23,710	2,764E+1	2,764E+1	2,000E+3
1318,370	27,220	23,680	2,722E+1	2,722E+1	2,000E+3
1319,372	27,560	23,680	2,722E+1	2,722E+1	2,000E+3
1320,371	28,110	23,670	2,811E+1	2,811E+1	2,000E+3
1321,371	28,020	23,730	2,802E+1	2,802E+1	2,000E+3
1322,372	27,890	23,660	2,751E+1	2,751E+1	2,000E+3
1323,373	27,890	23,660	2,789E+1	2,789E+1	2,000E+3
1324,372	27,910	23,680	2,791E+1	2,791E+1	2,000E+3
1325,372	27,990	23,700	2,799E+1	2,799E+1	2,000E+3
1326,372	27,560	23,700	2,756E+1	2,756E+1	2,000E+3
1327,372	28,290	23,670	2,829E+1	2,829E+1	2,000E+3
1328,373	27,510	23,710	2,753E+1	2,753E+1	2,000E+3
1329,373	27,510	23,710	2,751E+1	2,751E+1	2,000E+3
1330,372	27,590	23,710	2,759E+1	2,759E+1	2,000E+3
1331,373	27,830	23,720	2,783E+1	2,783E+1	2,000E+3
1332,374	27,580	23,690	2,792E+1	2,792E+1	2,000E+3
1333,374	27,580	23,690	2,758E+1	2,372E+1	2,000E+3
1334,374	27,510	23,680	2,751E+1	2,751E+1	2,000E+3
1335,374	27,540	23,750	2,751E+1	2,751E+1	2,000E+3
1336,375	27,090	23,660	2,754E+1	2,754E+1	2,000E+3
1337,375	27,120	23,770	2,709E+1	2,709E+1	2,000E+3
1338,375	26,960	23,610	2,712E+1	2,712E+1	2,000E+3
1339,375	27,040	23,690	2,696E+1	2,373E+1	2,000E+3
1341,375	27,040	23,690	2,704E+1	2,704E+1	2,000E+3
1341,375	27,930	23,660	2,704E+1	2,704E+1	2,000E+3
1342,375	27,830	23,680	2,793E+1	2,793E+1	2,000E+3
1343,375	28,260	23,760	2,826E+1	2,826E+1	2,000E+3
1344,375	27,870	23,700	2,787E+1	2,787E+1	2,000E+3
1345,375	28,070	23,720	2,787E+1	2,373E+1	2,000E+3
1346,375	28,070	23,720	2,807E+1	2,807E+1	2,000E+3
1347,375	27,560	23,690	2,756E+1	2,756E+1	2,000E+3
1348,376	27,360	23,660	2,736E+1	2,736E+1	2,000E+3
1349,376	27,820	23,700	2,782E+1	2,782E+1	2,000E+3
1350,376	27,650	23,730	2,765E+1	2,765E+1	2,000E+3
1351,376	27,840	23,630	2,754E+1	2,754E+1	2,000E+3
1352,376	27,840	23,630	2,784E+1	2,784E+1	2,000E+3
1353,376	27,610	23,640	2,761E+1	2,761E+1	2,000E+3
1354,376	26,910	23,710	2,691E+1	2,691E+1	2,000E+3
1355,376	26,990	23,640	2,699E+1	2,699E+1	2,000E+3
1356,376	27,070	23,670	2,707E+1	2,707E+1	2,000E+3
1357,376	27,670	23,700	2,756E+1	2,756E+1	2,000E+3
1358,376	27,670	23,700	2,767E+1	2,767E+1	2,000E+3
1359,376	27,560	23,690	2,756E+1	2,756E+1	2,000E+3
1360,377	27,530	23,720	2,753E+1	2,753E+1	2,000E+3
1361,377	27,180	23,670	2,757E+1	2,757E+1	2,000E+3
1362,377	27,180	23,670	2,718E+1	2,718E+1	2,000E+3
1363,377	27,500	23,690	2,750E+1	2,750E+1	2,000E+3
1364,379	27,460	23,690	2,750E+1	2,750E+1	2,000E+3
1365,378	27,630	23,640	2,746E+1	2,746E+1	2,000E+3
1366,379	27,560	23,700	2,763E+1	2,763E+1	2,000E+3
1367,380	27,480	23,630	2,756E+1	2,756E+1	2,000E+3
1368,381	26,980	23,640	2,748E+1	2,369E+1	2,000E+3
1369,381	26,980	23,640	2,698E+1	2,698E+1	2,000E+3
1370,381	27,510	23,600	2,751E+1	2,751E+1	2,000E+3
1371,381	27,710	23,700	2,751E+1	2,751E+1	2,000E+3
1372,381	27,070	23,670	2,707E+1	2,707E+1	2,000E+3
1373,382	27,000	23,740	2,700E+1	2,700E+1	2,000E+3
1374,384	27,130	23,670	2,700E+1	2,371E+1	2,000E+3
1375,384	27,130	23,670	2,713E+1	2,713E+1	2,000E+3
1376,384	26,750	23,670	2,675E+1	2,675E+1	2,000E+3
1377,384	27,350	23,680	2,735E+1	2,735E+1	2,000E+3
1378,385	27,580	23,660	2,758E+1	2,758E+1	2,000E+3
1379,385	28,030	23,720	2,803E+1	2,803E+1	2,000E+3
1380,386	27,960	23,650	2,752E+1	2,752E+1	2,000E+3
1381,385	27,960	23,650	2,796E+1	2,796E+1	2,000E+3
1382,387	27,630	23,650	2,763E+1	2,763E+1	2,000E+3
1383,387	27,680	23,680	2,768E+1	2,768E+1	2,000E+3
1384,387	28,500	23,600	2,850E+1	2,850E+1	2,000E+3
1385,387	27,870	23,720	2,787E+1	2,787E+1	2,000E+3
1386,387	27,930	23,610	2,793E+1	2,793E+1	2,000E+3
1387,387	27,930	23,610	2,793E+1	2,793E+1	2,000E+3
1388,387	27,990	23,640	2,740E+1	2,740E+1	2,000E+3
1389,387	27,990	23,640	2,799E+1	2,799E+1	2,000E+3
1390,387	27,060	23,590	2,732E+1	2,732E+1	2,000E+3
1391,387	27,060	23,590	2,706E+1	2,368E+1	2,000E+3
1392,387	26,990	23,670	2,699E+1	2,699E+1	2,000E+3
1393,387	27,230	23,620	2,699E+1	2,699E+1	2,000E+3
1394,389	27,950	23,710	2,723E+1	2,723E+1	2,000E+3
1395,388	27,520	23,670	2,795E+1	2,795E+1	2,000E+3
1396,388	27,690	23,650	2,752E+1	2,752E+1	2,000E+3
1397,390	27,450	23,610	2,769E+1	2,369E+1	2,000E+3
1398,389	27,450	23,610	2,745E+1	2,745E+1	2,000E+3
1399,389	27,080	23,640	2,708E+1	2,708E+1	2,000E+3
1400,389	27,070	23,660	2,707E+1	2,707E+1	2,000E+3
1401,389	27,150	23,680	2,715E+1	2,715E+1	2,000E+3
1402,389	27,620	23,650	2,715E+1	2,715E+1	2,000E+3
1403,390	27,560	23,740	2,755E+1	2,755E+1	2,000E+3
1404,391	27,560	23,740	2,756E+1	2,756E+1	2,000E+3
1406,394	27,160	23,660	2,716E+1	2,716E+1	2,000E+3
1406,394	27,050	23,650	2,705E+1	2,705E+1	2,000E+3
1407,393	27,250	23,620	2,725E+1	2,725E+1	2,000E+3
1408,393	27,570	23,740	2,757E+1	2,757E+1	2,000E+3
1409,393	27,520	23,560	2,755E+1	2,755E+1	2,000E+3
1410,394	27,520	23,560	2,752E+1	2,752E+1	2,000E+3
1411,395	26,930	23,600	2,693E+1	2,693E+1	2,000E+3
1412,401	27,510	23,610	2,751E+1	2,751E+1	2,000E+3
1413,402	27,970	23,680	2,797E+1	2,797E+1	2,000E+3
1414,402	28,100	23,610	2,810E+1	2,810E+1	2,000E+3
1415,402	27,990	23,680	2,799E+1	2,799E+1	2,000E+3
1416,402	27,820	23,580	2,799E+1	2,799E+1	2,000E+3
1417,403	27,820	23,580	2,782E+1	2,782E+1	2,000E+3
1418,404	28,150	23,600	2,770E+1	2,770E+1	2,000E+3
1419,404	27,970	23,770	2,815E+1	2,815E+1	2,000E+3
1420,404	27,720	23,620	2,797E+1	2,369E+1	2,000E+3
1421,404	27,720	23,620	2,772E+1	2,772E+1	2,000E+3
1422,404	28,150	23,640	2,772E+1	2,772E+1	2,000E+3
1423,404	28,020	23,680	2,815E+1	2,815E+1	2,000E+3
1424,405	27,840	23,660	2,784E+1	2,784E+1	2,000E+3
1425,406	27,400	23,650	2,740E+1	2,740E+1	2,000E+3
1426,407	28,170	23,670	2,740E+1	2,369E+1	2,000E+3
1427,406	28,170	23,670	2,817E+1	2,817E+1	2,000E+3
1428,406	27,600	23,660	2,760E+1	2,760E+1	2,000E+3
1429,406	27,420	23,650	2,760E+1	2,760E+1	2,000E+3
1430,407	27,060	23,600	2,706E+1	2,706E+1	2,000E+3
1431,406	27,030	23,670	2,703E+1	2,703E+1	2,000E+3
1432,406	27,650	23,630	2,745E+1	2,745E+1	2,000E+3
1433,406	27,650	23,630	2,765E+1	2,765E+1	2,000E+3
1434,406	27,910	23,650	2,791E+1	2,791E+1	2,000E+3
1435,406	28,080	23,740	2,808E+1	2,808E+1	2,000E+3
1436,407	27,850	23,540	2,785E+1	2,785E+1	2,000E+3
1437,409	27,950	23,690	2,795E+1	2,795E+1	2,000E+3
1438,409	27,510	23,600	2,754E+1	2,754E+1	2,000E+3
1439,410	27,510	23,600	2,751E+1	2,751E+1	2,000E+3
1440,409	27,770	23,620	2,777E+1	2,777E+1	2,000E+3
1441,411	26,780	23,580	2,678E+1	2,678E+1	2,000E+3
1442,411	27,030	23,690	2,730E+1	2,730E+1	2,000E+3
1443,410	27,030	23,690	2,703E+1	2,703E+1	2,000E+3
1444,411	27,480	23,630	2,748E+1	2,748E+1	2,000E+3
1445,411	27,150	23,610	2,748E+1	2,748E+1	2,000E+3
1446,411	26,950	23,640	2,715E+1	2,715E+1	2,000E+3
1447,412	27,900	23,640	2,695E+1	2,695E+1	2,000E+3
1448,413	27,500	23,620	2,790E+1	2,790E+1	2,000E+3
1449,414	24,910	21,330	2,750E+1	2,318E+1	2,000E+3
1450,415	24,910	21,330	2,491E+1	2,491E+1	2,000E+3
1451,416	15,280	11,830	2,491E+1	2,491E+1	2,000E+3
