t	IF	IR	VF	VR
0,000	0,000	0,075	0,000E+0	1,700E+1
0,002	0,000	0,075	3,000E-1	1,700E+1
0,204	0,000	0,075	3,000E-1	1,700E+1
0,403	0,000	0,075	3,000E-1	1,700E+1
0,605	0,000	0,075	3,000E-1	1,700E+1
0,804	0,000	0,075	3,000E-1	1,700E+1
1,005	0,000	0,075	3,000E-1	1,700E+1
1,206	0,000	0,075	3,000E-1	1,700E+1
1,406	0,000	0,075	3,000E-1	1,700E+1
1,606	0,000	0,075	3,000E-1	1,700E+1
1,806	0,000	0,075	3,000E-1	1,700E+1
2,006	0,000	0,075	3,000E-1	1,700E+1
2,207	0,000	0,075	3,000E-1	1,700E+1
2,407	0,000	0,075	3,000E-1	1,700E+1
2,607	0,000	0,075	3,000E-1	1,700E+1
2,807	0,000	0,075	3,000E-1	1,700E+1
3,008	0,000	0,075	3,000E-1	1,700E+1
3,208	0,000	0,075	3,000E-1	1,700E+1
3,408	0,000	0,075	3,000E-1	1,700E+1
3,608	0,000	0,075	3,000E-1	1,700E+1
3,809	0,000	0,075	3,000E-1	1,700E+1
4,009	0,000	0,075	3,000E-1	1,700E+1
4,210	0,000	0,075	3,000E-1	1,700E+1
4,411	0,000	0,075	3,000E-1	1,700E+1
4,611	0,000	0,075	3,000E-1	1,700E+1
4,813	0,000	0,075	3,000E-1	1,700E+1
5,012	0,000	0,075	3,000E-1	1,700E+1
5,212	0,000	0,075	3,000E-1	1,700E+1
5,413	0,000	0,075	3,000E-1	1,700E+1
5,613	0,000	0,075	3,000E-1	1,700E+1
5,813	0,000	0,075	3,000E-1	1,700E+1
6,014	0,000	0,075	3,000E-1	1,700E+1
6,215	0,000	0,075	3,000E-1	1,700E+1
6,416	0,000	0,075	3,000E-1	1,700E+1
6,616	0,000	0,075	3,000E-1	1,700E+1
6,816	0,000	0,075	3,000E-1	1,700E+1
7,016	0,000	0,075	3,000E-1	1,700E+1
7,217	0,000	0,075	3,000E-1	1,700E+1
7,417	0,000	0,075	3,000E-1	1,700E+1
7,618	0,000	0,075	3,000E-1	1,700E+1
7,818	0,000	0,075	3,000E-1	1,700E+1
8,019	0,000	0,075	3,000E-1	1,700E+1
8,219	0,000	0,075	3,000E-1	1,700E+1
8,418	0,000	0,075	3,000E-1	1,700E+1
8,618	0,000	0,075	3,000E-1	1,700E+1
8,819	0,000	0,075	3,000E-1	1,700E+1
9,019	0,000	0,075	3,000E-1	1,700E+1
9,220	0,000	0,075	3,000E-1	1,700E+1
9,420	0,000	0,075	3,000E-1	1,700E+1
9,620	0,000	0,075	3,000E-1	1,700E+1
9,820	0,000	0,075	3,000E-1	1,700E+1
10,020	0,000	0,075	3,000E-1	1,700E+1
10,222	0,000	0,075	3,000E-1	1,700E+1
10,421	0,000	0,075	3,000E-1	1,700E+1
10,621	0,000	0,075	3,000E-1	1,700E+1
10,821	0,000	0,075	3,000E-1	1,700E+1
11,021	0,000	0,075	3,000E-1	1,700E+1
11,222	0,000	0,075	3,000E-1	1,700E+1
11,422	0,000	0,075	3,000E-1	1,700E+1
11,622	0,000	0,075	3,000E-1	1,700E+1
11,822	0,000	0,075	3,000E-1	1,700E+1
12,022	0,000	0,075	3,000E-1	1,700E+1
12,223	0,000	0,075	3,000E-1	1,700E+1
12,422	0,000	0,075	3,000E-1	1,700E+1
12,622	0,000	0,075	3,000E-1	1,700E+1
12,822	0,000	0,075	3,000E-1	1,700E+1
13,022	0,000	0,075	3,000E-1	1,700E+1
13,223	0,000	0,075	3,000E-1	1,700E+1
13,424	0,000	0,075	3,000E-1	1,700E+1
13,625	0,000	0,075	3,000E-1	1,700E+1
13,825	0,000	0,075	3,000E-1	1,700E+1
14,026	0,000	0,075	3,000E-1	1,700E+1
14,227	0,000	0,075	3,000E-1	1,700E+1
14,426	0,000	0,075	3,000E-1	1,700E+1
14,626	0,000	0,075	3,000E-1	1,700E+1
14,826	0,000	0,075	3,000E-1	1,700E+1
15,026	0,000	0,075	3,000E-1	1,700E+1
15,227	0,000	0,075	3,000E-1	1,700E+1
15,428	0,000	0,075	3,000E-1	1,700E+1
15,629	0,000	0,075	3,000E-1	1,700E+1
15,829	0,000	0,075	3,000E-1	1,700E+1
16,028	0,000	0,075	3,000E-1	1,700E+1
16,230	0,000	0,075	3,000E-1	1,700E+1
16,431	0,000	0,075	3,000E-1	1,700E+1
16,631	0,000	0,075	3,000E-1	1,700E+1
16,831	0,000	0,075	3,000E-1	1,700E+1
17,031	0,000	0,075	3,000E-1	1,700E+1
17,232	0,000	0,075	3,000E-1	1,700E+1
17,433	0,000	0,075	3,000E-1	1,700E+1
17,633	0,000	0,075	3,000E-1	1,700E+1
17,833	0,000	0,075	3,000E-1	1,700E+1
18,033	0,000	0,075	3,000E-1	1,700E+1
18,233	0,000	0,075	3,000E-1	1,700E+1
18,434	0,000	0,075	3,000E-1	1,700E+1
18,633	0,000	0,075	3,000E-1	1,700E+1
18,834	0,000	0,075	3,000E-1	1,700E+1
19,034	0,000	0,075	3,000E-1	1,700E+1
19,235	0,000	0,075	3,000E-1	1,700E+1
19,436	0,000	0,075	3,000E-1	1,700E+1
19,636	0,000	0,075	3,000E-1	1,700E+1
19,836	0,000	0,075	3,000E-1	1,700E+1
20,036	0,000	0,075	3,000E-1	1,700E+1
20,236	0,000	0,075	3,000E-1	1,700E+1
20,437	0,000	0,075	3,000E-1	1,700E+1
20,637	0,000	0,075	3,000E-1	1,700E+1
20,837	0,000	0,075	3,000E-1	1,700E+1
21,036	0,000	0,075	3,000E-1	1,700E+1
21,238	0,000	0,075	3,000E-1	1,700E+1
21,437	0,000	0,075	3,000E-1	1,700E+1
21,637	0,000	0,075	3,000E-1	1,700E+1
21,838	0,000	0,075	3,000E-1	1,700E+1
22,039	0,000	0,075	3,000E-1	1,700E+1
22,241	0,000	0,075	3,000E-1	1,700E+1
22,440	0,000	0,075	3,000E-1	1,700E+1
22,640	0,000	0,075	3,000E-1	1,700E+1
22,840	0,000	0,075	3,000E-1	1,700E+1
23,041	0,000	0,075	3,000E-1	1,700E+1
23,240	0,000	0,075	3,000E-1	1,700E+1
23,440	0,000	0,075	3,000E-1	1,700E+1
23,640	0,000	0,075	3,000E-1	1,700E+1
23,840	0,000	0,075	3,000E-1	1,700E+1
24,040	0,000	0,075	3,000E-1	1,700E+1
24,240	0,000	0,075	3,000E-1	1,700E+1
24,441	0,000	0,075	3,000E-1	1,700E+1
24,641	0,000	0,075	3,000E-1	1,700E+1
24,841	0,000	0,075	3,000E-1	1,700E+1
25,041	0,000	0,075	3,000E-1	1,700E+1
25,242	0,000	0,075	3,000E-1	1,700E+1
25,442	0,000	0,075	3,000E-1	1,700E+1
25,642	0,000	0,075	3,000E-1	1,700E+1
25,843	0,000	0,075	3,000E-1	1,700E+1
26,043	0,000	0,075	3,000E-1	1,700E+1
26,245	0,000	0,075	3,000E-1	1,700E+1
26,445	0,000	0,075	3,000E-1	1,700E+1
26,645	0,000	0,075	3,000E-1	1,700E+1
26,844	0,000	0,075	3,000E-1	1,700E+1
27,044	0,000	0,075	3,000E-1	1,700E+1
27,246	0,000	0,075	3,000E-1	1,700E+1
27,445	0,000	0,075	3,000E-1	1,700E+1
27,645	0,000	0,075	3,000E-1	1,700E+1
27,846	0,000	0,075	3,000E-1	1,700E+1
28,045	0,000	0,075	3,000E-1	1,700E+1
28,248	0,000	0,075	3,000E-1	1,700E+1
28,447	0,000	0,075	3,000E-1	1,700E+1
28,649	0,000	0,075	3,000E-1	1,700E+1
28,849	0,000	0,075	3,000E-1	1,700E+1
29,050	0,000	0,075	3,000E-1	1,700E+1
29,251	0,000	0,075	3,000E-1	1,700E+1
29,451	0,000	0,075	3,000E-1	1,700E+1
29,651	0,000	0,075	3,000E-1	1,700E+1
29,851	0,000	0,075	3,000E-1	1,700E+1
30,052	0,000	0,075	3,000E-1	1,700E+1
30,253	0,000	0,075	3,000E-1	1,700E+1
30,453	0,000	0,075	3,000E-1	1,700E+1
30,653	0,000	0,075	3,000E-1	1,700E+1
30,855	0,000	0,075	3,000E-1	1,700E+1
31,055	0,000	0,075	3,000E-1	1,700E+1
31,254	0,000	0,075	3,000E-1	1,700E+1
31,455	0,000	0,075	3,000E-1	1,700E+1
31,656	0,000	0,075	3,000E-1	1,700E+1
31,858	0,000	0,075	3,000E-1	1,700E+1
32,058	0,000	0,075	3,000E-1	1,700E+1
32,259	0,000	0,075	3,000E-1	1,700E+1
32,459	0,000	0,075	3,000E-1	1,700E+1
32,659	0,000	0,075	3,000E-1	1,700E+1
32,859	0,000	0,075	3,000E-1	1,700E+1
33,061	0,000	0,075	3,000E-1	1,700E+1
33,262	0,000	0,075	3,000E-1	1,700E+1
33,461	0,000	0,075	3,000E-1	1,700E+1
33,661	0,000	0,075	3,000E-1	1,700E+1
33,861	0,000	0,075	3,000E-1	1,700E+1
34,061	0,000	0,075	3,000E-1	1,700E+1
34,263	0,000	0,075	3,000E-1	1,700E+1
34,463	0,075	0,075	3,000E-1	1,700E+1
34,665	0,075	0,075	5,320E+0	1,700E+1
34,864	0,075	0,075	5,320E+0	1,700E+1
35,065	0,075	0,075	5,060E+0	1,700E+1
35,265	0,075	0,075	5,060E+0	1,700E+1
35,466	0,075	0,075	5,060E+0	1,700E+1
35,666	0,075	0,075	5,060E+0	1,700E+1
35,867	0,075	0,075	5,060E+0	1,700E+1
36,066	0,075	0,075	5,060E+0	1,700E+1
36,268	0,075	0,075	5,060E+0	1,700E+1
36,467	0,075	0,075	5,060E+0	1,700E+1
36,667	0,075	0,075	5,060E+0	1,700E+1
36,868	0,075	0,075	5,060E+0	1,700E+1
37,069	0,075	0,075	5,060E+0	1,700E+1
37,270	0,075	0,075	5,060E+0	1,700E+1
37,470	0,075	0,075	5,060E+0	1,700E+1
37,671	0,075	0,075	5,060E+0	1,700E+1
37,872	0,075	0,075	5,060E+0	1,700E+1
38,074	0,075	0,075	5,060E+0	1,700E+1
38,274	0,075	0,075	5,060E+0	1,700E+1
38,475	0,075	0,075	5,060E+0	1,700E+1
38,674	0,075	0,075	5,060E+0	1,700E+1
38,874	0,075	0,075	5,060E+0	1,700E+1
39,074	0,075	0,075	5,060E+0	1,700E+1
39,275	0,075	0,075	5,060E+0	1,700E+1
39,475	0,075	0,075	5,060E+0	1,700E+1
39,675	0,075	0,075	5,060E+0	1,700E+1
39,875	0,075	0,075	5,060E+0	1,700E+1
40,075	0,075	0,075	5,060E+0	1,700E+1
40,276	0,075	0,075	5,060E+0	1,700E+1
40,476	0,075	0,075	5,060E+0	1,700E+1
40,676	0,075	0,075	5,060E+0	1,700E+1
40,877	0,075	0,075	5,060E+0	1,700E+1
41,078	0,075	0,075	5,050E+0	1,700E+1
41,277	0,075	0,075	5,060E+0	1,700E+1
41,477	0,075	0,075	5,060E+0	1,700E+1
41,677	0,075	0,075	5,050E+0	1,700E+1
41,878	0,075	0,075	5,060E+0	1,700E+1
42,077	0,075	0,075	5,060E+0	1,700E+1
42,279	0,075	0,075	5,060E+0	1,700E+1
42,479	0,075	0,075	5,060E+0	1,700E+1
42,679	0,075	0,075	5,060E+0	1,700E+1
42,880	0,075	0,075	5,060E+0	1,700E+1
43,081	0,075	0,075	5,060E+0	1,700E+1
43,283	0,075	0,075	5,060E+0	1,700E+1
43,484	0,075	0,075	5,060E+0	1,700E+1
43,684	0,075	0,075	5,060E+0	1,700E+1
43,885	0,075	0,075	5,060E+0	1,700E+1
44,084	0,075	0,075	5,060E+0	1,700E+1
44,286	0,075	0,075	5,060E+0	1,700E+1
44,485	0,075	0,075	5,050E+0	1,700E+1
44,685	0,075	0,075	5,050E+0	1,700E+1
44,885	0,075	0,075	5,050E+0	1,700E+1
45,085	0,075	0,075	5,050E+0	1,700E+1
45,285	0,075	0,075	5,060E+0	1,700E+1
45,485	0,075	0,100	5,060E+0	1,700E+1
45,685	0,075	0,100	5,060E+0	1,700E+1
45,885	0,075	0,100	5,050E+0	1,700E+1
46,086	0,075	0,100	5,050E+0	1,700E+1
46,286	0,075	0,100	5,050E+0	1,700E+1
46,487	0,075	0,100	5,060E+0	1,700E+1
46,687	0,075	0,100	5,060E+0	1,700E+1
46,887	0,075	0,100	5,060E+0	1,700E+1
47,087	0,075	0,100	5,060E+0	1,700E+1
47,288	0,075	0,100	5,060E+0	1,700E+1
47,489	0,075	0,100	5,060E+0	1,700E+1
47,690	0,075	0,100	8,270E+0	1,700E+1
47,890	0,100	0,100	6,630E+0	1,700E+1
48,090	0,100	0,100	6,630E+0	1,700E+1
48,291	0,100	0,100	6,630E+0	1,700E+1
48,491	0,100	0,100	6,630E+0	1,700E+1
48,691	0,100	0,100	6,630E+0	1,700E+1
48,891	0,100	0,100	6,630E+0	1,700E+1
49,092	0,100	0,100	6,630E+0	1,700E+1
49,292	0,100	0,100	6,630E+0	1,700E+1
49,492	0,100	0,100	6,630E+0	1,700E+1
49,692	0,100	0,100	6,630E+0	1,700E+1
49,892	0,100	0,100	6,620E+0	1,700E+1
50,093	0,100	0,100	6,630E+0	1,700E+1
50,292	0,100	0,100	6,630E+0	1,700E+1
50,492	0,100	0,100	6,630E+0	1,700E+1
50,692	0,100	0,100	6,630E+0	1,700E+1
50,893	0,100	0,100	6,630E+0	1,700E+1
51,092	0,100	0,100	6,630E+0	1,700E+1
51,292	0,100	0,100	6,630E+0	1,700E+1
51,492	0,100	0,100	6,630E+0	1,700E+1
51,692	0,100	0,100	6,630E+0	1,700E+1
51,892	0,100	0,100	6,630E+0	1,700E+1
52,092	0,100	0,100	6,630E+0	1,700E+1
52,292	0,100	0,100	6,630E+0	1,700E+1
52,493	0,100	0,100	6,630E+0	1,700E+1
52,694	0,100	0,100	6,630E+0	1,700E+1
52,893	0,100	0,100	6,630E+0	1,700E+1
53,093	0,100	0,100	6,630E+0	1,700E+1
53,293	0,100	0,100	6,630E+0	1,700E+1
53,493	0,100	0,100	6,630E+0	1,700E+1
53,695	0,100	0,100	6,630E+0	1,700E+1
53,895	0,100	0,100	6,630E+0	1,700E+1
54,095	0,100	0,100	6,630E+0	1,700E+1
54,296	0,100	0,100	6,630E+0	1,700E+1
54,496	0,100	0,100	6,630E+0	1,700E+1
54,698	0,100	0,100	6,630E+0	1,700E+1
54,897	0,100	0,100	6,630E+0	1,700E+1
55,097	0,100	0,100	6,630E+0	1,700E+1
55,297	0,100	0,125	6,630E+0	1,700E+1
55,497	0,100	0,125	6,630E+0	1,700E+1
55,697	0,100	0,125	6,630E+0	1,700E+1
55,897	0,100	0,125	6,630E+0	1,700E+1
56,097	0,100	0,125	6,630E+0	1,700E+1
56,299	0,100	0,125	6,630E+0	1,700E+1
56,499	0,100	0,125	6,630E+0	1,700E+1
56,699	0,100	0,125	6,620E+0	1,700E+1
56,900	0,100	0,125	6,630E+0	1,700E+1
57,100	0,100	0,125	6,630E+0	1,700E+1
57,300	0,100	0,125	6,630E+0	1,700E+1
57,500	0,100	0,125	6,630E+0	1,700E+1
57,700	0,100	0,125	6,630E+0	1,700E+1
57,902	0,125	0,125	9,950E+0	1,700E+1
58,103	0,125	0,125	8,200E+0	1,700E+1
58,303	0,125	0,125	8,200E+0	1,700E+1
58,503	0,125	0,125	8,200E+0	1,700E+1
58,704	0,125	0,125	8,200E+0	1,700E+1
58,903	0,125	0,125	8,200E+0	1,700E+1
59,104	0,125	0,125	8,200E+0	1,700E+1
59,306	0,125	0,125	8,200E+0	1,700E+1
59,507	0,125	0,125	8,200E+0	1,700E+1
59,706	0,125	0,125	8,200E+0	1,700E+1
59,907	0,125	0,125	8,200E+0	1,700E+1
60,106	0,125	0,125	8,200E+0	1,700E+1
60,307	0,125	0,125	8,200E+0	1,700E+1
60,507	0,125	0,125	8,200E+0	1,700E+1
60,707	0,125	0,125	8,200E+0	1,700E+1
60,907	0,125	0,125	8,200E+0	1,700E+1
61,108	0,125	0,125	8,200E+0	1,700E+1
61,308	0,125	0,125	8,200E+0	1,700E+1
61,509	0,125	0,125	8,200E+0	1,700E+1
61,710	0,125	0,125	8,200E+0	1,700E+1
61,910	0,125	0,125	8,200E+0	1,700E+1
62,110	0,125	0,125	8,200E+0	1,700E+1
62,310	0,125	0,125	8,200E+0	1,700E+1
62,510	0,125	0,125	8,200E+0	1,700E+1
62,712	0,125	0,125	8,200E+0	1,700E+1
62,911	0,125	0,125	8,200E+0	1,700E+1
63,111	0,125	0,125	8,200E+0	1,700E+1
63,312	0,125	0,125	8,200E+0	1,700E+1
63,512	0,125	0,125	8,200E+0	1,700E+1
63,712	0,125	0,125	8,200E+0	1,700E+1
63,912	0,125	0,125	8,200E+0	1,700E+1
64,112	0,125	0,125	8,200E+0	1,700E+1
64,314	0,125	0,125	8,200E+0	1,700E+1
64,513	0,125	0,125	8,200E+0	1,700E+1
64,714	0,125	0,125	8,200E+0	1,700E+1
64,914	0,125	0,125	8,200E+0	1,700E+1
65,114	0,125	0,125	8,200E+0	1,700E+1
65,314	0,125	0,125	8,200E+0	1,700E+1
65,514	0,125	0,125	8,200E+0	1,700E+1
65,714	0,125	0,125	8,200E+0	1,700E+1
65,914	0,125	0,125	8,200E+0	1,700E+1
66,116	0,125	0,125	8,200E+0	1,700E+1
66,315	0,125	0,125	8,200E+0	1,700E+1
66,516	0,125	0,125	8,200E+0	1,700E+1
66,717	0,125	0,150	8,200E+0	1,700E+1
66,917	0,125	0,150	8,200E+0	1,700E+1
67,117	0,125	0,150	8,200E+0	1,700E+1
67,319	0,125	0,150	8,200E+0	1,700E+1
67,520	0,125	0,150	8,200E+0	1,700E+1
67,720	0,125	0,150	8,200E+0	1,700E+1
67,921	0,125	0,150	8,200E+0	1,700E+1
68,121	0,125	0,150	8,200E+0	1,700E+1
68,323	0,125	0,150	8,200E+0	1,700E+1
68,524	0,125	0,150	8,200E+0	1,700E+1
68,723	0,125	0,150	8,200E+0	1,700E+1
68,924	0,125	0,150	8,200E+0	1,700E+1
69,124	0,125	0,150	1,074E+1	1,700E+1
69,324	0,150	0,150	9,770E+0	1,700E+1
69,525	0,150	0,150	9,770E+0	1,700E+1
69,724	0,150	0,150	9,770E+0	1,700E+1
69,924	0,150	0,150	9,770E+0	1,700E+1
70,125	0,150	0,150	9,770E+0	1,700E+1
70,325	0,150	0,150	9,770E+0	1,700E+1
70,525	0,150	0,150	9,780E+0	1,700E+1
70,725	0,150	0,150	9,770E+0	1,700E+1
70,925	0,150	0,150	9,770E+0	1,700E+1
71,125	0,150	0,150	9,770E+0	1,700E+1
71,326	0,150	0,150	9,770E+0	1,700E+1
71,526	0,150	0,150	9,770E+0	1,700E+1
71,727	0,150	0,150	9,770E+0	1,700E+1
71,928	0,150	0,150	9,770E+0	1,700E+1
72,128	0,150	0,150	9,770E+0	1,700E+1
72,329	0,150	0,150	9,770E+0	1,700E+1
72,529	0,150	0,150	9,770E+0	1,700E+1
72,729	0,150	0,150	9,770E+0	1,700E+1
72,930	0,150	0,150	9,770E+0	1,700E+1
73,129	0,150	0,150	9,770E+0	1,700E+1
73,329	0,150	0,150	9,770E+0	1,700E+1
73,530	0,150	0,150	9,770E+0	1,700E+1
73,731	0,150	0,150	9,770E+0	1,700E+1
73,932	0,150	0,150	9,770E+0	1,700E+1
74,132	0,150	0,150	9,770E+0	1,700E+1
74,332	0,150	0,150	9,770E+0	1,700E+1
74,532	0,150	0,150	9,770E+0	1,700E+1
74,733	0,150	0,150	9,770E+0	1,700E+1
74,935	0,150	0,150	9,770E+0	1,700E+1
75,135	0,150	0,150	9,770E+0	1,700E+1
75,334	0,150	0,150	9,770E+0	1,700E+1
75,535	0,150	0,150	9,770E+0	1,700E+1
75,734	0,150	0,150	9,770E+0	1,700E+1
75,934	0,150	0,150	9,780E+0	1,700E+1
76,134	0,150	0,150	9,780E+0	1,700E+1
76,334	0,150	0,150	9,770E+0	1,700E+1
76,534	0,150	0,150	9,770E+0	1,700E+1
76,735	0,150	0,150	9,770E+0	1,700E+1
76,935	0,150	0,150	9,770E+0	1,700E+1
77,136	0,150	0,175	9,770E+0	1,700E+1
77,338	0,150	0,175	9,770E+0	1,700E+1
77,540	0,150	0,175	9,770E+0	1,700E+1
77,739	0,150	0,175	9,770E+0	1,700E+1
77,939	0,150	0,175	9,770E+0	1,700E+1
78,139	0,150	0,175	9,770E+0	1,700E+1
78,339	0,150	0,175	9,780E+0	1,700E+1
78,539	0,150	0,175	9,770E+0	1,700E+1
78,740	0,150	0,175	9,770E+0	1,700E+1
78,940	0,150	0,175	1,249E+1	1,700E+1
79,139	0,175	0,175	1,135E+1	1,700E+1
79,340	0,175	0,175	1,135E+1	1,700E+1
79,540	0,175	0,175	1,135E+1	1,700E+1
79,740	0,175	0,175	1,135E+1	1,700E+1
79,940	0,175	0,175	1,135E+1	1,700E+1
80,140	0,175	0,175	1,135E+1	1,700E+1
80,341	0,175	0,175	1,135E+1	1,700E+1
80,541	0,175	0,175	1,135E+1	1,700E+1
80,742	0,175	0,175	1,135E+1	1,700E+1
80,941	0,175	0,175	1,135E+1	1,700E+1
81,142	0,175	0,175	1,135E+1	1,700E+1
81,341	0,175	0,175	1,135E+1	1,700E+1
81,541	0,175	0,175	1,135E+1	1,700E+1
81,742	0,175	0,175	1,135E+1	1,700E+1
81,942	0,175	0,175	1,135E+1	1,700E+1
82,142	0,175	0,175	1,135E+1	1,700E+1
82,342	0,175	0,175	1,135E+1	1,700E+1
82,543	0,175	0,175	1,135E+1	1,700E+1
82,742	0,175	0,175	1,135E+1	1,700E+1
82,943	0,175	0,175	1,135E+1	1,700E+1
83,144	0,175	0,175	1,135E+1	1,700E+1
83,346	0,175	0,175	1,135E+1	1,700E+1
83,546	0,175	0,175	1,135E+1	1,700E+1
83,746	0,175	0,175	1,136E+1	1,700E+1
83,948	0,175	0,175	1,136E+1	1,700E+1
84,147	0,175	0,175	1,136E+1	1,700E+1
84,348	0,175	0,175	1,135E+1	1,700E+1
84,549	0,175	0,175	1,136E+1	1,700E+1
84,749	0,175	0,175	1,136E+1	1,700E+1
84,948	0,175	0,175	1,135E+1	1,700E+1
85,149	0,175	0,175	1,136E+1	1,700E+1
85,349	0,175	0,175	1,136E+1	1,700E+1
85,549	0,175	0,175	1,135E+1	1,700E+1
85,749	0,175	0,175	1,135E+1	1,700E+1
85,949	0,175	0,175	1,135E+1	1,700E+1
86,150	0,175	0,175	1,135E+1	1,700E+1
86,351	0,175	0,175	1,136E+1	1,700E+1
86,551	0,175	0,175	1,136E+1	1,700E+1
86,751	0,175	0,175	1,136E+1	1,700E+1
86,952	0,175	0,175	1,135E+1	1,700E+1
87,151	0,175	0,175	1,136E+1	1,700E+1
87,351	0,175	0,175	1,136E+1	1,700E+1
87,551	0,175	0,175	1,135E+1	1,700E+1
87,751	0,175	0,200	1,135E+1	1,700E+1
87,952	0,175	0,200	1,135E+1	1,700E+1
88,152	0,175	0,200	1,136E+1	1,700E+1
88,353	0,175	0,200	1,136E+1	1,700E+1
88,553	0,175	0,200	1,136E+1	1,700E+1
88,754	0,175	0,200	1,136E+1	1,700E+1
88,954	0,175	0,200	1,136E+1	1,700E+1
89,154	0,175	0,200	1,136E+1	1,700E+1
89,355	0,175	0,200	1,136E+1	1,700E+1
89,554	0,200	0,200	1,456E+1	1,700E+1
89,754	0,200	0,200	1,293E+1	1,700E+1
89,954	0,200	0,200	1,293E+1	1,700E+1
90,154	0,200	0,200	1,293E+1	1,700E+1
90,355	0,200	0,200	1,293E+1	1,700E+1
90,556	0,200	0,200	1,293E+1	1,700E+1
90,756	0,200	0,200	1,293E+1	1,700E+1
90,956	0,200	0,200	1,293E+1	1,700E+1
91,155	0,200	0,200	1,293E+1	1,700E+1
91,357	0,200	0,200	1,293E+1	1,700E+1
91,556	0,200	0,200	1,293E+1	1,700E+1
91,757	0,200	0,200	1,293E+1	1,700E+1
91,957	0,200	0,200	1,293E+1	1,700E+1
92,157	0,200	0,200	1,293E+1	1,700E+1
92,357	0,200	0,200	1,293E+1	1,700E+1
92,557	0,200	0,200	1,293E+1	1,700E+1
92,757	0,200	0,200	1,293E+1	1,700E+1
92,957	0,200	0,200	1,293E+1	1,700E+1
93,158	0,200	0,200	1,293E+1	1,700E+1
93,357	0,200	0,200	1,293E+1	1,700E+1
93,557	0,200	0,200	1,293E+1	1,700E+1
93,758	0,200	0,200	1,293E+1	1,700E+1
93,957	0,200	0,200	1,293E+1	1,700E+1
94,157	0,200	0,200	1,293E+1	1,700E+1
94,359	0,200	0,200	1,293E+1	1,700E+1
94,560	0,200	0,200	1,293E+1	1,700E+1
94,760	0,200	0,200	1,294E+1	1,700E+1
94,959	0,200	0,200	1,293E+1	1,700E+1
95,160	0,200	0,200	1,293E+1	1,700E+1
95,360	0,200	0,200	1,294E+1	1,700E+1
95,560	0,200	0,200	1,294E+1	1,700E+1
95,760	0,200	0,200	1,294E+1	1,700E+1
95,960	0,200	0,200	1,294E+1	1,700E+1
96,160	0,200	0,200	1,294E+1	1,700E+1
96,361	0,200	0,200	1,294E+1	1,700E+1
96,561	0,200	0,200	1,294E+1	1,700E+1
96,761	0,200	0,200	1,294E+1	1,700E+1
96,962	0,200	0,200	1,294E+1	1,700E+1
97,162	0,200	0,200	1,294E+1	1,700E+1
97,364	0,200	0,200	1,294E+1	1,700E+1
97,565	0,200	0,200	1,294E+1	1,700E+1
97,766	0,200	0,200	1,294E+1	1,700E+1
97,966	0,200	0,200	1,294E+1	1,700E+1
98,166	0,200	0,200	1,294E+1	1,700E+1
98,368	0,200	0,225	1,294E+1	1,700E+1
98,567	0,200	0,225	1,294E+1	1,700E+1
98,767	0,200	0,225	1,294E+1	1,700E+1
98,968	0,200	0,225	1,294E+1	1,700E+1
99,168	0,200	0,225	1,294E+1	1,700E+1
99,369	0,200	0,225	1,294E+1	1,700E+1
99,570	0,200	0,225	1,294E+1	1,700E+1
99,769	0,200	0,225	1,294E+1	1,700E+1
99,970	0,211	0,225	1,294E+1	1,700E+1
100,171	0,211	0,225	1,294E+1	1,700E+1
100,370	0,225	0,225	1,450E+1	1,700E+1
100,571	0,225	0,225	1,451E+1	1,700E+1
100,771	0,225	0,225	1,451E+1	1,700E+1
100,971	0,225	0,225	1,451E+1	1,700E+1
101,171	0,225	0,225	1,451E+1	1,700E+1
101,371	0,225	0,225	1,451E+1	1,700E+1
101,571	0,225	0,225	1,451E+1	1,700E+1
101,772	0,225	0,225	1,451E+1	1,700E+1
101,972	0,225	0,225	1,451E+1	1,700E+1
102,172	0,225	0,225	1,452E+1	1,700E+1
102,374	0,225	0,225	1,452E+1	1,700E+1
102,574	0,225	0,225	1,451E+1	1,700E+1
102,774	0,225	0,225	1,451E+1	1,700E+1
102,974	0,225	0,225	1,451E+1	1,700E+1
103,174	0,225	0,225	1,451E+1	1,700E+1
103,375	0,225	0,225	1,451E+1	1,700E+1
103,575	0,225	0,225	1,451E+1	1,700E+1
103,775	0,225	0,225	1,451E+1	1,700E+1
103,977	0,225	0,225	1,452E+1	1,700E+1
104,178	0,225	0,225	1,452E+1	1,700E+1
104,378	0,225	0,225	1,452E+1	1,700E+1
104,580	0,225	0,225	1,452E+1	1,700E+1
104,779	0,225	0,225	1,452E+1	1,700E+1
104,980	0,225	0,225	1,452E+1	1,700E+1
105,181	0,225	0,225	1,452E+1	1,700E+1
105,381	0,225	0,225	1,452E+1	1,700E+1
105,582	0,225	0,225	1,452E+1	1,700E+1
105,783	0,225	0,225	1,452E+1	1,700E+1
105,983	0,225	0,225	1,452E+1	1,700E+1
106,183	0,225	0,225	1,452E+1	1,700E+1
106,384	0,225	0,225	1,452E+1	1,700E+1
106,584	0,225	0,225	1,452E+1	1,700E+1
106,784	0,225	0,225	1,452E+1	1,700E+1
106,984	0,225	0,225	1,452E+1	1,700E+1
107,184	0,225	0,225	1,452E+1	1,700E+1
107,384	0,225	0,225	1,452E+1	1,700E+1
107,584	0,225	0,225	1,452E+1	1,700E+1
107,785	0,225	0,225	1,452E+1	1,700E+1
107,984	0,225	0,225	1,452E+1	1,700E+1
108,184	0,225	0,225	1,452E+1	1,700E+1
108,384	0,225	0,225	1,452E+1	1,700E+1
108,585	0,225	0,225	1,452E+1	1,700E+1
108,785	0,225	0,225	1,453E+1	1,700E+1
108,986	0,225	0,225	1,453E+1	1,700E+1
109,185	0,225	0,250	1,453E+1	1,700E+1
109,386	0,225	0,250	1,453E+1	1,700E+1
109,586	0,225	0,250	1,453E+1	1,700E+1
109,786	0,225	0,250	1,453E+1	1,700E+1
109,987	0,225	0,250	1,453E+1	1,700E+1
110,187	0,225	0,250	1,453E+1	1,700E+1
110,387	0,225	0,250	1,453E+1	1,700E+1
110,587	0,225	0,250	1,453E+1	1,700E+1
110,788	0,225	0,250	1,453E+1	1,700E+1
110,988	0,225	0,250	1,500E+1	1,700E+1
111,188	0,253	0,250	1,500E+1	1,700E+1
111,388	0,253	0,250	1,612E+1	1,700E+1
111,589	0,250	0,250	1,611E+1	1,700E+1
111,789	0,250	0,250	1,611E+1	1,700E+1
111,989	0,250	0,250	1,611E+1	1,700E+1
112,189	0,250	0,250	1,611E+1	1,700E+1
112,390	0,250	0,250	1,611E+1	1,700E+1
112,590	0,250	0,250	1,611E+1	1,700E+1
112,791	0,250	0,250	1,611E+1	1,700E+1
112,991	0,250	0,250	1,611E+1	1,700E+1
113,191	0,250	0,250	1,611E+1	1,700E+1
113,391	0,250	0,250	1,612E+1	1,700E+1
113,592	0,250	0,250	1,612E+1	1,700E+1
113,793	0,250	0,250	1,612E+1	1,700E+1
113,993	0,250	0,250	1,612E+1	1,700E+1
114,194	0,250	0,250	1,612E+1	1,700E+1
114,394	0,250	0,250	1,612E+1	1,700E+1
114,594	0,250	0,250	1,612E+1	1,700E+1
114,795	0,250	0,250	1,612E+1	1,700E+1
114,996	0,250	0,250	1,612E+1	1,700E+1
115,196	0,250	0,250	1,612E+1	1,700E+1
115,397	0,250	0,250	1,612E+1	1,700E+1
115,598	0,250	0,250	1,612E+1	1,700E+1
115,797	0,250	0,250	1,612E+1	1,700E+1
115,997	0,250	0,250	1,613E+1	1,700E+1
116,198	0,250	0,250	1,613E+1	1,700E+1
116,399	0,250	0,250	1,613E+1	1,700E+1
116,600	0,250	0,250	1,613E+1	1,700E+1
116,800	0,250	0,250	1,613E+1	1,700E+1
117,000	0,250	0,250	1,613E+1	1,700E+1
117,200	0,250	0,250	1,613E+1	1,700E+1
117,401	0,250	0,250	1,613E+1	1,700E+1
117,601	0,250	0,250	1,613E+1	1,700E+1
117,801	0,250	0,250	1,613E+1	1,700E+1
118,001	0,250	0,250	1,613E+1	1,700E+1
118,201	0,250	0,250	1,613E+1	1,700E+1
118,404	0,250	0,250	1,613E+1	1,700E+1
118,603	0,250	0,250	1,614E+1	1,700E+1
118,803	0,250	0,250	1,613E+1	1,700E+1
119,004	0,250	0,250	1,613E+1	1,700E+1
119,206	0,250	0,250	1,614E+1	1,700E+1
119,406	0,250	0,250	1,614E+1	1,700E+1
119,606	0,250	0,250	1,614E+1	1,700E+1
119,807	0,250	0,250	1,614E+1	1,700E+1
120,008	0,250	0,275	1,614E+1	1,700E+1
120,207	0,250	0,275	1,614E+1	1,700E+1
120,408	0,250	0,275	1,614E+1	1,700E+1
120,608	0,250	0,275	1,614E+1	1,700E+1
120,808	0,250	0,275	1,614E+1	1,700E+1
121,008	0,250	0,275	1,614E+1	1,700E+1
121,208	0,250	0,275	1,614E+1	1,700E+1
121,409	0,250	0,275	1,615E+1	1,700E+1
121,609	0,250	0,275	1,615E+1	1,700E+1
121,810	0,250	0,275	1,615E+1	1,700E+1
122,010	0,250	0,275	1,615E+1	1,700E+1
122,210	0,250	0,275	1,699E+1	1,700E+1
122,411	0,262	0,275	1,699E+1	1,700E+1
122,611	0,263	0,275	1,697E+1	1,700E+1
122,811	0,263	0,275	1,697E+1	1,700E+1
123,011	0,263	0,275	1,697E+1	1,700E+1
123,211	0,263	0,275	1,697E+1	1,700E+1
123,411	0,263	0,275	1,697E+1	1,700E+1
123,612	0,263	0,275	1,697E+1	1,700E+1
123,812	0,263	0,275	1,697E+1	1,700E+1
124,014	0,263	0,275	1,697E+1	1,700E+1
124,214	0,263	0,275	1,697E+1	1,700E+1
124,413	0,263	0,275	1,697E+1	1,700E+1
124,614	0,263	0,275	1,697E+1	1,700E+1
124,814	0,263	0,275	1,697E+1	1,700E+1
125,013	0,263	0,275	1,697E+1	1,700E+1
125,214	0,263	0,275	1,697E+1	1,700E+1
125,414	0,263	0,275	1,697E+1	1,700E+1
125,613	0,263	0,275	1,697E+1	1,700E+1
125,814	0,263	0,275	1,697E+1	1,700E+1
126,014	0,263	0,275	1,697E+1	1,700E+1
126,214	0,263	0,275	1,697E+1	1,700E+1
126,414	0,263	0,275	1,697E+1	1,700E+1
126,614	0,263	0,275	1,697E+1	1,700E+1
126,815	0,263	0,275	1,697E+1	1,700E+1
127,014	0,263	0,275	1,697E+1	1,700E+1
127,214	0,263	0,275	1,697E+1	1,700E+1
127,414	0,263	0,275	1,697E+1	1,700E+1
127,615	0,263	0,275	1,697E+1	1,700E+1
127,815	0,263	0,275	1,697E+1	1,700E+1
128,015	0,263	0,275	1,697E+1	1,700E+1
128,216	0,263	0,275	1,697E+1	1,700E+1
128,416	0,263	0,275	1,697E+1	1,700E+1
128,617	0,263	0,275	1,697E+1	1,700E+1
128,816	0,263	0,275	1,697E+1	1,700E+1
129,016	0,263	0,275	1,697E+1	1,700E+1
129,216	0,263	0,275	1,697E+1	1,700E+1
129,418	0,263	0,275	1,697E+1	1,700E+1
129,618	0,263	0,275	1,697E+1	1,700E+1
129,818	0,263	0,275	1,697E+1	1,700E+1
130,018	0,263	0,275	1,697E+1	1,700E+1
130,219	0,263	0,275	1,697E+1	1,700E+1
130,419	0,263	0,275	1,697E+1	1,700E+1
130,619	0,263	0,275	1,697E+1	1,700E+1
130,820	0,263	0,275	1,697E+1	1,700E+1
131,020	0,263	0,275	1,697E+1	1,700E+1
131,222	0,263	0,275	1,697E+1	1,700E+1
131,422	0,263	0,275	1,697E+1	1,700E+1
131,623	0,263	0,275	1,697E+1	1,700E+1
131,823	0,263	0,275	1,697E+1	1,700E+1
132,023	0,263	0,275	1,697E+1	1,700E+1
132,224	0,263	0,275	1,697E+1	1,700E+1
132,426	0,263	0,275	1,697E+1	1,700E+1
132,626	0,263	0,275	1,697E+1	1,700E+1
132,827	0,263	0,275	1,697E+1	1,700E+1
133,027	0,263	0,275	1,697E+1	1,700E+1
133,228	0,262	0,275	1,697E+1	1,700E+1
133,428	0,262	0,275	1,697E+1	1,700E+1
133,629	0,262	0,275	1,697E+1	1,700E+1
133,829	0,262	0,250	1,697E+1	1,700E+1
134,029	0,262	0,250	1,697E+1	1,700E+1
134,229	0,262	0,250	1,697E+1	1,700E+1
134,429	0,262	0,250	1,697E+1	1,700E+1
134,630	0,262	0,250	1,697E+1	1,700E+1
134,832	0,262	0,250	1,697E+1	1,700E+1
135,032	0,262	0,250	1,697E+1	1,700E+1
135,233	0,262	0,250	1,697E+1	1,700E+1
135,434	0,262	0,250	1,697E+1	1,700E+1
135,635	0,262	0,250	1,697E+1	1,700E+1
135,834	0,262	0,250	1,697E+1	1,700E+1
136,034	0,262	0,250	1,697E+1	1,700E+1
136,235	0,262	0,250	1,697E+1	1,700E+1
136,435	0,262	0,250	1,698E+1	1,700E+1
136,635	0,262	0,250	1,698E+1	1,700E+1
136,835	0,261	0,250	1,611E+1	1,700E+1
137,035	0,261	0,250	1,611E+1	1,700E+1
137,235	0,250	0,250	1,622E+1	1,700E+1
137,435	0,250	0,250	1,622E+1	1,700E+1
137,635	0,250	0,250	1,622E+1	1,700E+1
137,835	0,250	0,250	1,622E+1	1,700E+1
138,035	0,250	0,250	1,622E+1	1,700E+1
138,235	0,250	0,250	1,622E+1	1,700E+1
138,435	0,250	0,250	1,622E+1	1,700E+1
138,635	0,250	0,250	1,622E+1	1,700E+1
138,836	0,250	0,250	1,622E+1	1,700E+1
139,036	0,250	0,250	1,622E+1	1,700E+1
139,236	0,250	0,250	1,623E+1	1,700E+1
139,436	0,250	0,250	1,622E+1	1,700E+1
139,636	0,250	0,250	1,622E+1	1,700E+1
139,836	0,250	0,250	1,623E+1	1,700E+1
140,037	0,250	0,250	1,623E+1	1,700E+1
140,236	0,250	0,250	1,623E+1	1,700E+1
140,436	0,250	0,250	1,623E+1	1,700E+1
140,636	0,250	0,250	1,623E+1	1,700E+1
140,836	0,250	0,250	1,623E+1	1,700E+1
141,037	0,250	0,250	1,623E+1	1,700E+1
141,237	0,250	0,250	1,623E+1	1,700E+1
141,438	0,250	0,250	1,623E+1	1,700E+1
141,638	0,250	0,250	1,623E+1	1,700E+1
141,838	0,250	0,250	1,624E+1	1,700E+1
142,040	0,250	0,250	1,624E+1	1,700E+1
142,240	0,250	0,250	1,624E+1	1,700E+1
142,440	0,250	0,250	1,624E+1	1,700E+1
142,640	0,250	0,250	1,624E+1	1,700E+1
142,840	0,250	0,250	1,624E+1	1,700E+1
143,040	0,250	0,250	1,624E+1	1,700E+1
143,241	0,250	0,250	1,624E+1	1,700E+1
143,442	0,250	0,250	1,624E+1	1,700E+1
143,642	0,250	0,250	1,624E+1	1,700E+1
143,842	0,250	0,250	1,625E+1	1,700E+1
144,042	0,250	0,250	1,625E+1	1,700E+1
144,243	0,250	0,250	1,625E+1	1,700E+1
144,443	0,250	0,250	1,625E+1	1,700E+1
144,645	0,250	0,250	1,625E+1	1,700E+1
144,845	0,250	0,250	1,625E+1	1,700E+1
145,044	0,250	0,250	1,625E+1	1,700E+1
145,244	0,250	0,250	1,626E+1	1,700E+1
145,444	0,250	0,250	1,626E+1	1,700E+1
145,645	0,250	0,250	1,626E+1	1,700E+1
145,845	0,250	0,250	1,625E+1	1,700E+1
146,045	0,250	0,225	1,626E+1	1,700E+1
146,245	0,250	0,225	1,626E+1	1,700E+1
146,445	0,250	0,225	1,626E+1	1,700E+1
146,645	0,250	0,225	1,626E+1	1,700E+1
146,845	0,250	0,225	1,626E+1	1,700E+1
147,045	0,250	0,225	1,626E+1	1,700E+1
147,245	0,250	0,225	1,626E+1	1,700E+1
147,446	0,250	0,225	1,626E+1	1,700E+1
147,646	0,250	0,225	1,627E+1	1,700E+1
147,846	0,250	0,225	1,627E+1	1,700E+1
148,046	0,250	0,225	1,627E+1	1,700E+1
148,246	0,229	0,225	1,627E+1	1,700E+1
148,446	0,225	0,225	1,471E+1	1,700E+1
148,646	0,225	0,225	1,468E+1	1,700E+1
148,846	0,225	0,225	1,468E+1	1,700E+1
149,047	0,225	0,225	1,468E+1	1,700E+1
149,248	0,225	0,225	1,468E+1	1,700E+1
149,449	0,225	0,225	1,468E+1	1,700E+1
149,648	0,225	0,225	1,468E+1	1,700E+1
149,849	0,225	0,225	1,468E+1	1,700E+1
150,048	0,225	0,225	1,468E+1	1,700E+1
150,251	0,225	0,225	1,468E+1	1,700E+1
150,450	0,225	0,225	1,469E+1	1,700E+1
150,650	0,225	0,225	1,469E+1	1,700E+1
150,850	0,225	0,225	1,469E+1	1,700E+1
151,050	0,225	0,225	1,469E+1	1,700E+1
151,253	0,225	0,225	1,469E+1	1,700E+1
151,453	0,225	0,225	1,469E+1	1,700E+1
151,654	0,225	0,225	1,469E+1	1,700E+1
151,854	0,225	0,225	1,469E+1	1,700E+1
152,055	0,225	0,225	1,469E+1	1,700E+1
152,254	0,225	0,225	1,469E+1	1,700E+1
152,455	0,225	0,225	1,469E+1	1,700E+1
152,655	0,225	0,225	1,470E+1	1,700E+1
152,854	0,225	0,225	1,470E+1	1,700E+1
153,054	0,225	0,225	1,470E+1	1,700E+1
153,257	0,225	0,225	1,470E+1	1,700E+1
153,457	0,225	0,225	1,470E+1	1,700E+1
153,658	0,225	0,225	1,470E+1	1,700E+1
153,857	0,225	0,225	1,470E+1	1,700E+1
154,058	0,225	0,225	1,470E+1	1,700E+1
154,258	0,225	0,225	1,471E+1	1,700E+1
154,459	0,225	0,225	1,471E+1	1,700E+1
154,658	0,225	0,225	1,471E+1	1,700E+1
154,860	0,225	0,225	1,471E+1	1,700E+1
155,060	0,225	0,225	1,471E+1	1,700E+1
155,259	0,225	0,225	1,471E+1	1,700E+1
155,460	0,225	0,225	1,471E+1	1,700E+1
155,659	0,225	0,225	1,471E+1	1,700E+1
155,859	0,225	0,225	1,471E+1	1,700E+1
156,059	0,225	0,225	1,471E+1	1,700E+1
156,259	0,225	0,225	1,471E+1	1,700E+1
156,459	0,225	0,225	1,472E+1	1,700E+1
156,659	0,225	0,225	1,472E+1	1,700E+1
156,859	0,225	0,225	1,472E+1	1,700E+1
157,059	0,225	0,225	1,471E+1	1,700E+1
157,260	0,225	0,225	1,472E+1	1,700E+1
157,462	0,225	0,225	1,472E+1	1,700E+1
157,662	0,225	0,225	1,472E+1	1,700E+1
157,862	0,225	0,225	1,472E+1	1,700E+1
158,062	0,225	0,225	1,472E+1	1,700E+1
158,262	0,225	0,225	1,472E+1	1,700E+1
158,463	0,225	0,200	1,473E+1	1,700E+1
158,663	0,225	0,200	1,473E+1	1,700E+1
158,863	0,225	0,200	1,472E+1	1,700E+1
159,063	0,225	0,200	1,473E+1	1,700E+1
159,264	0,225	0,200	1,473E+1	1,700E+1
159,464	0,225	0,200	1,473E+1	1,700E+1
159,665	0,225	0,200	1,473E+1	1,700E+1
159,864	0,225	0,200	1,473E+1	1,700E+1
160,064	0,225	0,200	1,473E+1	1,700E+1
160,264	0,225	0,200	1,473E+1	1,700E+1
160,465	0,225	0,200	1,473E+1	1,700E+1
160,665	0,200	0,200	1,158E+1	1,700E+1
160,865	0,200	0,200	1,315E+1	1,700E+1
161,065	0,200	0,200	1,315E+1	1,700E+1
161,266	0,200	0,200	1,315E+1	1,700E+1
161,467	0,200	0,200	1,315E+1	1,700E+1
161,667	0,200	0,200	1,315E+1	1,700E+1
161,869	0,200	0,200	1,315E+1	1,700E+1
162,069	0,200	0,200	1,315E+1	1,700E+1
162,270	0,200	0,200	1,315E+1	1,700E+1
162,470	0,200	0,200	1,315E+1	1,700E+1
162,671	0,200	0,200	1,315E+1	1,700E+1
162,871	0,200	0,200	1,315E+1	1,700E+1
163,072	0,200	0,200	1,315E+1	1,700E+1
163,274	0,200	0,200	1,315E+1	1,700E+1
163,474	0,200	0,200	1,315E+1	1,700E+1
163,675	0,200	0,200	1,316E+1	1,700E+1
163,876	0,200	0,200	1,316E+1	1,700E+1
164,077	0,200	0,200	1,316E+1	1,700E+1
164,278	0,200	0,200	1,316E+1	1,700E+1
164,479	0,200	0,200	1,316E+1	1,700E+1
164,679	0,200	0,200	1,316E+1	1,700E+1
164,879	0,200	0,200	1,316E+1	1,700E+1
165,079	0,200	0,200	1,316E+1	1,700E+1
165,280	0,200	0,200	1,316E+1	1,700E+1
165,479	0,200	0,200	1,316E+1	1,700E+1
165,679	0,200	0,200	1,316E+1	1,700E+1
165,879	0,200	0,200	1,316E+1	1,700E+1
166,081	0,200	0,200	1,317E+1	1,700E+1
166,280	0,200	0,200	1,317E+1	1,700E+1
166,481	0,200	0,200	1,317E+1	1,700E+1
166,682	0,200	0,200	1,317E+1	1,700E+1
166,881	0,200	0,200	1,317E+1	1,700E+1
167,082	0,200	0,200	1,317E+1	1,700E+1
167,283	0,200	0,200	1,317E+1	1,700E+1
167,483	0,200	0,200	1,317E+1	1,700E+1
167,683	0,200	0,200	1,317E+1	1,700E+1
167,884	0,200	0,200	1,317E+1	1,700E+1
168,083	0,200	0,200	1,317E+1	1,700E+1
168,284	0,200	0,200	1,318E+1	1,700E+1
168,484	0,200	0,200	1,318E+1	1,700E+1
168,685	0,200	0,200	1,318E+1	1,700E+1
168,885	0,200	0,200	1,318E+1	1,700E+1
169,085	0,200	0,200	1,318E+1	1,700E+1
169,285	0,200	0,175	1,318E+1	1,700E+1
169,487	0,200	0,175	1,318E+1	1,700E+1
169,686	0,200	0,175	1,318E+1	1,700E+1
169,886	0,200	0,175	1,318E+1	1,700E+1
170,086	0,200	0,175	1,318E+1	1,700E+1
170,286	0,200	0,175	1,318E+1	1,700E+1
170,486	0,200	0,175	1,318E+1	1,700E+1
170,687	0,200	0,175	1,318E+1	1,700E+1
170,887	0,200	0,175	1,319E+1	1,700E+1
171,088	0,200	0,175	1,319E+1	1,700E+1
171,289	0,200	0,175	1,319E+1	1,700E+1
171,488	0,200	0,175	1,207E+1	1,700E+1
171,688	0,200	0,175	1,207E+1	1,700E+1
171,888	0,175	0,175	1,159E+1	1,700E+1
172,088	0,175	0,175	1,159E+1	1,700E+1
172,288	0,175	0,175	1,159E+1	1,700E+1
172,488	0,175	0,175	1,159E+1	1,700E+1
172,688	0,175	0,175	1,159E+1	1,700E+1
172,889	0,175	0,175	1,159E+1	1,700E+1
173,089	0,175	0,175	1,159E+1	1,700E+1
173,290	0,175	0,175	1,159E+1	1,700E+1
173,492	0,175	0,175	1,159E+1	1,700E+1
173,691	0,175	0,175	1,159E+1	1,700E+1
173,893	0,175	0,175	1,159E+1	1,700E+1
174,093	0,175	0,175	1,159E+1	1,700E+1
174,294	0,175	0,175	1,159E+1	1,700E+1
174,493	0,175	0,175	1,159E+1	1,700E+1
174,693	0,175	0,175	1,159E+1	1,700E+1
174,893	0,175	0,175	1,160E+1	1,700E+1
175,093	0,175	0,175	1,160E+1	1,700E+1
175,294	0,175	0,175	1,160E+1	1,700E+1
175,494	0,175	0,175	1,160E+1	1,700E+1
175,694	0,175	0,175	1,160E+1	1,700E+1
175,893	0,175	0,175	1,160E+1	1,700E+1
176,093	0,175	0,175	1,160E+1	1,700E+1
176,295	0,175	0,175	1,160E+1	1,700E+1
176,494	0,175	0,175	1,160E+1	1,700E+1
176,694	0,175	0,175	1,160E+1	1,700E+1
176,895	0,175	0,175	1,160E+1	1,700E+1
177,095	0,175	0,175	1,160E+1	1,700E+1
177,295	0,175	0,175	1,160E+1	1,700E+1
177,496	0,175	0,175	1,161E+1	1,700E+1
177,696	0,175	0,175	1,161E+1	1,700E+1
177,897	0,175	0,175	1,161E+1	1,700E+1
178,097	0,175	0,175	1,161E+1	1,700E+1
178,297	0,175	0,175	1,161E+1	1,700E+1
178,497	0,175	0,175	1,161E+1	1,700E+1
178,697	0,175	0,175	1,161E+1	1,700E+1
178,897	0,175	0,175	1,161E+1	1,700E+1
179,097	0,175	0,175	1,161E+1	1,700E+1
179,299	0,175	0,175	1,161E+1	1,700E+1
179,498	0,175	0,175	1,161E+1	1,700E+1
179,698	0,175	0,175	1,161E+1	1,700E+1
179,899	0,175	0,175	1,161E+1	1,700E+1
180,100	0,175	0,175	1,161E+1	1,700E+1
180,300	0,175	0,175	1,162E+1	1,700E+1
180,500	0,175	0,150	1,162E+1	1,700E+1
180,700	0,175	0,150	1,162E+1	1,700E+1
180,902	0,175	0,150	1,162E+1	1,700E+1
181,102	0,175	0,150	1,162E+1	1,700E+1
181,304	0,175	0,150	1,162E+1	1,700E+1
181,503	0,175	0,150	1,162E+1	1,700E+1
181,703	0,175	0,150	1,162E+1	1,700E+1
181,903	0,175	0,150	1,162E+1	1,700E+1
182,104	0,175	0,150	9,110E+0	1,700E+1
182,306	0,150	0,150	1,001E+1	1,700E+1
182,507	0,150	0,150	1,001E+1	1,700E+1
182,707	0,150	0,150	1,001E+1	1,700E+1
182,906	0,150	0,150	1,001E+1	1,700E+1
183,106	0,150	0,150	1,001E+1	1,700E+1
183,306	0,150	0,150	1,001E+1	1,700E+1
183,508	0,150	0,150	1,001E+1	1,700E+1
183,707	0,150	0,150	1,001E+1	1,700E+1
183,908	0,150	0,150	1,001E+1	1,700E+1
184,107	0,150	0,150	1,001E+1	1,700E+1
184,307	0,150	0,150	1,002E+1	1,700E+1
184,508	0,150	0,150	1,002E+1	1,700E+1
184,707	0,150	0,150	1,002E+1	1,700E+1
184,908	0,150	0,150	1,002E+1	1,700E+1
185,108	0,150	0,150	1,002E+1	1,700E+1
185,309	0,150	0,150	1,002E+1	1,700E+1
185,509	0,150	0,150	1,002E+1	1,700E+1
185,710	0,150	0,150	1,002E+1	1,700E+1
185,911	0,150	0,150	1,002E+1	1,700E+1
186,111	0,150	0,150	1,002E+1	1,700E+1
186,311	0,150	0,150	1,002E+1	1,700E+1
186,512	0,150	0,150	1,002E+1	1,700E+1
186,712	0,150	0,150	1,002E+1	1,700E+1
186,912	0,150	0,150	1,002E+1	1,700E+1
187,112	0,150	0,150	1,002E+1	1,700E+1
187,312	0,150	0,150	1,002E+1	1,700E+1
187,513	0,150	0,150	1,002E+1	1,700E+1
187,713	0,150	0,150	1,002E+1	1,700E+1
187,914	0,150	0,150	1,003E+1	1,700E+1
188,114	0,150	0,150	1,003E+1	1,700E+1
188,315	0,150	0,150	1,003E+1	1,700E+1
188,515	0,150	0,150	1,003E+1	1,700E+1
188,716	0,150	0,150	1,003E+1	1,700E+1
188,917	0,150	0,150	1,003E+1	1,700E+1
189,117	0,150	0,150	1,003E+1	1,700E+1
189,317	0,150	0,150	1,003E+1	1,700E+1
189,517	0,150	0,150	1,003E+1	1,700E+1
189,718	0,150	0,150	1,003E+1	1,700E+1
189,918	0,150	0,125	1,003E+1	1,700E+1
190,118	0,150	0,125	1,003E+1	1,700E+1
190,318	0,150	0,125	1,003E+1	1,700E+1
190,519	0,150	0,125	1,003E+1	1,700E+1
190,720	0,150	0,125	1,003E+1	1,700E+1
190,921	0,150	0,125	1,004E+1	1,700E+1
191,121	0,150	0,125	1,004E+1	1,700E+1
191,322	0,150	0,125	1,004E+1	1,700E+1
191,522	0,150	0,125	1,004E+1	1,700E+1
191,722	0,150	0,125	1,004E+1	1,700E+1
191,922	0,150	0,125	1,004E+1	1,700E+1
192,122	0,150	0,125	1,004E+1	1,700E+1
192,323	0,150	0,125	1,004E+1	1,700E+1
192,523	0,125	0,125	6,690E+0	1,700E+1
192,723	0,125	0,125	8,420E+0	1,700E+1
192,924	0,125	0,125	8,420E+0	1,700E+1
193,125	0,125	0,125	8,420E+0	1,700E+1
193,327	0,125	0,125	8,420E+0	1,700E+1
193,526	0,125	0,125	8,420E+0	1,700E+1
193,727	0,125	0,125	8,420E+0	1,700E+1
193,927	0,125	0,125	8,420E+0	1,700E+1
194,129	0,125	0,125	8,430E+0	1,700E+1
194,329	0,125	0,125	8,430E+0	1,700E+1
194,528	0,125	0,125	8,430E+0	1,700E+1
194,728	0,125	0,125	8,430E+0	1,700E+1
194,928	0,125	0,125	8,430E+0	1,700E+1
195,128	0,125	0,125	8,430E+0	1,700E+1
195,328	0,125	0,125	8,430E+0	1,700E+1
195,528	0,125	0,125	8,430E+0	1,700E+1
195,729	0,125	0,125	8,430E+0	1,700E+1
195,929	0,125	0,125	8,430E+0	1,700E+1
196,128	0,125	0,125	8,430E+0	1,700E+1
196,328	0,125	0,125	8,430E+0	1,700E+1
196,528	0,125	0,125	8,430E+0	1,700E+1
196,728	0,125	0,125	8,430E+0	1,700E+1
196,928	0,125	0,125	8,430E+0	1,700E+1
197,128	0,125	0,125	8,430E+0	1,700E+1
197,328	0,125	0,125	8,430E+0	1,700E+1
197,529	0,125	0,125	8,430E+0	1,700E+1
197,730	0,125	0,125	8,430E+0	1,700E+1
197,930	0,125	0,125	8,430E+0	1,700E+1
198,130	0,125	0,125	8,440E+0	1,700E+1
198,330	0,125	0,125	8,440E+0	1,700E+1
198,530	0,125	0,125	8,430E+0	1,700E+1
198,730	0,125	0,125	8,430E+0	1,700E+1
198,931	0,125	0,125	8,440E+0	1,700E+1
199,130	0,125	0,125	8,440E+0	1,700E+1
199,330	0,125	0,125	8,440E+0	1,700E+1
199,530	0,125	0,125	8,440E+0	1,700E+1
199,730	0,125	0,125	8,440E+0	1,700E+1
199,931	0,125	0,125	8,440E+0	1,700E+1
200,132	0,125	0,125	8,440E+0	1,700E+1
200,331	0,125	0,125	8,440E+0	1,700E+1
200,531	0,125	0,125	8,440E+0	1,700E+1
200,731	0,125	0,125	8,440E+0	1,700E+1
200,931	0,125	0,125	8,440E+0	1,700E+1
201,133	0,125	0,125	8,440E+0	1,700E+1
201,332	0,125	0,125	8,440E+0	1,700E+1
201,532	0,125	0,125	8,440E+0	1,700E+1
201,732	0,125	0,125	8,440E+0	1,700E+1
201,932	0,125	0,125	8,440E+0	1,700E+1
202,132	0,125	0,125	8,440E+0	1,700E+1
202,332	0,125	0,125	8,440E+0	1,700E+1
202,533	0,125	0,125	8,440E+0	1,700E+1
202,734	0,125	0,125	8,440E+0	1,700E+1
202,933	0,125	0,125	8,440E+0	1,700E+1
203,134	0,125	0,125	8,450E+0	1,700E+1
203,336	0,125	0,125	8,440E+0	1,700E+1
203,537	0,125	0,125	8,440E+0	1,700E+1
203,737	0,125	0,125	8,450E+0	1,700E+1
203,937	0,125	0,125	8,450E+0	1,700E+1
204,137	0,125	0,125	8,450E+0	1,700E+1
204,337	0,125	0,125	8,450E+0	1,700E+1
204,538	0,125	0,125	8,450E+0	1,700E+1
204,737	0,125	0,125	8,450E+0	1,700E+1
204,937	0,125	0,125	8,450E+0	1,700E+1
205,137	0,125	0,125	8,450E+0	1,700E+1
205,338	0,125	0,125	8,450E+0	1,700E+1
205,538	0,125	0,100	8,450E+0	1,700E+1
205,739	0,125	0,100	8,450E+0	1,700E+1
205,941	0,125	0,100	8,450E+0	1,700E+1
206,141	0,125	0,100	8,450E+0	1,700E+1
206,341	0,125	0,100	8,450E+0	1,700E+1
206,542	0,125	0,100	8,450E+0	1,700E+1
206,743	0,125	0,100	8,450E+0	1,700E+1
206,945	0,125	0,100	8,450E+0	1,700E+1
207,144	0,125	0,100	8,450E+0	1,700E+1
207,344	0,125	0,100	8,450E+0	1,700E+1
207,545	0,100	0,100	8,450E+0	1,700E+1
207,744	0,100	0,100	6,790E+0	1,700E+1
207,944	0,100	0,100	6,830E+0	1,700E+1
208,145	0,100	0,100	6,830E+0	1,700E+1
208,346	0,100	0,100	6,830E+0	1,700E+1
208,546	0,100	0,100	6,830E+0	1,700E+1
208,746	0,100	0,100	6,830E+0	1,700E+1
208,946	0,100	0,100	6,830E+0	1,700E+1
209,146	0,100	0,100	6,830E+0	1,700E+1
209,346	0,100	0,100	6,830E+0	1,700E+1
209,546	0,100	0,100	6,830E+0	1,700E+1
209,748	0,100	0,100	6,830E+0	1,700E+1
209,947	0,100	0,100	6,830E+0	1,700E+1
210,147	0,100	0,100	6,830E+0	1,700E+1
210,347	0,100	0,100	6,830E+0	1,700E+1
210,547	0,100	0,100	6,840E+0	1,700E+1
210,747	0,100	0,100	6,840E+0	1,700E+1
210,947	0,100	0,100	6,840E+0	1,700E+1
211,147	0,100	0,100	6,840E+0	1,700E+1
211,347	0,100	0,100	6,830E+0	1,700E+1
211,547	0,100	0,100	6,840E+0	1,700E+1
211,748	0,100	0,100	6,840E+0	1,700E+1
211,948	0,100	0,100	6,840E+0	1,700E+1
212,149	0,100	0,100	6,840E+0	1,700E+1
212,349	0,100	0,100	6,840E+0	1,700E+1
212,549	0,100	0,100	6,840E+0	1,700E+1
212,751	0,100	0,100	6,840E+0	1,700E+1
212,951	0,100	0,100	6,840E+0	1,700E+1
213,151	0,100	0,100	6,840E+0	1,700E+1
213,351	0,100	0,100	6,840E+0	1,700E+1
213,551	0,100	0,100	6,840E+0	1,700E+1
213,751	0,100	0,100	6,840E+0	1,700E+1
213,953	0,100	0,100	6,840E+0	1,700E+1
214,152	0,100	0,100	6,840E+0	1,700E+1
214,353	0,100	0,100	6,840E+0	1,700E+1
214,555	0,100	0,100	6,840E+0	1,700E+1
214,754	0,100	0,100	6,840E+0	1,700E+1
214,955	0,100	0,100	6,840E+0	1,700E+1
215,155	0,100	0,100	6,840E+0	1,700E+1
215,355	0,100	0,100	6,840E+0	1,700E+1
215,557	0,100	0,075	6,840E+0	1,700E+1
215,758	0,100	0,075	6,840E+0	1,700E+1
215,957	0,100	0,075	6,840E+0	1,700E+1
216,158	0,100	0,075	6,840E+0	1,700E+1
216,357	0,100	0,075	6,840E+0	1,700E+1
216,559	0,100	0,075	6,840E+0	1,700E+1
216,760	0,100	0,075	6,840E+0	1,700E+1
216,962	0,100	0,075	6,840E+0	1,700E+1
217,162	0,100	0,075	6,840E+0	1,700E+1
217,362	0,100	0,075	6,840E+0	1,700E+1
217,562	0,100	0,075	6,840E+0	1,700E+1
217,762	0,100	0,075	6,840E+0	1,700E+1
217,963	0,100	0,075	6,840E+0	1,700E+1
218,164	0,100	0,075	6,840E+0	1,700E+1
218,363	0,100	0,075	6,850E+0	1,700E+1
218,563	0,076	0,075	6,850E+0	1,700E+1
218,763	0,076	0,075	5,260E+0	1,700E+1
218,965	0,075	0,075	5,220E+0	1,700E+1
219,165	0,075	0,075	5,220E+0	1,700E+1
219,365	0,075	0,075	5,220E+0	1,700E+1
219,566	0,075	0,075	5,220E+0	1,700E+1
219,765	0,075	0,075	5,220E+0	1,700E+1
219,966	0,075	0,075	5,220E+0	1,700E+1
220,165	0,075	0,075	5,220E+0	1,700E+1
220,367	0,075	0,075	5,220E+0	1,700E+1
220,567	0,075	0,075	5,220E+0	1,700E+1
220,767	0,075	0,075	5,220E+0	1,700E+1
220,969	0,075	0,075	5,220E+0	1,700E+1
221,170	0,075	0,075	5,220E+0	1,700E+1
221,370	0,075	0,075	5,220E+0	1,700E+1
221,570	0,075	0,075	5,220E+0	1,700E+1
221,771	0,075	0,075	5,220E+0	1,700E+1
221,971	0,075	0,075	5,220E+0	1,700E+1
222,173	0,075	0,075	5,220E+0	1,700E+1
222,372	0,075	0,075	5,220E+0	1,700E+1
222,572	0,075	0,075	5,220E+0	1,700E+1
222,772	0,075	0,075	5,220E+0	1,700E+1
222,974	0,075	0,075	5,220E+0	1,700E+1
223,174	0,075	0,075	5,220E+0	1,700E+1
223,374	0,075	0,075	5,220E+0	1,700E+1
223,574	0,075	0,075	5,220E+0	1,700E+1
223,776	0,075	0,075	5,220E+0	1,700E+1
223,976	0,075	0,075	5,220E+0	1,700E+1
224,176	0,075	0,075	5,220E+0	1,700E+1
224,378	0,075	0,075	5,220E+0	1,700E+1
224,579	0,075	0,075	5,230E+0	1,700E+1
224,779	0,075	0,075	5,230E+0	1,700E+1
224,981	0,075	0,075	5,230E+0	1,700E+1
225,180	0,075	0,075	5,230E+0	1,700E+1
225,381	0,075	0,075	5,230E+0	1,700E+1
225,581	0,075	0,075	5,230E+0	1,700E+1
225,781	0,075	0,075	5,230E+0	1,700E+1
225,981	0,075	0,075	5,230E+0	1,700E+1
226,181	0,075	0,075	5,230E+0	1,700E+1
226,383	0,075	0,075	5,230E+0	1,700E+1
226,583	0,075	0,075	5,230E+0	1,700E+1
226,783	0,075	0,075	5,230E+0	1,700E+1
226,985	0,075	0,075	5,230E+0	1,700E+1
227,185	0,075	0,075	5,230E+0	1,700E+1
227,385	0,075	0,075	5,230E+0	1,700E+1
227,585	0,075	0,075	5,230E+0	1,700E+1
227,786	0,075	0,075	5,230E+0	1,700E+1
227,988	0,075	0,075	5,230E+0	1,700E+1
228,188	0,075	0,075	5,230E+0	1,700E+1
228,388	0,075	0,075	5,230E+0	1,700E+1
228,587	0,075	0,075	5,230E+0	1,700E+1
228,789	0,075	0,075	5,230E+0	1,700E+1
228,988	0,075	0,075	5,230E+0	1,700E+1
229,188	0,075	0,075	5,230E+0	1,700E+1
229,388	0,075	0,075	5,230E+0	1,700E+1
229,589	0,075	0,075	5,230E+0	1,700E+1
229,788	0,075	0,075	5,230E+0	1,700E+1
229,988	0,075	0,075	5,230E+0	1,700E+1
230,188	0,075	0,075	5,230E+0	1,700E+1
230,389	0,075	0,075	5,230E+0	1,700E+1
230,591	0,075	0,075	5,230E+0	1,700E+1
230,791	0,075	0,075	5,230E+0	1,700E+1
230,992	0,075	0,075	5,230E+0	1,700E+1
231,191	0,075	0,075	5,230E+0	1,700E+1
231,391	0,075	0,075	5,230E+0	1,700E+1
