t	PV [ºC]	SP [ºC]	MV[%] 
0,000	0,000	25,000	9,990E+1
1,000	21,258	25,000	1,000E-2
2,000	21,236	25,000	1,051E+0
3,000	21,246	25,000	8,244E-1
4,000	21,253	25,000	7,165E-1
5,001	21,247	25,000	1,123E+0
6,001	21,254	25,000	1,036E+0
7,001	21,259	25,000	9,668E-1
8,001	21,267	25,000	8,583E-1
9,001	21,252	25,000	1,601E+0
10,001	21,242	25,000	2,187E+0
11,001	21,255	25,000	1,822E+0
12,001	21,258	25,000	1,872E+0
13,001	21,251	25,000	2,338E+0
14,001	21,255	25,000	2,309E+0
15,001	21,260	25,000	2,300E+0
16,001	21,279	25,000	1,696E+0
17,001	21,268	25,000	2,300E+0
18,001	21,252	25,000	3,122E+0
19,002	21,252	25,000	3,311E+0
20,002	21,265	25,000	2,926E+0
21,002	21,284	25,000	2,361E+0
22,002	21,280	25,000	2,688E+0
23,002	21,276	25,000	3,014E+0
24,002	21,261	25,000	3,757E+0
25,002	21,251	25,000	4,342E+0
26,002	21,249	25,000	4,590E+0
27,002	21,246	25,000	4,879E+0
28,002	21,248	25,000	4,949E+0
29,002	21,238	25,000	5,534E+0
30,002	21,247	25,000	5,348E+0
31,002	21,242	25,000	5,735E+0
32,002	21,234	25,000	6,202E+0
33,002	21,236	25,000	6,273E+0
34,002	21,243	25,000	6,185E+0
35,002	21,264	25,000	5,523E+0
36,003	21,268	25,000	5,513E+0
37,003	21,258	25,000	6,118E+0
38,003	21,245	25,000	6,762E+0
39,003	21,239	25,000	7,209E+0
40,003	21,237	25,000	7,438E+0
41,003	21,233	25,000	7,747E+0
42,003	21,235	25,000	7,877E+0
43,003	21,237	25,000	7,928E+0
44,003	21,259	25,000	7,226E+0
45,003	21,261	25,000	7,316E+0
46,003	21,261	25,000	7,505E+0
47,003	21,270	25,000	7,297E+0
48,003	21,263	25,000	7,763E+0
49,003	21,251	25,000	8,427E+0
50,003	21,249	25,000	8,655E+0
51,003	21,243	25,000	9,063E+0
52,004	21,242	25,000	9,252E+0
53,004	21,255	25,000	8,907E+0
54,004	21,264	25,000	8,719E+0
55,004	21,276	25,000	8,412E+0
56,004	21,278	25,000	8,521E+0
57,004	21,269	25,000	9,046E+0
58,004	21,275	25,000	8,976E+0
59,004	21,264	25,000	9,580E+0
60,004	21,255	25,000	1,013E+1
61,004	21,263	25,000	9,958E+0
62,004	21,259	25,000	1,027E+1
63,004	21,274	25,000	9,840E+0
64,004	21,264	25,000	1,042E+1
65,004	21,268	25,000	1,041E+1
66,004	21,273	25,000	1,038E+1
67,004	21,255	25,000	1,129E+1
68,004	21,256	25,000	1,140E+1
69,005	21,250	25,000	1,182E+1
70,005	21,247	25,000	1,211E+1
71,005	21,240	25,000	1,256E+1
72,005	21,233	25,000	1,298E+1
73,005	21,242	25,000	1,282E+1
74,005	21,253	25,000	1,255E+1
75,005	21,245	25,000	1,304E+1
76,005	21,243	25,000	1,329E+1
77,005	21,243	25,000	1,346E+1
78,005	21,261	25,000	1,293E+1
79,005	21,271	25,000	1,267E+1
80,005	21,272	25,000	1,281E+1
81,005	21,268	25,000	1,314E+1
82,005	21,257	25,000	1,375E+1
83,005	21,253	25,000	1,407E+1
84,006	21,264	25,000	1,381E+1
85,006	21,264	25,000	1,399E+1
86,006	21,262	25,000	1,420E+1
87,006	21,262	25,000	1,439E+1
88,006	21,276	25,000	1,399E+1
89,006	21,290	25,000	1,364E+1
90,006	21,297	25,000	1,353E+1
91,006	21,291	25,000	1,393E+1
92,006	21,294	25,000	1,394E+1
93,006	21,285	25,000	1,447E+1
94,006	21,275	25,000	1,505E+1
95,006	21,288	25,000	1,470E+1
96,006	21,295	25,000	1,459E+1
97,006	21,309	25,000	1,423E+1
98,006	21,294	25,000	1,497E+1
99,006	21,308	25,000	1,458E+1
100,006	21,309	25,000	1,473E+1
101,006	21,306	25,000	1,501E+1
102,007	21,303	25,000	1,526E+1
103,007	21,307	25,000	1,529E+1
104,007	21,306	25,000	1,547E+1
105,007	21,315	25,000	1,530E+1
106,007	21,326	25,000	1,503E+1
107,007	21,342	25,000	1,457E+1
108,007	21,329	25,000	1,523E+1
109,007	21,314	25,000	1,601E+1
110,007	21,308	25,000	1,639E+1
111,007	21,297	25,000	1,703E+1
112,007	21,299	25,000	1,710E+1
113,007	21,296	25,000	1,741E+1
114,007	21,303	25,000	1,728E+1
115,007	21,313	25,000	1,705E+1
116,007	21,316	25,000	1,710E+1
117,007	21,314	25,000	1,732E+1
118,008	21,298	25,000	1,814E+1
119,008	21,284	25,000	1,886E+1
120,008	21,294	25,000	1,865E+1
121,008	21,287	25,000	1,910E+1
122,008	21,284	25,000	1,939E+1
123,008	21,276	25,000	1,985E+1
124,008	21,287	25,000	1,960E+1
125,008	21,294	25,000	1,949E+1
126,008	21,315	25,000	1,883E+1
127,008	21,332	25,000	1,828E+1
128,008	21,334	25,000	1,841E+1
129,008	21,337	25,000	1,843E+1
130,008	21,345	25,000	1,828E+1
131,008	21,348	25,000	1,833E+1
132,008	21,343	25,000	1,869E+1
133,008	21,337	25,000	1,908E+1
134,008	21,334	25,000	1,940E+1
135,008	21,336	25,000	1,947E+1
136,008	21,351	25,000	1,904E+1
137,009	21,357	25,000	1,898E+1
138,009	21,372	25,000	1,853E+1
139,009	21,370	25,000	1,876E+1
140,009	21,364	25,000	1,920E+1
141,009	21,378	25,000	1,879E+1
142,009	21,380	25,000	1,889E+1
143,009	21,384	25,000	1,888E+1
144,009	21,399	25,000	1,843E+1
145,009	21,403	25,000	1,845E+1
146,009	21,404	25,000	1,857E+1
147,009	21,398	25,000	1,895E+1
148,009	21,394	25,000	1,931E+1
149,009	21,394	25,000	1,946E+1
150,009	21,401	25,000	1,934E+1
151,010	21,402	25,000	1,947E+1
152,010	21,393	25,000	1,996E+1
153,010	21,384	25,000	2,050E+1
154,010	21,367	25,000	2,134E+1
155,010	21,363	25,000	2,166E+1
156,010	21,359	25,000	2,197E+1
157,010	21,380	25,000	2,134E+1
158,010	21,377	25,000	2,162E+1
159,010	21,366	25,000	2,220E+1
160,010	21,376	25,000	2,197E+1
161,010	21,383	25,000	2,187E+1
162,010	21,386	25,000	2,192E+1
163,010	21,379	25,000	2,236E+1
164,010	21,380	25,000	2,246E+1
165,010	21,389	25,000	2,229E+1
166,010	21,386	25,000	2,257E+1
167,010	21,390	25,000	2,254E+1
168,010	21,383	25,000	2,302E+1
169,010	21,384	25,000	2,310E+1
170,010	21,402	25,000	2,257E+1
171,011	21,399	25,000	2,285E+1
172,011	21,406	25,000	2,274E+1
173,011	21,410	25,000	2,276E+1
174,011	21,395	25,000	2,352E+1
175,011	21,397	25,000	2,358E+1
176,011	21,389	25,000	2,404E+1
177,011	21,405	25,000	2,357E+1
178,011	21,407	25,000	2,365E+1
179,011	21,401	25,000	2,405E+1
180,011	21,393	25,000	2,453E+1
181,011	21,386	25,000	2,497E+1
182,011	21,369	25,000	2,583E+1
183,011	21,374	25,000	2,580E+1
184,012	21,368	25,000	2,618E+1
185,012	21,364	25,000	2,654E+1
186,012	21,373	25,000	2,635E+1
187,012	21,388	25,000	2,592E+1
188,012	21,393	25,000	2,586E+1
189,012	21,405	25,000	2,553E+1
190,012	21,405	25,000	2,571E+1
191,012	21,404	25,000	2,593E+1
192,012	21,399	25,000	2,625E+1
193,012	21,399	25,000	2,642E+1
194,013	21,411	25,000	2,612E+1
195,013	21,407	25,000	2,642E+1
196,013	21,415	25,000	2,629E+1
197,013	21,425	25,000	2,603E+1
198,013	21,413	25,000	2,669E+1
199,013	21,426	25,000	2,634E+1
200,013	21,439	25,000	2,596E+1
201,013	21,437	25,000	2,620E+1
202,013	21,454	25,000	2,571E+1
203,013	21,465	25,000	2,544E+1
204,013	21,472	25,000	2,532E+1
205,013	21,476	25,000	2,532E+1
206,013	21,498	25,000	2,463E+1
207,013	21,490	25,000	2,508E+1
208,013	21,496	25,000	2,500E+1
209,013	21,508	25,000	2,470E+1
210,013	21,496	25,000	2,530E+1
211,013	21,496	25,000	2,548E+1
212,014	21,502	25,000	2,542E+1
213,014	21,498	25,000	2,571E+1
214,014	21,522	25,000	2,494E+1
215,014	21,532	25,000	2,468E+1
216,014	21,559	25,000	2,375E+1
217,014	21,567	25,000	2,361E+1
218,014	21,584	25,000	2,309E+1
219,014	21,579	25,000	2,344E+1
220,014	21,562	25,000	2,429E+1
221,014	21,555	25,000	2,470E+1
222,014	21,542	25,000	2,537E+1
223,014	21,534	25,000	2,586E+1
224,014	21,517	25,000	2,666E+1
225,015	21,498	25,000	2,758E+1
226,015	21,500	25,000	2,768E+1
227,015	21,486	25,000	2,838E+1
228,015	21,495	25,000	2,816E+1
229,015	21,492	25,000	2,846E+1
230,015	21,492	25,000	2,861E+1
231,015	21,513	25,000	2,796E+1
232,015	21,508	25,000	2,832E+1
233,015	21,521	25,000	2,794E+1
234,015	21,502	25,000	2,887E+1
235,015	21,502	25,000	2,903E+1
236,015	21,499	25,000	2,928E+1
237,015	21,498	25,000	2,946E+1
238,015	21,489	25,000	2,998E+1
239,015	21,480	25,000	3,051E+1
240,015	21,489	25,000	3,029E+1
241,015	21,491	25,000	3,039E+1
242,016	21,514	25,000	2,966E+1
243,016	21,549	25,000	2,843E+1
244,016	21,560	25,000	2,813E+1
245,016	21,562	25,000	2,819E+1
246,016	21,555	25,000	2,864E+1
