t	IF	IR	VF	VR
0,000	0,000	0,075	0,000E+0	1,700E+1
0,002	0,000	0,075	3,000E-1	1,700E+1
0,204	0,000	0,075	3,000E-1	1,700E+1
0,405	0,000	0,075	3,000E-1	1,700E+1
0,606	0,000	0,075	3,000E-1	1,700E+1
0,806	0,000	0,075	3,000E-1	1,700E+1
1,007	0,000	0,075	3,000E-1	1,700E+1
1,208	0,000	0,075	3,000E-1	1,700E+1
1,408	0,000	0,075	3,000E-1	1,700E+1
1,607	0,000	0,075	3,000E-1	1,700E+1
1,808	0,000	0,075	3,000E-1	1,700E+1
2,008	0,000	0,075	3,000E-1	1,700E+1
2,209	0,000	0,075	3,000E-1	1,700E+1
2,410	0,000	0,075	3,000E-1	1,700E+1
2,610	0,000	0,075	3,000E-1	1,700E+1
2,809	0,000	0,075	3,000E-1	1,700E+1
3,010	0,000	0,075	3,000E-1	1,700E+1
3,210	0,000	0,075	3,000E-1	1,700E+1
3,410	0,000	0,075	3,000E-1	1,700E+1
3,610	0,000	0,075	3,000E-1	1,700E+1
3,811	0,000	0,075	3,000E-1	1,700E+1
4,011	0,000	0,075	3,000E-1	1,700E+1
4,211	0,000	0,075	3,000E-1	1,700E+1
4,412	0,000	0,075	3,000E-1	1,700E+1
4,613	0,000	0,075	3,000E-1	1,700E+1
4,813	0,000	0,075	3,000E-1	1,700E+1
5,013	0,000	0,075	3,000E-1	1,700E+1
5,213	0,000	0,075	3,000E-1	1,700E+1
5,415	0,000	0,075	3,000E-1	1,700E+1
5,614	0,000	0,075	3,000E-1	1,700E+1
5,815	0,000	0,075	3,000E-1	1,700E+1
6,014	0,000	0,075	3,000E-1	1,700E+1
6,217	0,000	0,075	3,000E-1	1,700E+1
6,417	0,000	0,075	3,000E-1	1,700E+1
6,618	0,000	0,075	3,000E-1	1,700E+1
6,819	0,000	0,075	3,000E-1	1,700E+1
7,020	0,000	0,075	3,000E-1	1,700E+1
7,220	0,000	0,075	3,000E-1	1,700E+1
7,420	0,000	0,075	3,000E-1	1,700E+1
7,620	0,000	0,075	3,000E-1	1,700E+1
7,820	0,000	0,075	3,000E-1	1,700E+1
8,021	0,000	0,075	3,000E-1	1,700E+1
8,221	0,000	0,075	3,000E-1	1,700E+1
8,421	0,000	0,075	3,000E-1	1,700E+1
8,622	0,000	0,075	3,000E-1	1,700E+1
8,822	0,000	0,075	3,000E-1	1,700E+1
9,022	0,000	0,075	3,000E-1	1,700E+1
9,222	0,000	0,075	3,000E-1	1,700E+1
9,422	0,000	0,075	3,000E-1	1,700E+1
9,621	0,000	0,075	3,000E-1	1,700E+1
9,822	0,000	0,075	3,000E-1	1,700E+1
10,022	0,000	0,075	3,000E-1	1,700E+1
10,223	0,000	0,075	3,000E-1	1,700E+1
10,423	0,000	0,075	3,000E-1	1,700E+1
10,624	0,000	0,075	3,000E-1	1,700E+1
10,824	0,000	0,075	3,000E-1	1,700E+1
11,025	0,000	0,075	3,000E-1	1,700E+1
11,225	0,000	0,075	3,000E-1	1,700E+1
11,425	0,000	0,075	3,000E-1	1,700E+1
11,626	0,000	0,075	3,000E-1	1,700E+1
11,826	0,000	0,075	3,000E-1	1,700E+1
12,027	0,000	0,075	3,000E-1	1,700E+1
12,228	0,000	0,075	3,000E-1	1,700E+1
12,428	0,000	0,075	3,000E-1	1,700E+1
12,628	0,000	0,075	3,000E-1	1,700E+1
12,828	0,000	0,075	3,000E-1	1,700E+1
13,028	0,000	0,075	3,000E-1	1,700E+1
13,229	0,000	0,075	3,000E-1	1,700E+1
13,429	0,000	0,075	3,000E-1	1,700E+1
13,629	0,000	0,075	3,000E-1	1,700E+1
13,829	0,000	0,075	3,000E-1	1,700E+1
14,029	0,000	0,075	3,000E-1	1,700E+1
14,231	0,000	0,075	3,000E-1	1,700E+1
14,431	0,000	0,075	3,000E-1	1,700E+1
14,631	0,000	0,075	3,000E-1	1,700E+1
14,832	0,000	0,075	3,000E-1	1,700E+1
15,031	0,000	0,075	3,000E-1	1,700E+1
15,232	0,000	0,075	3,000E-1	1,700E+1
15,432	0,000	0,075	3,000E-1	1,700E+1
15,633	0,000	0,075	3,000E-1	1,700E+1
15,833	0,000	0,075	3,000E-1	1,700E+1
16,033	0,000	0,075	3,000E-1	1,700E+1
16,233	0,000	0,075	3,000E-1	1,700E+1
16,433	0,000	0,075	3,000E-1	1,700E+1
16,634	0,000	0,075	3,000E-1	1,700E+1
16,834	0,000	0,075	3,000E-1	1,700E+1
17,035	0,000	0,075	3,000E-1	1,700E+1
17,235	0,000	0,075	3,000E-1	1,700E+1
17,435	0,000	0,075	3,000E-1	1,700E+1
17,636	0,000	0,075	3,000E-1	1,700E+1
17,837	0,000	0,075	3,000E-1	1,700E+1
18,036	0,000	0,075	3,000E-1	1,700E+1
18,238	0,000	0,075	3,000E-1	1,700E+1
18,438	0,000	0,075	3,000E-1	1,700E+1
18,639	0,000	0,075	3,000E-1	1,700E+1
18,839	0,000	0,075	3,000E-1	1,700E+1
19,039	0,000	0,075	3,000E-1	1,700E+1
19,239	0,000	0,075	3,000E-1	1,700E+1
19,439	0,000	0,075	3,000E-1	1,700E+1
19,640	0,000	0,075	3,000E-1	1,700E+1
19,840	0,000	0,075	3,000E-1	1,700E+1
20,039	0,000	0,075	3,000E-1	1,700E+1
20,240	0,000	0,075	3,000E-1	1,700E+1
20,441	0,000	0,075	3,000E-1	1,700E+1
20,642	0,000	0,075	3,000E-1	1,700E+1
20,842	0,000	0,075	3,000E-1	1,700E+1
21,042	0,000	0,075	3,000E-1	1,700E+1
21,242	0,000	0,075	3,000E-1	1,700E+1
21,442	0,000	0,075	3,000E-1	1,700E+1
21,643	0,000	0,075	3,000E-1	1,700E+1
21,844	0,000	0,075	3,000E-1	1,700E+1
22,044	0,000	0,075	3,000E-1	1,700E+1
22,244	0,000	0,075	3,000E-1	1,700E+1
22,444	0,000	0,075	3,000E-1	1,700E+1
22,643	0,000	0,075	3,000E-1	1,700E+1
22,844	0,000	0,075	3,000E-1	1,700E+1
23,045	0,000	0,075	3,000E-1	1,700E+1
23,246	0,000	0,075	3,000E-1	1,700E+1
23,446	0,000	0,075	3,000E-1	1,700E+1
23,646	0,000	0,075	3,000E-1	1,700E+1
23,846	0,000	0,075	3,000E-1	1,700E+1
24,046	0,000	0,075	3,000E-1	1,700E+1
24,247	0,000	0,075	3,000E-1	1,700E+1
24,447	0,000	0,075	3,000E-1	1,700E+1
24,647	0,000	0,075	3,000E-1	1,700E+1
24,847	0,000	0,075	3,000E-1	1,700E+1
25,047	0,000	0,075	3,000E-1	1,700E+1
25,246	0,000	0,075	3,000E-1	1,700E+1
25,447	0,000	0,075	3,000E-1	1,700E+1
25,647	0,000	0,075	3,000E-1	1,700E+1
25,846	0,000	0,075	3,000E-1	1,700E+1
26,047	0,000	0,075	3,000E-1	1,700E+1
26,247	0,000	0,075	3,000E-1	1,700E+1
26,447	0,000	0,075	3,000E-1	1,700E+1
26,648	0,000	0,075	3,000E-1	1,700E+1
26,848	0,000	0,075	3,000E-1	1,700E+1
27,048	0,000	0,075	3,000E-1	1,700E+1
27,248	0,000	0,075	3,000E-1	1,700E+1
27,449	0,000	0,075	3,000E-1	1,700E+1
27,649	0,000	0,075	3,000E-1	1,700E+1
27,849	0,000	0,075	3,000E-1	1,700E+1
28,049	0,000	0,075	3,000E-1	1,700E+1
28,249	0,000	0,075	3,000E-1	1,700E+1
28,449	0,000	0,075	3,000E-1	1,700E+1
28,649	0,000	0,075	3,000E-1	1,700E+1
28,849	0,000	0,075	3,000E-1	1,700E+1
29,049	0,000	0,075	3,000E-1	1,700E+1
29,250	0,000	0,075	3,000E-1	1,700E+1
29,450	0,000	0,075	3,000E-1	1,700E+1
29,650	0,000	0,075	3,000E-1	1,700E+1
29,850	0,000	0,075	3,000E-1	1,700E+1
30,051	0,000	0,075	3,000E-1	1,700E+1
30,251	0,000	0,075	3,000E-1	1,700E+1
30,451	0,000	0,075	3,000E-1	1,700E+1
30,650	0,000	0,075	3,000E-1	1,700E+1
30,852	0,000	0,075	3,000E-1	1,700E+1
31,053	0,000	0,075	3,000E-1	1,700E+1
31,253	0,000	0,075	3,000E-1	1,700E+1
31,453	0,000	0,075	3,000E-1	1,700E+1
31,654	0,000	0,075	3,000E-1	1,700E+1
31,855	0,000	0,075	3,000E-1	1,700E+1
32,055	0,000	0,075	3,000E-1	1,700E+1
32,254	0,000	0,075	3,000E-1	1,700E+1
32,455	0,000	0,075	3,000E-1	1,700E+1
32,655	0,000	0,075	3,000E-1	1,700E+1
32,855	0,000	0,075	3,000E-1	1,700E+1
33,055	0,000	0,075	3,000E-1	1,700E+1
33,255	0,000	0,075	3,000E-1	1,700E+1
33,455	0,000	0,075	3,000E-1	1,700E+1
33,655	0,000	0,075	3,000E-1	1,700E+1
33,856	0,000	0,075	3,000E-1	1,700E+1
34,055	0,000	0,075	3,000E-1	1,700E+1
34,256	0,000	0,075	3,000E-1	1,700E+1
34,455	0,000	0,075	3,000E-1	1,700E+1
34,663	0,000	0,075	3,000E-1	1,700E+1
34,863	0,075	0,075	3,000E-1	1,700E+1
35,063	0,075	0,075	3,000E-1	1,700E+1
35,264	0,075	0,075	5,130E+0	1,700E+1
35,464	0,075	0,075	4,960E+0	1,700E+1
35,664	0,075	0,075	4,960E+0	1,700E+1
35,864	0,075	0,075	4,960E+0	1,700E+1
36,064	0,075	0,075	4,960E+0	1,700E+1
36,264	0,075	0,075	4,960E+0	1,700E+1
36,464	0,075	0,075	4,960E+0	1,700E+1
36,664	0,075	0,075	4,960E+0	1,700E+1
36,864	0,075	0,075	4,960E+0	1,700E+1
37,065	0,075	0,075	4,960E+0	1,700E+1
37,266	0,075	0,075	4,960E+0	1,700E+1
37,466	0,075	0,075	4,960E+0	1,700E+1
37,667	0,075	0,075	4,960E+0	1,700E+1
37,867	0,075	0,075	4,960E+0	1,700E+1
38,067	0,075	0,075	4,960E+0	1,700E+1
38,267	0,075	0,075	4,960E+0	1,700E+1
38,467	0,075	0,075	4,960E+0	1,700E+1
38,667	0,075	0,075	4,960E+0	1,700E+1
38,867	0,075	0,075	4,960E+0	1,700E+1
39,067	0,075	0,075	4,960E+0	1,700E+1
39,267	0,075	0,075	4,960E+0	1,700E+1
39,467	0,075	0,075	4,960E+0	1,700E+1
39,667	0,075	0,075	4,960E+0	1,700E+1
39,867	0,075	0,075	4,960E+0	1,700E+1
40,068	0,075	0,075	4,960E+0	1,700E+1
40,269	0,075	0,075	4,960E+0	1,700E+1
40,469	0,075	0,075	4,960E+0	1,700E+1
40,669	0,075	0,075	4,960E+0	1,700E+1
40,869	0,075	0,075	4,960E+0	1,700E+1
41,069	0,075	0,075	4,960E+0	1,700E+1
41,269	0,075	0,075	4,960E+0	1,700E+1
41,469	0,075	0,075	4,960E+0	1,700E+1
41,669	0,075	0,075	4,960E+0	1,700E+1
41,870	0,075	0,075	4,960E+0	1,700E+1
42,070	0,075	0,075	4,960E+0	1,700E+1
42,272	0,075	0,075	4,960E+0	1,700E+1
42,471	0,075	0,075	4,960E+0	1,700E+1
42,673	0,075	0,075	4,960E+0	1,700E+1
42,872	0,075	0,075	4,960E+0	1,700E+1
43,073	0,075	0,075	4,960E+0	1,700E+1
43,273	0,075	0,075	4,960E+0	1,700E+1
43,474	0,075	0,075	4,960E+0	1,700E+1
43,674	0,075	0,075	4,960E+0	1,700E+1
43,874	0,075	0,075	4,960E+0	1,700E+1
44,075	0,075	0,075	4,960E+0	1,700E+1
44,276	0,075	0,075	4,960E+0	1,700E+1
44,476	0,075	0,075	4,960E+0	1,700E+1
44,676	0,075	0,075	4,960E+0	1,700E+1
44,876	0,075	0,075	4,960E+0	1,700E+1
45,076	0,075	0,075	4,960E+0	1,700E+1
45,277	0,075	0,075	4,960E+0	1,700E+1
45,478	0,075	0,075	4,960E+0	1,700E+1
45,678	0,075	0,075	4,960E+0	1,700E+1
45,878	0,075	0,100	4,960E+0	1,700E+1
46,079	0,075	0,100	4,960E+0	1,700E+1
46,279	0,075	0,100	4,960E+0	1,700E+1
46,480	0,075	0,100	4,960E+0	1,700E+1
46,680	0,075	0,100	4,960E+0	1,700E+1
46,880	0,075	0,100	4,960E+0	1,700E+1
47,080	0,075	0,100	4,960E+0	1,700E+1
47,280	0,075	0,100	4,960E+0	1,700E+1
47,480	0,075	0,100	4,960E+0	1,700E+1
47,681	0,075	0,100	4,960E+0	1,700E+1
47,880	0,075	0,100	4,960E+0	1,700E+1
48,081	0,075	0,100	4,960E+0	1,700E+1
48,282	0,075	0,100	4,960E+0	1,700E+1
48,481	0,075	0,100	4,960E+0	1,700E+1
48,681	0,075	0,100	4,960E+0	1,700E+1
48,881	0,075	0,100	4,960E+0	1,700E+1
49,081	0,075	0,100	4,960E+0	1,700E+1
49,282	0,075	0,100	4,960E+0	1,700E+1
49,482	0,075	0,100	4,960E+0	1,700E+1
49,683	0,075	0,100	7,200E+0	1,700E+1
49,883	0,100	0,100	6,510E+0	1,700E+1
50,084	0,100	0,100	6,510E+0	1,700E+1
50,284	0,100	0,100	6,510E+0	1,700E+1
50,484	0,100	0,100	6,510E+0	1,700E+1
50,684	0,100	0,100	6,510E+0	1,700E+1
50,884	0,100	0,100	6,510E+0	1,700E+1
51,084	0,100	0,100	6,510E+0	1,700E+1
51,283	0,100	0,100	6,510E+0	1,700E+1
51,484	0,100	0,100	6,510E+0	1,700E+1
51,684	0,100	0,100	6,510E+0	1,700E+1
51,884	0,100	0,100	6,510E+0	1,700E+1
52,085	0,100	0,100	6,510E+0	1,700E+1
52,285	0,100	0,100	6,510E+0	1,700E+1
52,486	0,100	0,100	6,510E+0	1,700E+1
52,686	0,100	0,100	6,510E+0	1,700E+1
52,885	0,100	0,100	6,500E+0	1,700E+1
53,086	0,100	0,100	6,500E+0	1,700E+1
53,287	0,100	0,100	6,510E+0	1,700E+1
53,488	0,100	0,100	6,510E+0	1,700E+1
53,689	0,100	0,100	6,510E+0	1,700E+1
53,890	0,100	0,100	6,510E+0	1,700E+1
54,090	0,100	0,100	6,510E+0	1,700E+1
54,291	0,100	0,100	6,510E+0	1,700E+1
54,491	0,100	0,100	6,510E+0	1,700E+1
54,692	0,100	0,100	6,500E+0	1,700E+1
54,893	0,100	0,100	6,500E+0	1,700E+1
55,094	0,100	0,100	6,500E+0	1,700E+1
55,294	0,100	0,100	6,510E+0	1,700E+1
55,495	0,100	0,100	6,510E+0	1,700E+1
55,696	0,100	0,100	6,510E+0	1,700E+1
55,897	0,100	0,100	6,510E+0	1,700E+1
56,097	0,100	0,100	6,510E+0	1,700E+1
56,297	0,100	0,100	6,510E+0	1,700E+1
56,498	0,100	0,100	6,500E+0	1,700E+1
56,698	0,100	0,100	6,510E+0	1,700E+1
56,898	0,100	0,100	6,510E+0	1,700E+1
57,098	0,100	0,100	6,510E+0	1,700E+1
57,299	0,100	0,100	6,500E+0	1,700E+1
57,499	0,100	0,100	6,500E+0	1,700E+1
57,700	0,100	0,125	6,500E+0	1,700E+1
57,901	0,100	0,125	6,500E+0	1,700E+1
58,101	0,100	0,125	6,510E+0	1,700E+1
58,301	0,100	0,125	6,510E+0	1,700E+1
58,501	0,100	0,125	6,510E+0	1,700E+1
58,702	0,100	0,125	6,510E+0	1,700E+1
58,903	0,100	0,125	6,510E+0	1,700E+1
59,103	0,100	0,125	6,500E+0	1,700E+1
59,303	0,100	0,125	6,500E+0	1,700E+1
59,504	0,111	0,125	6,510E+0	1,700E+1
59,704	0,111	0,125	6,510E+0	1,700E+1
59,904	0,125	0,125	7,910E+0	1,700E+1
60,104	0,125	0,125	8,050E+0	1,700E+1
60,305	0,125	0,125	8,050E+0	1,700E+1
60,505	0,125	0,125	8,050E+0	1,700E+1
60,705	0,125	0,125	8,050E+0	1,700E+1
60,906	0,125	0,125	8,050E+0	1,700E+1
61,106	0,125	0,125	8,050E+0	1,700E+1
61,306	0,125	0,125	8,050E+0	1,700E+1
61,506	0,125	0,125	8,050E+0	1,700E+1
61,706	0,125	0,125	8,050E+0	1,700E+1
61,906	0,125	0,125	8,050E+0	1,700E+1
62,107	0,125	0,125	8,050E+0	1,700E+1
62,308	0,125	0,125	8,050E+0	1,700E+1
62,508	0,125	0,125	8,050E+0	1,700E+1
62,708	0,125	0,125	8,050E+0	1,700E+1
62,909	0,125	0,125	8,050E+0	1,700E+1
63,109	0,125	0,125	8,050E+0	1,700E+1
63,310	0,125	0,125	8,050E+0	1,700E+1
63,510	0,125	0,125	8,050E+0	1,700E+1
63,711	0,125	0,125	8,050E+0	1,700E+1
63,911	0,125	0,125	8,050E+0	1,700E+1
64,112	0,125	0,125	8,050E+0	1,700E+1
64,313	0,125	0,125	8,050E+0	1,700E+1
64,513	0,125	0,125	8,050E+0	1,700E+1
64,714	0,125	0,125	8,050E+0	1,700E+1
64,915	0,125	0,125	8,050E+0	1,700E+1
65,115	0,125	0,125	8,050E+0	1,700E+1
65,316	0,125	0,125	8,050E+0	1,700E+1
65,516	0,125	0,125	8,050E+0	1,700E+1
65,717	0,125	0,125	8,050E+0	1,700E+1
65,917	0,125	0,125	8,050E+0	1,700E+1
66,117	0,125	0,125	8,050E+0	1,700E+1
66,317	0,125	0,125	8,050E+0	1,700E+1
66,517	0,125	0,125	8,050E+0	1,700E+1
66,718	0,125	0,125	8,050E+0	1,700E+1
66,919	0,125	0,125	8,050E+0	1,700E+1
67,119	0,125	0,125	8,050E+0	1,700E+1
67,320	0,125	0,125	8,050E+0	1,700E+1
67,520	0,125	0,125	8,050E+0	1,700E+1
67,720	0,125	0,125	8,050E+0	1,700E+1
67,920	0,125	0,125	8,050E+0	1,700E+1
68,120	0,125	0,125	8,050E+0	1,700E+1
68,319	0,125	0,125	8,050E+0	1,700E+1
68,520	0,125	0,150	8,050E+0	1,700E+1
68,720	0,125	0,150	8,050E+0	1,700E+1
68,919	0,125	0,150	8,050E+0	1,700E+1
69,120	0,125	0,150	8,050E+0	1,700E+1
69,320	0,125	0,150	8,050E+0	1,700E+1
69,521	0,125	0,150	8,050E+0	1,700E+1
69,721	0,125	0,150	8,050E+0	1,700E+1
69,921	0,125	0,150	8,050E+0	1,700E+1
70,121	0,125	0,150	8,050E+0	1,700E+1
70,323	0,125	0,150	8,050E+0	1,700E+1
70,522	0,125	0,150	8,050E+0	1,700E+1
70,724	0,125	0,150	8,050E+0	1,700E+1
70,924	0,125	0,150	8,050E+0	1,700E+1
71,124	0,125	0,150	8,050E+0	1,700E+1
71,324	0,125	0,150	1,078E+1	1,700E+1
71,524	0,150	0,150	9,600E+0	1,700E+1
71,724	0,150	0,150	9,600E+0	1,700E+1
71,924	0,150	0,150	9,600E+0	1,700E+1
72,124	0,150	0,150	9,600E+0	1,700E+1
72,325	0,150	0,150	9,600E+0	1,700E+1
72,525	0,150	0,150	9,600E+0	1,700E+1
72,725	0,150	0,150	9,600E+0	1,700E+1
72,925	0,150	0,150	9,600E+0	1,700E+1
73,125	0,150	0,150	9,600E+0	1,700E+1
73,325	0,150	0,150	9,600E+0	1,700E+1
73,525	0,150	0,150	9,600E+0	1,700E+1
73,725	0,150	0,150	9,600E+0	1,700E+1
73,924	0,150	0,150	9,600E+0	1,700E+1
74,125	0,150	0,150	9,600E+0	1,700E+1
74,325	0,150	0,150	9,600E+0	1,700E+1
74,526	0,150	0,150	9,590E+0	1,700E+1
74,726	0,150	0,150	9,600E+0	1,700E+1
74,926	0,150	0,150	9,600E+0	1,700E+1
75,126	0,150	0,150	9,600E+0	1,700E+1
75,327	0,150	0,150	9,600E+0	1,700E+1
75,527	0,150	0,150	9,600E+0	1,700E+1
75,727	0,150	0,150	9,600E+0	1,700E+1
75,928	0,150	0,150	9,600E+0	1,700E+1
76,129	0,150	0,150	9,600E+0	1,700E+1
76,330	0,150	0,150	9,600E+0	1,700E+1
76,530	0,150	0,150	9,600E+0	1,700E+1
76,729	0,150	0,150	9,600E+0	1,700E+1
76,931	0,150	0,150	9,590E+0	1,700E+1
77,130	0,150	0,150	9,600E+0	1,700E+1
77,331	0,150	0,150	9,600E+0	1,700E+1
77,531	0,150	0,150	9,600E+0	1,700E+1
77,732	0,150	0,150	9,600E+0	1,700E+1
77,932	0,150	0,150	9,600E+0	1,700E+1
78,132	0,150	0,150	9,600E+0	1,700E+1
78,332	0,150	0,150	9,600E+0	1,700E+1
78,532	0,150	0,150	9,600E+0	1,700E+1
78,733	0,150	0,150	9,600E+0	1,700E+1
78,933	0,150	0,150	9,600E+0	1,700E+1
79,133	0,150	0,150	9,600E+0	1,700E+1
79,334	0,150	0,150	9,600E+0	1,700E+1
79,533	0,150	0,150	9,600E+0	1,700E+1
79,734	0,150	0,150	9,600E+0	1,700E+1
79,934	0,150	0,150	9,600E+0	1,700E+1
80,133	0,150	0,150	9,600E+0	1,700E+1
80,334	0,150	0,150	9,600E+0	1,700E+1
80,535	0,150	0,175	9,600E+0	1,700E+1
80,735	0,150	0,175	9,600E+0	1,700E+1
80,935	0,150	0,175	9,600E+0	1,700E+1
81,135	0,150	0,175	9,600E+0	1,700E+1
81,336	0,150	0,175	9,600E+0	1,700E+1
81,536	0,150	0,175	9,600E+0	1,700E+1
81,736	0,150	0,175	9,600E+0	1,700E+1
81,936	0,150	0,175	9,600E+0	1,700E+1
82,136	0,150	0,175	9,600E+0	1,700E+1
82,337	0,150	0,175	9,600E+0	1,700E+1
82,537	0,174	0,175	9,600E+0	1,700E+1
82,737	0,175	0,175	1,114E+1	1,700E+1
82,937	0,175	0,175	1,115E+1	1,700E+1
83,137	0,175	0,175	1,115E+1	1,700E+1
83,338	0,175	0,175	1,115E+1	1,700E+1
83,538	0,175	0,175	1,114E+1	1,700E+1
83,738	0,175	0,175	1,114E+1	1,700E+1
83,938	0,175	0,175	1,114E+1	1,700E+1
84,138	0,175	0,175	1,115E+1	1,700E+1
84,338	0,175	0,175	1,115E+1	1,700E+1
84,539	0,175	0,175	1,115E+1	1,700E+1
84,738	0,175	0,175	1,115E+1	1,700E+1
84,939	0,175	0,175	1,115E+1	1,700E+1
85,139	0,175	0,175	1,115E+1	1,700E+1
85,339	0,175	0,175	1,115E+1	1,700E+1
85,540	0,175	0,175	1,115E+1	1,700E+1
85,740	0,175	0,175	1,114E+1	1,700E+1
85,940	0,175	0,175	1,115E+1	1,700E+1
86,142	0,175	0,175	1,115E+1	1,700E+1
86,343	0,175	0,175	1,115E+1	1,700E+1
86,543	0,175	0,175	1,115E+1	1,700E+1
86,743	0,175	0,175	1,115E+1	1,700E+1
86,943	0,175	0,175	1,115E+1	1,700E+1
87,144	0,175	0,175	1,115E+1	1,700E+1
87,345	0,175	0,175	1,115E+1	1,700E+1
87,545	0,175	0,175	1,115E+1	1,700E+1
87,746	0,175	0,175	1,115E+1	1,700E+1
87,947	0,175	0,175	1,115E+1	1,700E+1
88,146	0,175	0,175	1,115E+1	1,700E+1
88,349	0,175	0,175	1,115E+1	1,700E+1
88,550	0,175	0,175	1,115E+1	1,700E+1
88,750	0,175	0,175	1,115E+1	1,700E+1
88,950	0,175	0,175	1,115E+1	1,700E+1
89,149	0,175	0,175	1,115E+1	1,700E+1
89,351	0,175	0,175	1,115E+1	1,700E+1
89,550	0,175	0,175	1,115E+1	1,700E+1
89,751	0,175	0,175	1,115E+1	1,700E+1
89,952	0,175	0,175	1,115E+1	1,700E+1
90,153	0,175	0,175	1,115E+1	1,700E+1
90,354	0,175	0,175	1,115E+1	1,700E+1
90,555	0,175	0,175	1,115E+1	1,700E+1
90,755	0,175	0,175	1,115E+1	1,700E+1
90,955	0,175	0,175	1,115E+1	1,700E+1
91,156	0,175	0,175	1,115E+1	1,700E+1
91,355	0,175	0,175	1,115E+1	1,700E+1
91,555	0,175	0,200	1,115E+1	1,700E+1
91,756	0,175	0,200	1,115E+1	1,700E+1
91,957	0,175	0,200	1,115E+1	1,700E+1
92,157	0,175	0,200	1,115E+1	1,700E+1
92,358	0,175	0,200	1,115E+1	1,700E+1
92,558	0,175	0,200	1,115E+1	1,700E+1
92,761	0,175	0,200	1,115E+1	1,700E+1
92,960	0,175	0,200	1,115E+1	1,700E+1
93,159	0,199	0,200	1,115E+1	1,700E+1
93,360	0,199	0,200	1,115E+1	1,700E+1
93,560	0,200	0,200	1,270E+1	1,700E+1
93,760	0,200	0,200	1,270E+1	1,700E+1
93,959	0,200	0,200	1,270E+1	1,700E+1
94,160	0,200	0,200	1,270E+1	1,700E+1
94,362	0,200	0,200	1,270E+1	1,700E+1
94,561	0,200	0,200	1,270E+1	1,700E+1
94,762	0,200	0,200	1,270E+1	1,700E+1
94,962	0,200	0,200	1,270E+1	1,700E+1
95,162	0,200	0,200	1,270E+1	1,700E+1
95,362	0,200	0,200	1,270E+1	1,700E+1
95,562	0,200	0,200	1,270E+1	1,700E+1
95,761	0,200	0,200	1,270E+1	1,700E+1
95,962	0,200	0,200	1,270E+1	1,700E+1
96,162	0,200	0,200	1,270E+1	1,700E+1
96,363	0,200	0,200	1,270E+1	1,700E+1
96,564	0,200	0,200	1,270E+1	1,700E+1
96,764	0,200	0,200	1,270E+1	1,700E+1
96,964	0,200	0,200	1,270E+1	1,700E+1
97,165	0,200	0,200	1,270E+1	1,700E+1
97,365	0,200	0,200	1,270E+1	1,700E+1
97,566	0,200	0,200	1,270E+1	1,700E+1
97,766	0,200	0,200	1,270E+1	1,700E+1
97,967	0,200	0,200	1,270E+1	1,700E+1
98,166	0,200	0,200	1,270E+1	1,700E+1
98,366	0,200	0,200	1,270E+1	1,700E+1
98,566	0,200	0,200	1,270E+1	1,700E+1
98,766	0,200	0,200	1,270E+1	1,700E+1
98,965	0,200	0,200	1,270E+1	1,700E+1
99,166	0,200	0,200	1,270E+1	1,700E+1
99,365	0,200	0,200	1,270E+1	1,700E+1
99,566	0,200	0,200	1,270E+1	1,700E+1
99,767	0,200	0,200	1,270E+1	1,700E+1
99,967	0,200	0,200	1,270E+1	1,700E+1
100,168	0,200	0,200	1,270E+1	1,700E+1
100,368	0,200	0,200	1,270E+1	1,700E+1
100,568	0,200	0,200	1,270E+1	1,700E+1
100,768	0,200	0,200	1,270E+1	1,700E+1
100,968	0,200	0,200	1,270E+1	1,700E+1
101,168	0,200	0,200	1,270E+1	1,700E+1
101,368	0,200	0,200	1,270E+1	1,700E+1
101,569	0,200	0,200	1,270E+1	1,700E+1
101,769	0,200	0,200	1,270E+1	1,700E+1
101,969	0,200	0,200	1,271E+1	1,700E+1
102,170	0,200	0,200	1,271E+1	1,700E+1
102,372	0,200	0,200	1,271E+1	1,700E+1
102,573	0,200	0,200	1,271E+1	1,700E+1
102,774	0,200	0,200	1,271E+1	1,700E+1
102,974	0,200	0,225	1,271E+1	1,700E+1
103,175	0,200	0,225	1,271E+1	1,700E+1
103,376	0,200	0,225	1,271E+1	1,700E+1
103,576	0,200	0,225	1,271E+1	1,700E+1
103,776	0,200	0,225	1,271E+1	1,700E+1
103,975	0,200	0,225	1,271E+1	1,700E+1
104,177	0,200	0,225	1,271E+1	1,700E+1
104,378	0,200	0,225	1,271E+1	1,700E+1
104,578	0,200	0,225	1,271E+1	1,700E+1
104,779	0,206	0,225	1,271E+1	1,700E+1
104,980	0,225	0,225	1,271E+1	1,700E+1
105,179	0,225	0,225	1,433E+1	1,700E+1
105,381	0,225	0,225	1,425E+1	1,700E+1
105,581	0,225	0,225	1,425E+1	1,700E+1
105,782	0,225	0,225	1,425E+1	1,700E+1
105,982	0,225	0,225	1,425E+1	1,700E+1
106,181	0,225	0,225	1,425E+1	1,700E+1
106,383	0,225	0,225	1,425E+1	1,700E+1
106,582	0,225	0,225	1,425E+1	1,700E+1
106,783	0,225	0,225	1,425E+1	1,700E+1
106,984	0,225	0,225	1,425E+1	1,700E+1
107,184	0,225	0,225	1,425E+1	1,700E+1
107,385	0,225	0,225	1,425E+1	1,700E+1
107,585	0,225	0,225	1,425E+1	1,700E+1
107,786	0,225	0,225	1,425E+1	1,700E+1
107,986	0,225	0,225	1,425E+1	1,700E+1
108,186	0,225	0,225	1,425E+1	1,700E+1
108,386	0,225	0,225	1,425E+1	1,700E+1
108,585	0,225	0,225	1,425E+1	1,700E+1
108,786	0,225	0,225	1,425E+1	1,700E+1
108,986	0,225	0,225	1,425E+1	1,700E+1
109,186	0,225	0,225	1,425E+1	1,700E+1
109,387	0,225	0,225	1,425E+1	1,700E+1
109,588	0,225	0,225	1,425E+1	1,700E+1
109,788	0,225	0,225	1,425E+1	1,700E+1
109,987	0,225	0,225	1,425E+1	1,700E+1
110,188	0,225	0,225	1,425E+1	1,700E+1
110,388	0,225	0,225	1,425E+1	1,700E+1
110,588	0,225	0,225	1,426E+1	1,700E+1
110,788	0,225	0,225	1,426E+1	1,700E+1
110,988	0,225	0,225	1,426E+1	1,700E+1
111,189	0,225	0,225	1,426E+1	1,700E+1
111,388	0,225	0,225	1,426E+1	1,700E+1
111,589	0,225	0,225	1,426E+1	1,700E+1
111,790	0,225	0,225	1,426E+1	1,700E+1
111,991	0,225	0,225	1,426E+1	1,700E+1
112,192	0,225	0,225	1,426E+1	1,700E+1
112,393	0,225	0,225	1,426E+1	1,700E+1
112,593	0,225	0,225	1,426E+1	1,700E+1
112,793	0,225	0,225	1,426E+1	1,700E+1
112,993	0,225	0,225	1,426E+1	1,700E+1
113,193	0,225	0,225	1,426E+1	1,700E+1
113,393	0,225	0,225	1,426E+1	1,700E+1
113,594	0,225	0,225	1,426E+1	1,700E+1
113,795	0,225	0,225	1,426E+1	1,700E+1
113,995	0,225	0,250	1,426E+1	1,700E+1
114,196	0,225	0,250	1,426E+1	1,700E+1
114,396	0,225	0,250	1,426E+1	1,700E+1
114,598	0,225	0,250	1,426E+1	1,700E+1
114,798	0,225	0,250	1,426E+1	1,700E+1
114,998	0,225	0,250	1,426E+1	1,700E+1
115,198	0,225	0,250	1,427E+1	1,700E+1
115,398	0,225	0,250	1,426E+1	1,700E+1
115,598	0,225	0,250	1,426E+1	1,700E+1
115,798	0,225	0,250	1,426E+1	1,700E+1
115,998	0,225	0,250	1,427E+1	1,700E+1
116,199	0,225	0,250	1,710E+1	1,700E+1
116,399	0,250	0,250	1,582E+1	1,700E+1
116,600	0,250	0,250	1,582E+1	1,700E+1
116,800	0,250	0,250	1,582E+1	1,700E+1
116,999	0,250	0,250	1,582E+1	1,700E+1
117,200	0,250	0,250	1,582E+1	1,700E+1
117,399	0,250	0,250	1,582E+1	1,700E+1
117,600	0,250	0,250	1,582E+1	1,700E+1
117,801	0,250	0,250	1,582E+1	1,700E+1
118,002	0,250	0,250	1,582E+1	1,700E+1
118,202	0,250	0,250	1,582E+1	1,700E+1
118,402	0,250	0,250	1,582E+1	1,700E+1
118,602	0,250	0,250	1,582E+1	1,700E+1
118,803	0,250	0,250	1,582E+1	1,700E+1
119,002	0,250	0,250	1,582E+1	1,700E+1
119,203	0,250	0,250	1,582E+1	1,700E+1
119,403	0,250	0,250	1,582E+1	1,700E+1
119,604	0,250	0,250	1,582E+1	1,700E+1
119,804	0,250	0,250	1,583E+1	1,700E+1
120,004	0,250	0,250	1,583E+1	1,700E+1
120,205	0,250	0,250	1,582E+1	1,700E+1
120,405	0,250	0,250	1,582E+1	1,700E+1
120,607	0,250	0,250	1,583E+1	1,700E+1
120,807	0,250	0,250	1,583E+1	1,700E+1
121,008	0,250	0,250	1,583E+1	1,700E+1
121,208	0,250	0,250	1,583E+1	1,700E+1
121,408	0,250	0,250	1,583E+1	1,700E+1
121,608	0,250	0,250	1,583E+1	1,700E+1
121,808	0,250	0,250	1,583E+1	1,700E+1
122,008	0,250	0,250	1,584E+1	1,700E+1
122,209	0,250	0,250	1,583E+1	1,700E+1
122,409	0,250	0,250	1,583E+1	1,700E+1
122,610	0,250	0,250	1,583E+1	1,700E+1
122,811	0,250	0,250	1,584E+1	1,700E+1
123,012	0,250	0,250	1,584E+1	1,700E+1
123,213	0,250	0,250	1,584E+1	1,700E+1
123,414	0,250	0,250	1,584E+1	1,700E+1
123,614	0,250	0,250	1,584E+1	1,700E+1
123,813	0,250	0,250	1,584E+1	1,700E+1
124,014	0,250	0,250	1,584E+1	1,700E+1
124,214	0,250	0,250	1,584E+1	1,700E+1
124,414	0,250	0,250	1,584E+1	1,700E+1
124,614	0,250	0,250	1,584E+1	1,700E+1
124,814	0,250	0,250	1,584E+1	1,700E+1
125,014	0,250	0,250	1,584E+1	1,700E+1
125,214	0,250	0,250	1,584E+1	1,700E+1
125,414	0,250	0,275	1,584E+1	1,700E+1
125,614	0,250	0,275	1,584E+1	1,700E+1
125,813	0,250	0,275	1,584E+1	1,700E+1
126,014	0,250	0,275	1,584E+1	1,700E+1
126,214	0,250	0,275	1,585E+1	1,700E+1
126,414	0,250	0,275	1,585E+1	1,700E+1
126,614	0,250	0,275	1,584E+1	1,700E+1
126,814	0,250	0,275	1,584E+1	1,700E+1
127,014	0,250	0,275	1,584E+1	1,700E+1
127,215	0,250	0,275	1,718E+1	1,700E+1
127,415	0,265	0,275	1,697E+1	1,700E+1
127,615	0,268	0,275	1,697E+1	1,700E+1
127,814	0,268	0,275	1,697E+1	1,700E+1
128,015	0,268	0,275	1,697E+1	1,700E+1
128,215	0,268	0,275	1,697E+1	1,700E+1
128,416	0,268	0,275	1,697E+1	1,700E+1
128,616	0,268	0,275	1,697E+1	1,700E+1
128,816	0,268	0,275	1,697E+1	1,700E+1
129,016	0,268	0,275	1,697E+1	1,700E+1
129,216	0,268	0,275	1,698E+1	1,700E+1
129,417	0,268	0,275	1,697E+1	1,700E+1
129,617	0,268	0,275	1,697E+1	1,700E+1
129,817	0,268	0,275	1,697E+1	1,700E+1
130,018	0,268	0,275	1,697E+1	1,700E+1
130,219	0,268	0,275	1,697E+1	1,700E+1
130,420	0,268	0,275	1,697E+1	1,700E+1
130,621	0,268	0,275	1,697E+1	1,700E+1
130,821	0,268	0,275	1,697E+1	1,700E+1
131,022	0,268	0,275	1,697E+1	1,700E+1
131,222	0,268	0,275	1,697E+1	1,700E+1
131,422	0,268	0,275	1,697E+1	1,700E+1
131,623	0,268	0,275	1,697E+1	1,700E+1
131,823	0,268	0,275	1,697E+1	1,700E+1
132,022	0,268	0,275	1,697E+1	1,700E+1
132,223	0,268	0,275	1,697E+1	1,700E+1
132,424	0,268	0,275	1,697E+1	1,700E+1
132,625	0,268	0,275	1,697E+1	1,700E+1
132,825	0,268	0,275	1,697E+1	1,700E+1
133,026	0,268	0,275	1,697E+1	1,700E+1
133,227	0,268	0,275	1,697E+1	1,700E+1
133,427	0,268	0,275	1,697E+1	1,700E+1
133,627	0,268	0,275	1,697E+1	1,700E+1
133,827	0,268	0,275	1,697E+1	1,700E+1
134,026	0,268	0,275	1,697E+1	1,700E+1
134,226	0,268	0,275	1,697E+1	1,700E+1
134,428	0,268	0,275	1,697E+1	1,700E+1
134,628	0,268	0,275	1,698E+1	1,700E+1
134,829	0,268	0,275	1,698E+1	1,700E+1
135,029	0,268	0,275	1,697E+1	1,700E+1
135,229	0,268	0,275	1,697E+1	1,700E+1
135,431	0,268	0,275	1,697E+1	1,700E+1
135,631	0,268	0,275	1,697E+1	1,700E+1
135,832	0,268	0,275	1,697E+1	1,700E+1
136,032	0,268	0,275	1,697E+1	1,700E+1
136,232	0,268	0,275	1,697E+1	1,700E+1
136,432	0,268	0,275	1,698E+1	1,700E+1
136,632	0,268	0,275	1,698E+1	1,700E+1
136,832	0,268	0,275	1,697E+1	1,700E+1
137,033	0,268	0,275	1,697E+1	1,700E+1
137,234	0,268	0,275	1,697E+1	1,700E+1
137,434	0,268	0,275	1,697E+1	1,700E+1
137,633	0,268	0,275	1,697E+1	1,700E+1
137,834	0,268	0,275	1,697E+1	1,700E+1
138,034	0,268	0,275	1,697E+1	1,700E+1
138,234	0,268	0,275	1,697E+1	1,700E+1
138,434	0,268	0,275	1,697E+1	1,700E+1
138,635	0,268	0,275	1,697E+1	1,700E+1
138,835	0,268	0,275	1,697E+1	1,700E+1
139,035	0,268	0,275	1,697E+1	1,700E+1
139,235	0,268	0,275	1,697E+1	1,700E+1
139,434	0,268	0,275	1,697E+1	1,700E+1
139,636	0,268	0,275	1,697E+1	1,700E+1
139,837	0,268	0,275	1,697E+1	1,700E+1
140,038	0,268	0,275	1,697E+1	1,700E+1
140,238	0,268	0,275	1,697E+1	1,700E+1
140,438	0,268	0,275	1,697E+1	1,700E+1
140,639	0,268	0,275	1,697E+1	1,700E+1
140,840	0,268	0,275	1,698E+1	1,700E+1
141,040	0,268	0,275	1,698E+1	1,700E+1
141,240	0,268	0,275	1,697E+1	1,700E+1
141,440	0,268	0,275	1,698E+1	1,700E+1
141,640	0,268	0,275	1,698E+1	1,700E+1
141,840	0,267	0,275	1,698E+1	1,700E+1
142,040	0,267	0,275	1,697E+1	1,700E+1
142,240	0,267	0,275	1,697E+1	1,700E+1
142,441	0,267	0,275	1,697E+1	1,700E+1
142,641	0,267	0,275	1,697E+1	1,700E+1
142,842	0,267	0,275	1,697E+1	1,700E+1
143,042	0,267	0,275	1,697E+1	1,700E+1
143,242	0,267	0,275	1,697E+1	1,700E+1
143,442	0,267	0,275	1,697E+1	1,700E+1
143,642	0,267	0,275	1,697E+1	1,700E+1
143,842	0,267	0,275	1,697E+1	1,700E+1
144,043	0,267	0,275	1,697E+1	1,700E+1
144,243	0,267	0,275	1,697E+1	1,700E+1
144,445	0,267	0,275	1,697E+1	1,700E+1
144,645	0,267	0,275	1,697E+1	1,700E+1
144,845	0,267	0,275	1,697E+1	1,700E+1
145,045	0,267	0,275	1,697E+1	1,700E+1
145,245	0,267	0,275	1,697E+1	1,700E+1
145,445	0,267	0,275	1,697E+1	1,700E+1
145,645	0,267	0,275	1,697E+1	1,700E+1
145,845	0,267	0,275	1,697E+1	1,700E+1
146,045	0,267	0,275	1,697E+1	1,700E+1
146,245	0,267	0,250	1,697E+1	1,700E+1
146,445	0,267	0,250	1,697E+1	1,700E+1
146,645	0,267	0,250	1,697E+1	1,700E+1
146,845	0,267	0,250	1,697E+1	1,700E+1
147,045	0,267	0,250	1,697E+1	1,700E+1
147,246	0,267	0,250	1,697E+1	1,700E+1
147,446	0,267	0,250	1,697E+1	1,700E+1
147,646	0,267	0,250	1,697E+1	1,700E+1
147,846	0,267	0,250	1,697E+1	1,700E+1
148,046	0,267	0,250	1,697E+1	1,700E+1
148,246	0,266	0,250	1,697E+1	1,700E+1
148,446	0,266	0,250	1,602E+1	1,700E+1
148,646	0,250	0,250	1,593E+1	1,700E+1
148,846	0,250	0,250	1,593E+1	1,700E+1
149,046	0,250	0,250	1,593E+1	1,700E+1
149,246	0,250	0,250	1,593E+1	1,700E+1
149,447	0,250	0,250	1,593E+1	1,700E+1
149,648	0,250	0,250	1,593E+1	1,700E+1
149,847	0,250	0,250	1,593E+1	1,700E+1
150,048	0,250	0,250	1,593E+1	1,700E+1
150,248	0,250	0,250	1,593E+1	1,700E+1
150,448	0,250	0,250	1,593E+1	1,700E+1
150,649	0,250	0,250	1,594E+1	1,700E+1
150,849	0,250	0,250	1,594E+1	1,700E+1
151,049	0,250	0,250	1,594E+1	1,700E+1
151,250	0,250	0,250	1,594E+1	1,700E+1
151,450	0,250	0,250	1,593E+1	1,700E+1
151,649	0,250	0,250	1,593E+1	1,700E+1
151,851	0,250	0,250	1,594E+1	1,700E+1
152,051	0,250	0,250	1,594E+1	1,700E+1
152,252	0,250	0,250	1,594E+1	1,700E+1
152,452	0,250	0,250	1,594E+1	1,700E+1
152,652	0,250	0,250	1,594E+1	1,700E+1
152,852	0,250	0,250	1,594E+1	1,700E+1
153,051	0,250	0,250	1,594E+1	1,700E+1
153,253	0,250	0,250	1,594E+1	1,700E+1
153,453	0,250	0,250	1,594E+1	1,700E+1
153,653	0,250	0,250	1,594E+1	1,700E+1
153,854	0,250	0,250	1,595E+1	1,700E+1
154,054	0,250	0,250	1,595E+1	1,700E+1
154,254	0,250	0,250	1,595E+1	1,700E+1
154,454	0,250	0,250	1,595E+1	1,700E+1
154,654	0,250	0,250	1,595E+1	1,700E+1
154,854	0,250	0,250	1,595E+1	1,700E+1
155,053	0,250	0,250	1,595E+1	1,700E+1
155,254	0,250	0,250	1,595E+1	1,700E+1
155,454	0,250	0,250	1,595E+1	1,700E+1
155,655	0,250	0,250	1,595E+1	1,700E+1
155,855	0,250	0,250	1,595E+1	1,700E+1
156,055	0,250	0,250	1,596E+1	1,700E+1
156,255	0,250	0,250	1,596E+1	1,700E+1
156,455	0,250	0,250	1,596E+1	1,700E+1
156,656	0,250	0,250	1,596E+1	1,700E+1
156,856	0,250	0,250	1,596E+1	1,700E+1
157,056	0,250	0,225	1,596E+1	1,700E+1
157,256	0,250	0,225	1,596E+1	1,700E+1
157,456	0,250	0,225	1,596E+1	1,700E+1
157,656	0,250	0,225	1,596E+1	1,700E+1
157,857	0,250	0,225	1,596E+1	1,700E+1
158,057	0,250	0,225	1,596E+1	1,700E+1
158,257	0,250	0,225	1,596E+1	1,700E+1
158,457	0,250	0,225	1,596E+1	1,700E+1
158,658	0,250	0,225	1,597E+1	1,700E+1
158,858	0,250	0,225	1,597E+1	1,700E+1
159,059	0,250	0,225	1,597E+1	1,700E+1
159,259	0,250	0,225	1,488E+1	1,700E+1
159,461	0,250	0,225	1,441E+1	1,700E+1
159,660	0,225	0,225	1,441E+1	1,700E+1
159,860	0,225	0,225	1,441E+1	1,700E+1
160,061	0,225	0,225	1,441E+1	1,700E+1
160,261	0,225	0,225	1,441E+1	1,700E+1
160,461	0,225	0,225	1,441E+1	1,700E+1
160,661	0,225	0,225	1,441E+1	1,700E+1
160,861	0,225	0,225	1,441E+1	1,700E+1
161,061	0,225	0,225	1,441E+1	1,700E+1
161,261	0,225	0,225	1,441E+1	1,700E+1
161,462	0,225	0,225	1,441E+1	1,700E+1
161,662	0,225	0,225	1,441E+1	1,700E+1
161,862	0,225	0,225	1,441E+1	1,700E+1
162,062	0,225	0,225	1,441E+1	1,700E+1
162,262	0,225	0,225	1,441E+1	1,700E+1
162,462	0,225	0,225	1,441E+1	1,700E+1
162,662	0,225	0,225	1,441E+1	1,700E+1
162,863	0,225	0,225	1,442E+1	1,700E+1
163,063	0,225	0,225	1,442E+1	1,700E+1
163,263	0,225	0,225	1,442E+1	1,700E+1
163,464	0,225	0,225	1,442E+1	1,700E+1
163,664	0,225	0,225	1,442E+1	1,700E+1
163,864	0,225	0,225	1,442E+1	1,700E+1
164,064	0,225	0,225	1,442E+1	1,700E+1
164,264	0,225	0,225	1,442E+1	1,700E+1
164,464	0,225	0,225	1,442E+1	1,700E+1
164,664	0,225	0,225	1,442E+1	1,700E+1
164,864	0,225	0,225	1,442E+1	1,700E+1
165,065	0,225	0,225	1,442E+1	1,700E+1
165,266	0,225	0,225	1,442E+1	1,700E+1
165,466	0,225	0,225	1,443E+1	1,700E+1
165,667	0,225	0,225	1,443E+1	1,700E+1
165,867	0,225	0,225	1,443E+1	1,700E+1
166,067	0,225	0,225	1,443E+1	1,700E+1
166,269	0,225	0,225	1,443E+1	1,700E+1
166,469	0,225	0,225	1,443E+1	1,700E+1
166,669	0,225	0,225	1,443E+1	1,700E+1
166,870	0,225	0,225	1,443E+1	1,700E+1
167,071	0,225	0,225	1,443E+1	1,700E+1
167,271	0,225	0,225	1,443E+1	1,700E+1
167,472	0,225	0,225	1,443E+1	1,700E+1
167,673	0,225	0,225	1,443E+1	1,700E+1
167,873	0,225	0,225	1,443E+1	1,700E+1
168,073	0,225	0,225	1,444E+1	1,700E+1
168,272	0,225	0,225	1,444E+1	1,700E+1
168,473	0,225	0,225	1,444E+1	1,700E+1
168,674	0,225	0,225	1,444E+1	1,700E+1
168,874	0,225	0,225	1,444E+1	1,700E+1
169,074	0,225	0,200	1,444E+1	1,700E+1
169,275	0,225	0,200	1,444E+1	1,700E+1
169,475	0,225	0,200	1,444E+1	1,700E+1
169,676	0,225	0,200	1,444E+1	1,700E+1
169,876	0,225	0,200	1,444E+1	1,700E+1
170,075	0,225	0,200	1,444E+1	1,700E+1
170,277	0,225	0,200	1,444E+1	1,700E+1
170,477	0,225	0,200	1,444E+1	1,700E+1
170,678	0,225	0,200	1,397E+1	1,700E+1
170,878	0,225	0,200	1,397E+1	1,700E+1
171,078	0,200	0,200	1,289E+1	1,700E+1
171,280	0,200	0,200	1,289E+1	1,700E+1
171,480	0,200	0,200	1,288E+1	1,700E+1
171,681	0,200	0,200	1,289E+1	1,700E+1
171,882	0,200	0,200	1,289E+1	1,700E+1
172,082	0,200	0,200	1,289E+1	1,700E+1
172,282	0,200	0,200	1,289E+1	1,700E+1
172,482	0,200	0,200	1,289E+1	1,700E+1
172,682	0,200	0,200	1,289E+1	1,700E+1
172,882	0,200	0,200	1,289E+1	1,700E+1
173,082	0,200	0,200	1,289E+1	1,700E+1
173,282	0,200	0,200	1,289E+1	1,700E+1
173,482	0,200	0,200	1,289E+1	1,700E+1
173,683	0,200	0,200	1,289E+1	1,700E+1
173,884	0,200	0,200	1,289E+1	1,700E+1
174,084	0,200	0,200	1,290E+1	1,700E+1
174,285	0,200	0,200	1,289E+1	1,700E+1
174,485	0,200	0,200	1,289E+1	1,700E+1
174,687	0,200	0,200	1,290E+1	1,700E+1
174,887	0,200	0,200	1,290E+1	1,700E+1
175,087	0,200	0,200	1,290E+1	1,700E+1
175,287	0,200	0,200	1,290E+1	1,700E+1
175,487	0,200	0,200	1,289E+1	1,700E+1
175,687	0,200	0,200	1,290E+1	1,700E+1
175,888	0,200	0,200	1,290E+1	1,700E+1
176,088	0,200	0,200	1,290E+1	1,700E+1
176,289	0,200	0,200	1,290E+1	1,700E+1
176,489	0,200	0,200	1,290E+1	1,700E+1
176,689	0,200	0,200	1,290E+1	1,700E+1
176,890	0,200	0,200	1,290E+1	1,700E+1
177,090	0,200	0,200	1,290E+1	1,700E+1
177,290	0,200	0,200	1,290E+1	1,700E+1
177,491	0,200	0,200	1,290E+1	1,700E+1
177,692	0,200	0,200	1,290E+1	1,700E+1
177,893	0,200	0,200	1,290E+1	1,700E+1
178,093	0,200	0,200	1,290E+1	1,700E+1
178,293	0,200	0,200	1,291E+1	1,700E+1
178,493	0,200	0,200	1,291E+1	1,700E+1
178,693	0,200	0,200	1,291E+1	1,700E+1
178,893	0,200	0,200	1,291E+1	1,700E+1
179,094	0,200	0,200	1,291E+1	1,700E+1
179,294	0,200	0,200	1,291E+1	1,700E+1
179,494	0,200	0,175	1,291E+1	1,700E+1
179,693	0,200	0,175	1,291E+1	1,700E+1
179,894	0,200	0,175	1,291E+1	1,700E+1
180,094	0,200	0,175	1,291E+1	1,700E+1
180,294	0,200	0,175	1,291E+1	1,700E+1
180,494	0,200	0,175	1,291E+1	1,700E+1
180,694	0,200	0,175	1,291E+1	1,700E+1
180,894	0,200	0,175	1,292E+1	1,700E+1
181,094	0,200	0,175	1,292E+1	1,700E+1
181,295	0,175	0,175	1,131E+1	1,700E+1
181,496	0,175	0,175	1,134E+1	1,700E+1
181,697	0,175	0,175	1,134E+1	1,700E+1
181,897	0,175	0,175	1,134E+1	1,700E+1
182,098	0,175	0,175	1,135E+1	1,700E+1
182,298	0,175	0,175	1,135E+1	1,700E+1
182,498	0,175	0,175	1,135E+1	1,700E+1
182,699	0,175	0,175	1,135E+1	1,700E+1
182,898	0,175	0,175	1,135E+1	1,700E+1
183,099	0,175	0,175	1,135E+1	1,700E+1
183,300	0,175	0,175	1,135E+1	1,700E+1
183,501	0,175	0,175	1,135E+1	1,700E+1
183,702	0,175	0,175	1,135E+1	1,700E+1
183,903	0,175	0,175	1,135E+1	1,700E+1
184,104	0,175	0,175	1,135E+1	1,700E+1
184,305	0,175	0,175	1,135E+1	1,700E+1
184,505	0,175	0,175	1,135E+1	1,700E+1
184,704	0,175	0,175	1,135E+1	1,700E+1
184,906	0,175	0,175	1,135E+1	1,700E+1
185,106	0,175	0,175	1,135E+1	1,700E+1
185,306	0,175	0,175	1,135E+1	1,700E+1
185,507	0,175	0,175	1,135E+1	1,700E+1
185,707	0,175	0,175	1,135E+1	1,700E+1
185,907	0,175	0,175	1,135E+1	1,700E+1
186,107	0,175	0,175	1,135E+1	1,700E+1
186,307	0,175	0,175	1,135E+1	1,700E+1
186,506	0,175	0,175	1,136E+1	1,700E+1
186,707	0,175	0,175	1,136E+1	1,700E+1
186,907	0,175	0,175	1,136E+1	1,700E+1
187,107	0,175	0,175	1,136E+1	1,700E+1
187,307	0,175	0,175	1,136E+1	1,700E+1
187,506	0,175	0,175	1,135E+1	1,700E+1
187,707	0,175	0,175	1,135E+1	1,700E+1
187,907	0,175	0,175	1,136E+1	1,700E+1
188,107	0,175	0,175	1,136E+1	1,700E+1
188,308	0,175	0,175	1,136E+1	1,700E+1
188,508	0,175	0,175	1,136E+1	1,700E+1
188,707	0,175	0,175	1,136E+1	1,700E+1
188,909	0,175	0,175	1,136E+1	1,700E+1
189,110	0,175	0,175	1,136E+1	1,700E+1
189,310	0,175	0,175	1,136E+1	1,700E+1
189,511	0,175	0,175	1,136E+1	1,700E+1
189,711	0,175	0,175	1,136E+1	1,700E+1
189,912	0,175	0,175	1,136E+1	1,700E+1
190,112	0,175	0,175	1,136E+1	1,700E+1
190,313	0,175	0,175	1,136E+1	1,700E+1
190,513	0,175	0,175	1,136E+1	1,700E+1
190,714	0,175	0,150	1,136E+1	1,700E+1
190,914	0,175	0,150	1,136E+1	1,700E+1
191,113	0,175	0,150	1,137E+1	1,700E+1
191,314	0,175	0,150	1,137E+1	1,700E+1
191,513	0,175	0,150	1,137E+1	1,700E+1
191,715	0,175	0,150	1,137E+1	1,700E+1
191,915	0,175	0,150	1,137E+1	1,700E+1
192,115	0,175	0,150	1,137E+1	1,700E+1
192,315	0,175	0,150	1,137E+1	1,700E+1
192,517	0,169	0,150	1,137E+1	1,700E+1
192,717	0,150	0,150	1,137E+1	1,700E+1
192,917	0,150	0,150	9,820E+0	1,700E+1
193,117	0,150	0,150	9,790E+0	1,700E+1
193,317	0,150	0,150	9,790E+0	1,700E+1
193,517	0,150	0,150	9,790E+0	1,700E+1
193,716	0,150	0,150	9,790E+0	1,700E+1
193,917	0,150	0,150	9,790E+0	1,700E+1
194,117	0,150	0,150	9,800E+0	1,700E+1
194,318	0,150	0,150	9,790E+0	1,700E+1
194,518	0,150	0,150	9,790E+0	1,700E+1
194,719	0,150	0,150	9,800E+0	1,700E+1
194,919	0,150	0,150	9,800E+0	1,700E+1
195,119	0,150	0,150	9,800E+0	1,700E+1
195,320	0,150	0,150	9,800E+0	1,700E+1
195,520	0,150	0,150	9,800E+0	1,700E+1
195,720	0,150	0,150	9,800E+0	1,700E+1
195,920	0,150	0,150	9,800E+0	1,700E+1
196,121	0,150	0,150	9,800E+0	1,700E+1
196,320	0,150	0,150	9,800E+0	1,700E+1
196,521	0,150	0,150	9,800E+0	1,700E+1
196,721	0,150	0,150	9,800E+0	1,700E+1
196,921	0,150	0,150	9,800E+0	1,700E+1
197,122	0,150	0,150	9,800E+0	1,700E+1
197,322	0,150	0,150	9,800E+0	1,700E+1
197,522	0,150	0,150	9,800E+0	1,700E+1
197,722	0,150	0,150	9,800E+0	1,700E+1
197,923	0,150	0,150	9,800E+0	1,700E+1
198,123	0,150	0,150	9,800E+0	1,700E+1
198,324	0,150	0,150	9,800E+0	1,700E+1
198,525	0,150	0,150	9,800E+0	1,700E+1
198,725	0,150	0,150	9,800E+0	1,700E+1
198,925	0,150	0,150	9,800E+0	1,700E+1
199,126	0,150	0,150	9,810E+0	1,700E+1
199,326	0,150	0,150	9,810E+0	1,700E+1
199,526	0,150	0,150	9,810E+0	1,700E+1
199,727	0,150	0,150	9,810E+0	1,700E+1
199,928	0,150	0,150	9,810E+0	1,700E+1
200,128	0,150	0,150	9,810E+0	1,700E+1
200,328	0,150	0,150	9,810E+0	1,700E+1
200,528	0,150	0,150	9,810E+0	1,700E+1
200,729	0,150	0,150	9,810E+0	1,700E+1
200,930	0,150	0,150	9,810E+0	1,700E+1
201,131	0,150	0,150	9,810E+0	1,700E+1
201,332	0,150	0,150	9,810E+0	1,700E+1
201,532	0,150	0,125	9,810E+0	1,700E+1
201,733	0,150	0,125	9,810E+0	1,700E+1
201,934	0,150	0,125	9,810E+0	1,700E+1
202,134	0,150	0,125	9,810E+0	1,700E+1
202,335	0,150	0,125	9,810E+0	1,700E+1
202,536	0,150	0,125	9,810E+0	1,700E+1
202,735	0,150	0,125	9,810E+0	1,700E+1
202,936	0,150	0,125	9,810E+0	1,700E+1
203,136	0,150	0,125	9,810E+0	1,700E+1
203,337	0,150	0,125	9,810E+0	1,700E+1
203,537	0,150	0,125	6,500E+0	1,700E+1
203,737	0,125	0,125	8,230E+0	1,700E+1
203,937	0,125	0,125	8,230E+0	1,700E+1
204,137	0,125	0,125	8,230E+0	1,700E+1
204,339	0,125	0,125	8,230E+0	1,700E+1
204,539	0,125	0,125	8,230E+0	1,700E+1
204,739	0,125	0,125	8,230E+0	1,700E+1
204,940	0,125	0,125	8,230E+0	1,700E+1
205,140	0,125	0,125	8,230E+0	1,700E+1
205,340	0,125	0,125	8,240E+0	1,700E+1
205,541	0,125	0,125	8,240E+0	1,700E+1
205,741	0,125	0,125	8,240E+0	1,700E+1
205,941	0,125	0,125	8,240E+0	1,700E+1
206,141	0,125	0,125	8,240E+0	1,700E+1
206,341	0,125	0,125	8,240E+0	1,700E+1
206,541	0,125	0,125	8,230E+0	1,700E+1
206,742	0,125	0,125	8,240E+0	1,700E+1
206,942	0,125	0,125	8,240E+0	1,700E+1
207,143	0,125	0,125	8,240E+0	1,700E+1
207,344	0,125	0,125	8,240E+0	1,700E+1
207,544	0,125	0,125	8,240E+0	1,700E+1
207,743	0,125	0,125	8,240E+0	1,700E+1
207,944	0,125	0,125	8,240E+0	1,700E+1
208,145	0,125	0,125	8,240E+0	1,700E+1
208,347	0,125	0,125	8,240E+0	1,700E+1
208,548	0,125	0,125	8,240E+0	1,700E+1
208,748	0,125	0,125	8,240E+0	1,700E+1
208,948	0,125	0,125	8,240E+0	1,700E+1
209,149	0,125	0,125	8,240E+0	1,700E+1
209,350	0,125	0,125	8,240E+0	1,700E+1
209,550	0,125	0,125	8,240E+0	1,700E+1
209,750	0,125	0,125	8,240E+0	1,700E+1
209,950	0,125	0,125	8,240E+0	1,700E+1
210,150	0,125	0,125	8,240E+0	1,700E+1
210,351	0,125	0,125	8,240E+0	1,700E+1
210,551	0,125	0,125	8,240E+0	1,700E+1
210,751	0,125	0,125	8,240E+0	1,700E+1
210,951	0,125	0,125	8,250E+0	1,700E+1
211,151	0,125	0,125	8,250E+0	1,700E+1
211,353	0,125	0,125	8,240E+0	1,700E+1
211,553	0,125	0,125	8,250E+0	1,700E+1
211,753	0,125	0,125	8,250E+0	1,700E+1
211,953	0,125	0,125	8,250E+0	1,700E+1
212,153	0,125	0,125	8,240E+0	1,700E+1
212,353	0,125	0,125	8,240E+0	1,700E+1
212,553	0,125	0,125	8,240E+0	1,700E+1
212,753	0,125	0,125	8,240E+0	1,700E+1
212,953	0,125	0,100	8,250E+0	1,700E+1
213,152	0,125	0,100	8,250E+0	1,700E+1
213,353	0,125	0,100	8,250E+0	1,700E+1
213,553	0,125	0,100	8,250E+0	1,700E+1
213,753	0,125	0,100	8,240E+0	1,700E+1
213,953	0,125	0,100	8,250E+0	1,700E+1
214,153	0,125	0,100	8,250E+0	1,700E+1
214,354	0,125	0,100	8,250E+0	1,700E+1
214,554	0,125	0,100	8,250E+0	1,700E+1
214,754	0,125	0,100	8,250E+0	1,700E+1
214,954	0,125	0,100	8,240E+0	1,700E+1
215,154	0,100	0,100	8,240E+0	1,700E+1
215,354	0,100	0,100	6,620E+0	1,700E+1
215,555	0,100	0,100	6,660E+0	1,700E+1
215,755	0,100	0,100	6,660E+0	1,700E+1
215,955	0,100	0,100	6,670E+0	1,700E+1
216,155	0,100	0,100	6,670E+0	1,700E+1
216,355	0,100	0,100	6,670E+0	1,700E+1
216,555	0,100	0,100	6,660E+0	1,700E+1
216,755	0,100	0,100	6,660E+0	1,700E+1
216,956	0,100	0,100	6,670E+0	1,700E+1
217,156	0,100	0,100	6,670E+0	1,700E+1
217,357	0,100	0,100	6,670E+0	1,700E+1
217,557	0,100	0,100	6,670E+0	1,700E+1
217,757	0,100	0,100	6,670E+0	1,700E+1
217,957	0,100	0,100	6,670E+0	1,700E+1
218,157	0,100	0,100	6,670E+0	1,700E+1
218,359	0,100	0,100	6,670E+0	1,700E+1
218,560	0,100	0,100	6,670E+0	1,700E+1
218,760	0,100	0,100	6,670E+0	1,700E+1
218,960	0,100	0,100	6,670E+0	1,700E+1
219,160	0,100	0,100	6,670E+0	1,700E+1
219,360	0,100	0,100	6,670E+0	1,700E+1
219,560	0,100	0,100	6,670E+0	1,700E+1
219,761	0,100	0,100	6,670E+0	1,700E+1
219,961	0,100	0,100	6,670E+0	1,700E+1
220,160	0,100	0,100	6,670E+0	1,700E+1
220,361	0,100	0,100	6,670E+0	1,700E+1
220,561	0,100	0,100	6,670E+0	1,700E+1
220,761	0,100	0,100	6,670E+0	1,700E+1
220,961	0,100	0,100	6,670E+0	1,700E+1
221,161	0,100	0,100	6,670E+0	1,700E+1
221,361	0,100	0,100	6,670E+0	1,700E+1
221,562	0,100	0,100	6,670E+0	1,700E+1
221,762	0,100	0,100	6,670E+0	1,700E+1
221,963	0,100	0,100	6,670E+0	1,700E+1
222,165	0,100	0,100	6,670E+0	1,700E+1
222,365	0,100	0,100	6,670E+0	1,700E+1
222,565	0,100	0,100	6,670E+0	1,700E+1
222,765	0,100	0,100	6,670E+0	1,700E+1
222,965	0,100	0,100	6,670E+0	1,700E+1
223,165	0,100	0,100	6,670E+0	1,700E+1
223,366	0,100	0,100	6,670E+0	1,700E+1
223,566	0,100	0,100	6,670E+0	1,700E+1
223,766	0,100	0,100	6,670E+0	1,700E+1
223,965	0,100	0,100	6,670E+0	1,700E+1
224,166	0,100	0,100	6,670E+0	1,700E+1
224,366	0,100	0,075	6,670E+0	1,700E+1
224,566	0,100	0,075	6,670E+0	1,700E+1
224,766	0,100	0,075	6,670E+0	1,700E+1
224,966	0,100	0,075	6,670E+0	1,700E+1
225,165	0,100	0,075	6,670E+0	1,700E+1
225,366	0,100	0,075	6,670E+0	1,700E+1
225,567	0,100	0,075	6,670E+0	1,700E+1
225,767	0,100	0,075	6,670E+0	1,700E+1
225,967	0,100	0,075	6,670E+0	1,700E+1
226,168	0,100	0,075	6,670E+0	1,700E+1
226,369	0,100	0,075	4,740E+0	1,700E+1
226,570	0,075	0,075	4,740E+0	1,700E+1
226,769	0,075	0,075	5,100E+0	1,700E+1
226,969	0,075	0,075	5,100E+0	1,700E+1
227,170	0,075	0,075	5,090E+0	1,700E+1
227,371	0,075	0,075	5,090E+0	1,700E+1
227,571	0,075	0,075	5,090E+0	1,700E+1
227,771	0,075	0,075	5,090E+0	1,700E+1
227,972	0,075	0,075	5,090E+0	1,700E+1
228,171	0,075	0,075	5,090E+0	1,700E+1
228,372	0,075	0,075	5,090E+0	1,700E+1
228,572	0,075	0,075	5,090E+0	1,700E+1
228,773	0,075	0,075	5,090E+0	1,700E+1
228,973	0,075	0,075	5,090E+0	1,700E+1
229,174	0,075	0,075	5,090E+0	1,700E+1
229,376	0,075	0,075	5,090E+0	1,700E+1
229,576	0,075	0,075	5,090E+0	1,700E+1
229,776	0,075	0,075	5,090E+0	1,700E+1
229,975	0,075	0,075	5,090E+0	1,700E+1
230,176	0,075	0,075	5,090E+0	1,700E+1
230,376	0,075	0,075	5,090E+0	1,700E+1
230,577	0,075	0,075	5,090E+0	1,700E+1
230,778	0,075	0,075	5,090E+0	1,700E+1
230,978	0,075	0,075	5,090E+0	1,700E+1
231,178	0,075	0,075	5,090E+0	1,700E+1
231,378	0,075	0,075	5,090E+0	1,700E+1
231,578	0,075	0,075	5,090E+0	1,700E+1
231,778	0,075	0,075	5,090E+0	1,700E+1
231,978	0,075	0,075	5,090E+0	1,700E+1
232,178	0,075	0,075	5,090E+0	1,700E+1
232,378	0,075	0,075	5,090E+0	1,700E+1
232,577	0,075	0,075	5,090E+0	1,700E+1
232,777	0,075	0,075	5,090E+0	1,700E+1
232,978	0,075	0,075	5,090E+0	1,700E+1
233,179	0,075	0,075	5,100E+0	1,700E+1
233,379	0,075	0,075	5,100E+0	1,700E+1
233,579	0,075	0,075	5,100E+0	1,700E+1
233,778	0,075	0,075	5,090E+0	1,700E+1
233,979	0,075	0,075	5,090E+0	1,700E+1
234,179	0,075	0,075	5,090E+0	1,700E+1
234,381	0,075	0,075	5,100E+0	1,700E+1
234,581	0,075	0,075	5,090E+0	1,700E+1
234,781	0,075	0,075	5,090E+0	1,700E+1
234,981	0,075	0,075	5,090E+0	1,700E+1
235,181	0,075	0,075	5,090E+0	1,700E+1
235,384	0,075	0,075	5,090E+0	1,700E+1
235,585	0,075	0,075	5,090E+0	1,700E+1
235,785	0,075	0,075	5,090E+0	1,700E+1
235,985	0,075	0,075	5,100E+0	1,700E+1
236,186	0,075	0,075	5,100E+0	1,700E+1
236,385	0,075	0,075	5,100E+0	1,700E+1
236,586	0,075	0,075	5,100E+0	1,700E+1
236,788	0,075	0,075	5,100E+0	1,700E+1
236,987	0,075	0,075	5,100E+0	1,700E+1
237,188	0,075	0,075	5,100E+0	1,700E+1
237,389	0,075	0,075	5,100E+0	1,700E+1
237,589	0,075	0,075	5,100E+0	1,700E+1
237,789	0,075	0,075	5,100E+0	1,700E+1
237,990	0,075	0,075	5,100E+0	1,700E+1
238,190	0,075	0,075	5,100E+0	1,700E+1
238,391	0,075	0,075	5,100E+0	1,700E+1
238,592	0,075	0,075	5,100E+0	1,700E+1
238,792	0,075	0,075	5,100E+0	1,700E+1
238,993	0,075	0,075	5,100E+0	1,700E+1
239,193	0,075	0,075	5,100E+0	1,700E+1
239,393	0,075	0,075	5,100E+0	1,700E+1
239,593	0,075	0,075	5,100E+0	1,700E+1
239,792	0,075	0,075	5,100E+0	1,700E+1
239,993	0,075	0,075	5,100E+0	1,700E+1
240,192	0,075	0,075	5,100E+0	1,700E+1
240,393	0,075	0,075	5,100E+0	1,700E+1
240,594	0,075	0,075	5,100E+0	1,700E+1
240,794	0,075	0,075	5,100E+0	1,700E+1
240,994	0,075	0,075	5,100E+0	1,700E+1
241,194	0,075	0,075	5,100E+0	1,700E+1
241,394	0,075	0,075	5,100E+0	1,700E+1
