t	PC(E)	PL(E)	PC(T)	PL(T)	Vel
0,000	0,000	0,000	0,000E+0	0,000E+0	0,000E+0
0,002	0,000	0,000	0,000E+0	0,000E+0	0,000E+0
0,204	1,160	0,000	1,089E+0	1,089E+0	0,000E+0
0,405	1,160	0,000	1,089E+0	1,089E+0	0,000E+0
0,606	1,160	0,000	1,160E+0	1,160E+0	0,000E+0
0,806	1,160	0,000	1,160E+0	1,160E+0	0,000E+0
1,007	1,160	0,000	1,160E+0	1,160E+0	0,000E+0
1,208	1,160	0,000	1,160E+0	1,160E+0	0,000E+0
1,408	0,890	0,000	1,160E+0	1,160E+0	0,000E+0
1,607	0,890	0,000	1,160E+0	1,160E+0	0,000E+0
1,808	0,890	0,000	8,900E-1	8,900E-1	0,000E+0
2,008	0,890	0,000	8,900E-1	8,900E-1	0,000E+0
2,209	0,890	0,000	8,900E-1	8,900E-1	0,000E+0
2,410	0,890	0,000	8,900E-1	8,900E-1	0,000E+0
2,610	1,000	0,000	8,900E-1	8,900E-1	0,000E+0
2,809	1,000	0,000	8,900E-1	8,900E-1	0,000E+0
3,010	1,000	0,000	1,000E+0	1,000E+0	0,000E+0
3,210	1,000	0,000	1,000E+0	1,000E+0	0,000E+0
3,410	1,200	0,000	1,000E+0	1,000E+0	0,000E+0
3,610	1,200	0,000	1,000E+0	1,000E+0	0,000E+0
3,811	1,200	0,000	1,200E+0	1,200E+0	0,000E+0
4,011	1,200	0,000	1,200E+0	1,200E+0	0,000E+0
4,211	1,200	0,000	1,200E+0	1,200E+0	0,000E+0
4,412	1,200	0,000	1,200E+0	1,200E+0	0,000E+0
4,613	1,330	0,000	1,200E+0	1,200E+0	0,000E+0
4,813	1,330	0,000	1,200E+0	1,200E+0	0,000E+0
5,013	1,330	0,000	1,330E+0	1,330E+0	0,000E+0
5,213	1,330	0,000	1,330E+0	1,330E+0	0,000E+0
5,415	1,330	0,000	1,330E+0	0,000E+0	2,000E+3
5,614	1,330	0,000	1,330E+0	0,000E+0	2,000E+3
5,815	1,090	0,000	1,099E+0	1,099E+0	2,000E+3
6,014	1,090	0,000	1,099E+0	1,099E+0	2,000E+3
6,217	1,090	0,000	1,090E+0	1,090E+0	2,000E+3
6,417	1,090	0,000	1,090E+0	1,090E+0	2,000E+3
6,618	1,090	0,000	1,090E+0	1,090E+0	2,000E+3
6,819	1,090	0,000	1,090E+0	1,090E+0	2,000E+3
7,020	1,090	0,000	1,090E+0	1,090E+0	2,000E+3
7,220	1,090	0,000	1,090E+0	1,090E+0	2,000E+3
7,420	1,090	0,000	1,090E+0	1,090E+0	2,000E+3
7,620	1,090	0,000	1,090E+0	1,090E+0	2,000E+3
7,820	1,090	0,000	1,090E+0	1,090E+0	2,000E+3
8,021	1,090	0,000	1,090E+0	1,090E+0	2,000E+3
8,221	0,990	0,000	1,090E+0	1,090E+0	2,000E+3
8,421	0,990	0,000	9,900E-1	9,900E-1	2,000E+3
8,622	0,990	0,000	9,900E-1	9,900E-1	2,000E+3
8,822	0,990	0,000	9,900E-1	9,900E-1	2,000E+3
9,022	0,990	0,000	9,900E-1	9,900E-1	2,000E+3
9,222	2,300	0,000	9,900E-1	9,900E-1	2,000E+3
9,422	2,300	0,000	2,300E+0	2,300E+0	2,000E+3
9,621	2,300	0,000	2,300E+0	2,300E+0	2,000E+3
9,822	2,300	0,000	2,300E+0	2,300E+0	2,000E+3
10,022	2,300	0,000	2,300E+0	2,300E+0	2,000E+3
10,223	10,670	7,940	2,300E+0	2,300E+0	2,000E+3
10,423	10,670	7,940	1,067E+1	1,067E+1	2,000E+3
10,624	10,670	7,940	1,067E+1	1,067E+1	2,000E+3
10,824	10,670	7,940	1,067E+1	1,067E+1	2,000E+3
11,025	10,670	7,940	1,067E+1	1,067E+1	2,000E+3
11,225	73,510	71,240	1,067E+1	1,398E+1	2,000E+3
11,425	73,510	71,240	1,067E+1	1,398E+1	2,000E+3
11,626	73,510	71,240	1,756E+1	1,756E+1	2,000E+3
11,826	73,510	71,240	1,756E+1	1,756E+1	2,000E+3
12,027	73,510	71,240	7,351E+1	7,351E+1	2,000E+3
12,228	73,510	71,240	7,351E+1	7,351E+1	2,000E+3
12,428	73,510	71,240	7,351E+1	7,351E+1	2,000E+3
12,628	73,510	71,240	7,351E+1	7,351E+1	2,000E+3
12,828	73,510	71,240	7,351E+1	7,351E+1	2,000E+3
13,028	31,620	28,060	7,351E+1	7,351E+1	2,000E+3
13,229	31,620	28,060	3,162E+1	3,162E+1	2,000E+3
13,429	31,620	28,060	3,162E+1	3,162E+1	2,000E+3
13,629	31,620	28,060	3,162E+1	3,162E+1	2,000E+3
13,829	24,640	20,970	3,162E+1	3,162E+1	2,000E+3
14,029	24,640	20,970	3,162E+1	3,162E+1	2,000E+3
14,231	24,640	20,970	2,464E+1	2,464E+1	2,000E+3
14,431	24,640	20,970	2,464E+1	2,464E+1	2,000E+3
14,631	24,640	20,970	2,464E+1	2,464E+1	2,000E+3
14,832	24,970	20,800	2,464E+1	2,464E+1	2,000E+3
15,031	24,970	20,800	2,464E+1	2,464E+1	2,000E+3
15,232	24,970	20,800	2,497E+1	2,497E+1	2,000E+3
15,432	24,970	20,800	2,497E+1	2,497E+1	2,000E+3
15,633	24,970	20,800	2,497E+1	2,497E+1	2,000E+3
15,833	25,310	20,840	2,497E+1	2,497E+1	2,000E+3
16,033	25,310	20,840	2,497E+1	2,497E+1	2,000E+3
16,233	25,310	20,840	2,531E+1	2,531E+1	2,000E+3
16,433	25,310	20,840	2,531E+1	2,531E+1	2,000E+3
16,634	25,310	20,840	2,531E+1	2,531E+1	2,000E+3
16,834	21,690	17,840	2,531E+1	2,172E+1	2,000E+3
17,035	21,690	17,840	2,531E+1	2,172E+1	2,000E+3
17,235	21,690	17,840	2,531E+1	2,172E+1	2,000E+3
17,435	21,690	17,840	2,568E+1	2,568E+1	2,000E+3
17,636	21,690	17,840	2,169E+1	2,169E+1	2,000E+3
17,837	21,690	17,840	2,169E+1	2,169E+1	2,000E+3
18,036	21,690	17,840	2,169E+1	2,169E+1	2,000E+3
18,238	21,690	17,840	2,169E+1	2,169E+1	2,000E+3
18,438	21,690	17,840	2,169E+1	2,169E+1	2,000E+3
18,639	21,690	17,840	2,169E+1	2,169E+1	2,000E+3
18,839	17,960	14,430	2,169E+1	2,169E+1	2,000E+3
19,039	17,960	14,430	2,169E+1	2,169E+1	2,000E+3
19,239	17,960	14,430	1,796E+1	1,796E+1	2,000E+3
19,439	18,120	14,680	1,796E+1	1,796E+1	2,000E+3
19,640	18,120	14,680	1,796E+1	1,796E+1	2,000E+3
19,840	18,120	14,680	1,812E+1	1,812E+1	2,000E+3
20,039	18,120	14,680	1,812E+1	1,812E+1	2,000E+3
20,240	18,120	14,680	1,812E+1	1,812E+1	2,000E+3
20,441	18,120	14,680	1,812E+1	1,812E+1	2,000E+3
20,642	18,120	14,680	1,812E+1	1,812E+1	2,000E+3
20,842	19,020	14,750	1,812E+1	1,812E+1	2,000E+3
21,042	19,020	14,750	1,812E+1	1,812E+1	2,000E+3
21,242	19,020	14,750	1,902E+1	1,902E+1	2,000E+3
21,442	18,870	14,730	1,902E+1	1,902E+1	2,000E+3
21,643	18,870	14,730	1,902E+1	1,902E+1	2,000E+3
21,844	18,870	14,730	1,887E+1	1,887E+1	2,000E+3
22,044	18,870	14,730	1,887E+1	1,887E+1	2,000E+3
22,244	18,870	14,730	1,887E+1	1,887E+1	2,000E+3
22,444	18,870	14,730	1,887E+1	1,887E+1	2,000E+3
22,643	18,870	14,730	1,887E+1	1,887E+1	2,000E+3
22,844	18,210	14,710	1,887E+1	1,467E+1	2,000E+3
23,045	18,210	14,710	1,887E+1	1,467E+1	2,000E+3
23,246	18,210	14,710	1,832E+1	1,832E+1	2,000E+3
23,446	18,210	14,710	1,832E+1	1,832E+1	2,000E+3
23,646	18,210	14,710	1,821E+1	1,821E+1	2,000E+3
23,846	18,210	14,710	1,821E+1	1,821E+1	2,000E+3
24,046	18,210	14,710	1,821E+1	1,821E+1	2,000E+3
24,247	18,210	14,710	1,821E+1	1,821E+1	2,000E+3
24,447	18,060	14,690	1,821E+1	1,821E+1	2,000E+3
24,647	18,060	14,690	1,806E+1	1,806E+1	2,000E+3
24,847	18,060	14,690	1,806E+1	1,806E+1	2,000E+3
25,047	18,060	14,690	1,806E+1	1,806E+1	2,000E+3
25,246	18,060	14,690	1,806E+1	1,806E+1	2,000E+3
25,447	18,770	14,650	1,806E+1	1,806E+1	2,000E+3
25,647	18,770	14,650	1,806E+1	1,806E+1	2,000E+3
25,846	18,770	14,650	1,877E+1	1,877E+1	2,000E+3
26,047	18,770	14,650	1,877E+1	1,877E+1	2,000E+3
26,247	18,770	14,650	1,877E+1	1,877E+1	2,000E+3
26,447	18,770	14,650	1,877E+1	1,877E+1	2,000E+3
26,648	18,640	14,700	1,877E+1	1,877E+1	2,000E+3
26,848	18,640	14,700	1,877E+1	1,877E+1	2,000E+3
27,048	18,640	14,700	1,864E+1	1,864E+1	2,000E+3
27,248	18,640	14,700	1,864E+1	1,864E+1	2,000E+3
27,449	18,370	14,530	1,864E+1	1,864E+1	2,000E+3
27,649	18,370	14,530	1,864E+1	1,864E+1	2,000E+3
27,849	18,370	14,530	1,837E+1	1,837E+1	2,000E+3
28,049	18,370	14,530	1,837E+1	1,837E+1	2,000E+3
28,249	18,370	14,530	1,837E+1	1,837E+1	2,000E+3
28,449	18,370	14,530	1,837E+1	1,837E+1	2,000E+3
28,649	18,290	14,640	1,837E+1	1,466E+1	2,000E+3
28,849	18,290	14,640	1,837E+1	1,466E+1	2,000E+3
29,049	18,290	14,640	1,837E+1	1,466E+1	2,000E+3
29,250	18,290	14,640	1,836E+1	1,836E+1	2,000E+3
29,450	18,290	14,640	1,829E+1	1,829E+1	2,000E+3
29,650	18,290	14,640	1,829E+1	1,829E+1	2,000E+3
29,850	18,290	14,640	1,829E+1	1,829E+1	2,000E+3
30,051	18,290	14,640	1,829E+1	1,829E+1	2,000E+3
30,251	18,290	14,640	1,829E+1	1,829E+1	2,000E+3
30,451	18,720	14,620	1,829E+1	1,829E+1	2,000E+3
30,650	18,720	14,620	1,829E+1	1,829E+1	2,000E+3
30,852	18,720	14,620	1,872E+1	1,872E+1	2,000E+3
31,053	18,720	14,620	1,872E+1	1,872E+1	2,000E+3
31,253	18,720	14,620	1,872E+1	1,872E+1	2,000E+3
31,453	19,090	14,610	1,872E+1	1,872E+1	2,000E+3
31,654	19,090	14,610	1,872E+1	1,872E+1	2,000E+3
31,855	19,090	14,610	1,909E+1	1,909E+1	2,000E+3
32,055	19,090	14,610	1,909E+1	1,909E+1	2,000E+3
32,254	19,090	14,610	1,909E+1	1,909E+1	2,000E+3
32,455	18,280	14,490	1,909E+1	1,909E+1	2,000E+3
32,655	18,280	14,490	1,828E+1	1,828E+1	2,000E+3
32,855	18,280	14,490	1,828E+1	1,828E+1	2,000E+3
33,055	18,280	14,490	1,828E+1	1,828E+1	2,000E+3
33,255	18,280	14,490	1,828E+1	1,828E+1	2,000E+3
33,455	18,690	14,550	1,828E+1	1,828E+1	2,000E+3
33,655	18,690	14,550	1,869E+1	1,869E+1	2,000E+3
33,856	18,690	14,550	1,869E+1	1,869E+1	2,000E+3
34,055	18,690	14,550	1,869E+1	1,869E+1	2,000E+3
34,256	18,690	14,550	1,869E+1	1,869E+1	2,000E+3
34,455	18,440	14,500	1,869E+1	1,457E+1	2,000E+3
34,663	18,440	14,500	1,869E+1	1,457E+1	2,000E+3
34,863	18,440	14,500	1,869E+1	1,457E+1	2,000E+3
35,063	18,440	14,500	1,835E+1	1,835E+1	2,000E+3
35,264	18,440	14,500	1,835E+1	1,835E+1	2,000E+3
35,464	18,440	14,500	1,844E+1	1,844E+1	2,000E+3
35,664	18,440	14,500	1,844E+1	1,844E+1	2,000E+3
35,864	18,440	14,500	1,844E+1	1,844E+1	2,000E+3
36,064	18,440	14,500	1,844E+1	1,844E+1	2,000E+3
36,264	18,440	14,500	1,844E+1	1,844E+1	2,000E+3
36,464	24,470	20,060	1,844E+1	1,844E+1	2,000E+3
36,664	24,470	20,060	2,447E+1	2,447E+1	2,000E+3
36,864	24,470	20,060	2,447E+1	2,447E+1	2,000E+3
37,065	24,470	20,060	2,447E+1	2,447E+1	2,000E+3
37,266	23,930	20,040	2,447E+1	2,447E+1	2,000E+3
37,466	23,930	20,040	2,447E+1	2,447E+1	2,000E+3
37,667	23,930	20,040	2,393E+1	2,393E+1	2,000E+3
37,867	23,930	20,040	2,393E+1	2,393E+1	2,000E+3
38,067	23,930	20,040	2,393E+1	2,393E+1	2,000E+3
38,267	23,880	19,910	2,393E+1	2,393E+1	2,000E+3
38,467	23,880	19,910	2,393E+1	2,393E+1	2,000E+3
38,667	23,880	19,910	2,388E+1	2,388E+1	2,000E+3
38,867	23,880	19,910	2,388E+1	2,388E+1	2,000E+3
39,067	23,880	19,910	2,388E+1	2,388E+1	2,000E+3
39,267	23,560	19,980	2,388E+1	2,388E+1	2,000E+3
39,467	23,560	19,980	2,388E+1	2,388E+1	2,000E+3
39,667	23,560	19,980	2,356E+1	2,356E+1	2,000E+3
39,867	23,560	19,980	2,356E+1	2,356E+1	2,000E+3
40,068	23,560	19,980	2,356E+1	2,356E+1	2,000E+3
40,269	22,940	19,880	2,356E+1	2,000E+1	2,000E+3
40,469	22,940	19,880	2,356E+1	2,000E+1	2,000E+3
40,669	22,940	19,880	2,356E+1	2,000E+1	2,000E+3
40,869	22,940	19,880	2,398E+1	2,398E+1	2,000E+3
41,069	22,940	19,880	2,398E+1	2,398E+1	2,000E+3
41,269	22,940	19,880	2,294E+1	2,294E+1	2,000E+3
41,469	22,940	19,880	2,294E+1	2,294E+1	2,000E+3
41,669	22,940	19,880	2,294E+1	2,294E+1	2,000E+3
41,870	22,940	19,880	2,294E+1	2,294E+1	2,000E+3
42,070	22,940	19,880	2,294E+1	2,294E+1	2,000E+3
42,272	23,600	19,930	2,294E+1	2,294E+1	2,000E+3
42,471	23,600	19,930	2,294E+1	2,294E+1	2,000E+3
42,673	23,600	19,930	2,360E+1	2,360E+1	2,000E+3
42,872	23,600	19,930	2,360E+1	2,360E+1	2,000E+3
43,073	23,600	19,930	2,360E+1	2,360E+1	2,000E+3
43,273	22,600	19,860	2,360E+1	2,360E+1	2,000E+3
43,474	22,600	19,860	2,360E+1	2,360E+1	2,000E+3
43,674	22,600	19,860	2,260E+1	2,260E+1	2,000E+3
43,874	22,600	19,860	2,260E+1	2,260E+1	2,000E+3
44,075	23,080	19,930	2,260E+1	2,260E+1	2,000E+3
44,276	23,080	19,930	2,260E+1	2,260E+1	2,000E+3
44,476	23,080	19,930	2,308E+1	2,308E+1	2,000E+3
44,676	23,080	19,930	2,308E+1	2,308E+1	2,000E+3
44,876	23,080	19,930	2,308E+1	2,308E+1	2,000E+3
45,076	23,160	19,850	2,308E+1	2,308E+1	2,000E+3
45,277	23,160	19,850	2,308E+1	2,308E+1	2,000E+3
45,478	23,160	19,850	2,316E+1	2,316E+1	2,000E+3
45,678	23,160	19,850	2,316E+1	2,316E+1	2,000E+3
45,878	23,160	19,850	2,316E+1	2,316E+1	2,000E+3
46,079	24,330	19,940	2,316E+1	1,992E+1	2,000E+3
46,279	24,330	19,940	2,316E+1	1,992E+1	2,000E+3
46,480	24,330	19,940	2,367E+1	2,367E+1	2,000E+3
46,680	24,330	19,940	2,367E+1	2,367E+1	2,000E+3
46,880	24,330	19,940	2,433E+1	2,433E+1	2,000E+3
47,080	24,330	19,940	2,433E+1	2,433E+1	2,000E+3
47,280	24,330	19,940	2,433E+1	2,433E+1	2,000E+3
47,480	24,330	19,940	2,433E+1	2,433E+1	2,000E+3
47,681	24,330	19,940	2,433E+1	2,433E+1	2,000E+3
47,880	24,160	19,860	2,433E+1	2,433E+1	2,000E+3
48,081	24,160	19,860	2,433E+1	2,433E+1	2,000E+3
48,282	24,160	19,860	2,416E+1	2,416E+1	2,000E+3
48,481	24,160	19,860	2,416E+1	2,416E+1	2,000E+3
48,681	24,160	19,860	2,416E+1	2,416E+1	2,000E+3
48,881	24,160	19,860	2,416E+1	2,416E+1	2,000E+3
49,081	24,010	19,890	2,416E+1	2,416E+1	2,000E+3
49,282	24,010	19,890	2,416E+1	2,416E+1	2,000E+3
49,482	24,010	19,890	2,401E+1	2,401E+1	2,000E+3
49,683	24,010	19,890	2,401E+1	2,401E+1	2,000E+3
49,883	24,040	20,410	2,401E+1	2,401E+1	2,000E+3
50,084	24,040	20,410	2,404E+1	2,404E+1	2,000E+3
50,284	24,040	20,410	2,404E+1	2,404E+1	2,000E+3
50,484	24,040	20,410	2,404E+1	2,404E+1	2,000E+3
50,684	24,040	20,410	2,404E+1	2,404E+1	2,000E+3
50,884	27,480	23,940	2,404E+1	2,404E+1	2,000E+3
51,084	27,480	23,940	2,404E+1	2,404E+1	2,000E+3
51,283	27,480	23,940	2,748E+1	2,748E+1	2,000E+3
51,484	27,480	23,940	2,748E+1	2,748E+1	2,000E+3
51,684	27,480	23,940	2,748E+1	2,748E+1	2,000E+3
51,884	27,480	23,940	2,748E+1	2,748E+1	2,000E+3
52,085	28,050	23,980	2,748E+1	2,164E+1	2,000E+3
52,285	28,050	23,980	2,748E+1	2,164E+1	2,000E+3
52,486	28,050	23,980	2,555E+1	2,555E+1	2,000E+3
52,686	28,050	23,980	2,555E+1	2,555E+1	2,000E+3
52,885	28,050	23,980	2,805E+1	2,805E+1	2,000E+3
53,086	28,050	23,980	2,805E+1	2,805E+1	2,000E+3
53,287	28,050	23,980	2,805E+1	2,805E+1	2,000E+3
53,488	28,050	23,980	2,805E+1	2,805E+1	2,000E+3
53,689	28,050	23,980	2,805E+1	2,805E+1	2,000E+3
53,890	27,510	23,950	2,805E+1	2,805E+1	2,000E+3
54,090	27,510	23,950	2,805E+1	2,805E+1	2,000E+3
54,291	27,510	23,950	2,751E+1	2,751E+1	2,000E+3
54,491	27,510	23,950	2,751E+1	2,751E+1	2,000E+3
54,692	27,510	23,950	2,751E+1	2,751E+1	2,000E+3
54,893	27,740	23,800	2,751E+1	2,751E+1	2,000E+3
55,094	27,740	23,800	2,751E+1	2,751E+1	2,000E+3
55,294	27,740	23,800	2,774E+1	2,774E+1	2,000E+3
55,495	27,740	23,800	2,774E+1	2,774E+1	2,000E+3
55,696	27,740	23,800	2,774E+1	2,774E+1	2,000E+3
55,897	28,170	23,820	2,774E+1	2,774E+1	2,000E+3
56,097	28,170	23,820	2,817E+1	2,817E+1	2,000E+3
56,297	28,170	23,820	2,817E+1	2,817E+1	2,000E+3
56,498	28,170	23,820	2,817E+1	2,817E+1	2,000E+3
56,698	28,170	23,820	2,817E+1	2,817E+1	2,000E+3
56,898	28,410	23,810	2,817E+1	2,817E+1	2,000E+3
57,098	28,410	23,810	2,841E+1	2,841E+1	2,000E+3
57,299	28,410	23,810	2,841E+1	2,841E+1	2,000E+3
57,499	28,410	23,810	2,841E+1	2,841E+1	2,000E+3
57,700	28,410	23,810	2,841E+1	2,841E+1	2,000E+3
57,901	27,940	23,760	2,841E+1	2,384E+1	2,000E+3
58,101	27,940	23,760	2,841E+1	2,384E+1	2,000E+3
58,301	27,940	23,760	2,770E+1	2,770E+1	2,000E+3
58,501	27,940	23,760	2,770E+1	2,770E+1	2,000E+3
58,702	27,940	23,760	2,794E+1	2,794E+1	2,000E+3
58,903	27,940	23,760	2,794E+1	2,794E+1	2,000E+3
59,103	27,940	23,760	2,794E+1	2,794E+1	2,000E+3
59,303	27,940	23,760	2,794E+1	2,794E+1	2,000E+3
59,504	27,940	23,760	2,794E+1	2,794E+1	2,000E+3
59,704	27,940	23,760	2,794E+1	2,794E+1	2,000E+3
59,904	27,970	23,820	2,794E+1	2,794E+1	2,000E+3
60,104	27,970	23,820	2,797E+1	2,797E+1	2,000E+3
60,305	27,970	23,820	2,797E+1	2,797E+1	2,000E+3
60,505	34,630	30,270	2,797E+1	2,797E+1	2,000E+3
60,705	34,630	30,270	2,797E+1	2,797E+1	2,000E+3
60,906	34,630	30,270	3,463E+1	3,463E+1	2,000E+3
61,106	34,630	30,270	3,463E+1	3,463E+1	2,000E+3
61,306	34,630	30,270	3,463E+1	3,463E+1	2,000E+3
61,506	36,570	31,500	3,463E+1	3,463E+1	2,000E+3
61,706	36,570	31,500	3,463E+1	3,463E+1	2,000E+3
61,906	36,570	31,500	3,657E+1	3,657E+1	2,000E+3
62,107	36,570	31,500	3,657E+1	3,657E+1	2,000E+3
62,308	36,570	31,500	3,657E+1	3,657E+1	2,000E+3
62,508	35,430	31,450	3,657E+1	3,657E+1	2,000E+3
62,708	35,430	31,450	3,657E+1	3,657E+1	2,000E+3
62,909	35,430	31,450	3,543E+1	3,543E+1	2,000E+3
63,109	35,430	31,450	3,543E+1	3,543E+1	2,000E+3
63,310	35,430	31,450	3,543E+1	3,543E+1	2,000E+3
63,510	35,430	31,450	3,543E+1	3,543E+1	2,000E+3
63,711	35,660	31,370	3,543E+1	2,972E+1	2,000E+3
63,911	35,660	31,370	3,543E+1	2,972E+1	2,000E+3
64,112	35,660	31,370	3,373E+1	3,373E+1	2,000E+3
64,313	35,660	31,370	3,373E+1	3,373E+1	2,000E+3
64,513	35,660	31,370	3,566E+1	3,566E+1	2,000E+3
64,714	35,660	31,370	3,566E+1	3,566E+1	2,000E+3
64,915	35,660	31,370	3,566E+1	3,566E+1	2,000E+3
65,115	35,660	31,370	3,566E+1	3,566E+1	2,000E+3
65,316	35,660	31,370	3,566E+1	3,566E+1	2,000E+3
65,516	35,820	31,360	3,566E+1	3,566E+1	2,000E+3
65,717	35,820	31,360	3,566E+1	3,566E+1	2,000E+3
65,917	35,820	31,360	3,582E+1	3,582E+1	2,000E+3
66,117	35,820	31,360	3,582E+1	3,582E+1	2,000E+3
66,317	35,820	31,360	3,582E+1	3,582E+1	2,000E+3
66,517	35,600	31,420	3,582E+1	3,582E+1	2,000E+3
66,718	35,600	31,420	3,582E+1	3,582E+1	2,000E+3
66,919	35,600	31,420	3,560E+1	3,560E+1	2,000E+3
67,119	35,600	31,420	3,560E+1	3,560E+1	2,000E+3
67,320	35,600	31,420	3,560E+1	3,560E+1	2,000E+3
67,520	35,420	31,340	3,560E+1	3,560E+1	2,000E+3
67,720	35,420	31,340	3,560E+1	3,560E+1	2,000E+3
67,920	35,420	31,340	3,542E+1	3,542E+1	2,000E+3
68,120	35,420	31,340	3,542E+1	3,542E+1	2,000E+3
68,319	35,420	31,340	3,542E+1	3,542E+1	2,000E+3
68,520	35,480	31,300	3,542E+1	3,542E+1	2,000E+3
68,720	35,480	31,300	3,542E+1	3,542E+1	2,000E+3
68,919	35,480	31,300	3,548E+1	3,548E+1	2,000E+3
69,120	35,480	31,300	3,548E+1	3,548E+1	2,000E+3
69,320	35,480	31,300	3,548E+1	3,138E+1	2,000E+3
69,521	35,480	31,300	3,548E+1	3,138E+1	2,000E+3
69,721	35,480	31,300	3,548E+1	3,138E+1	2,000E+3
69,921	35,020	31,270	3,558E+1	3,558E+1	2,000E+3
70,121	35,020	31,270	3,502E+1	3,502E+1	2,000E+3
70,323	35,020	31,270	3,502E+1	3,502E+1	2,000E+3
70,522	35,020	31,270	3,502E+1	3,502E+1	2,000E+3
70,724	35,020	31,270	3,502E+1	3,502E+1	2,000E+3
70,924	35,020	31,270	3,502E+1	3,502E+1	2,000E+3
71,124	35,020	31,270	3,502E+1	3,502E+1	2,000E+3
71,324	35,520	31,270	3,502E+1	3,502E+1	2,000E+3
71,524	35,520	31,270	3,502E+1	3,502E+1	2,000E+3
71,724	35,520	31,270	3,552E+1	3,552E+1	2,000E+3
71,924	44,260	39,870	3,552E+1	3,552E+1	2,000E+3
72,124	44,260	39,870	3,552E+1	3,552E+1	2,000E+3
72,325	44,260	39,870	4,426E+1	4,426E+1	2,000E+3
72,525	44,260	39,870	4,426E+1	4,426E+1	2,000E+3
72,725	44,260	39,870	4,426E+1	4,426E+1	2,000E+3
72,925	44,260	39,870	4,426E+1	4,426E+1	2,000E+3
73,125	48,720	43,520	4,426E+1	4,426E+1	2,000E+3
73,325	48,720	43,520	4,872E+1	4,872E+1	2,000E+3
73,525	48,720	43,520	4,872E+1	4,872E+1	2,000E+3
73,725	48,720	43,520	4,872E+1	4,872E+1	2,000E+3
73,924	48,720	43,520	4,872E+1	4,872E+1	2,000E+3
74,125	48,540	43,740	4,872E+1	4,872E+1	2,000E+3
74,325	48,540	43,740	4,854E+1	4,854E+1	2,000E+3
74,526	48,540	43,740	4,854E+1	4,854E+1	2,000E+3
74,726	48,540	43,740	4,854E+1	4,854E+1	2,000E+3
74,926	48,540	43,740	4,854E+1	4,854E+1	2,000E+3
75,126	47,740	43,680	4,854E+1	4,046E+1	2,000E+3
75,327	47,740	43,680	4,854E+1	4,046E+1	2,000E+3
75,527	47,740	43,680	4,488E+1	4,488E+1	2,000E+3
75,727	47,740	43,680	4,488E+1	4,488E+1	2,000E+3
75,928	47,740	43,680	4,774E+1	4,774E+1	2,000E+3
76,129	47,740	43,680	4,774E+1	4,774E+1	2,000E+3
76,330	47,740	43,680	4,774E+1	4,774E+1	2,000E+3
76,530	47,740	43,680	4,774E+1	4,774E+1	2,000E+3
76,729	47,740	43,680	4,774E+1	4,774E+1	2,000E+3
76,931	47,840	43,600	4,774E+1	4,774E+1	2,000E+3
77,130	47,840	43,600	4,774E+1	4,774E+1	2,000E+3
77,331	47,840	43,600	4,784E+1	4,784E+1	2,000E+3
77,531	47,840	43,600	4,784E+1	4,784E+1	2,000E+3
77,732	47,840	43,600	4,784E+1	4,784E+1	2,000E+3
77,932	47,870	43,460	4,784E+1	4,784E+1	2,000E+3
78,132	47,870	43,460	4,784E+1	4,784E+1	2,000E+3
78,332	47,870	43,460	4,787E+1	4,787E+1	2,000E+3
78,532	47,870	43,460	4,787E+1	4,787E+1	2,000E+3
78,733	47,870	43,460	4,787E+1	4,787E+1	2,000E+3
78,933	47,520	43,690	4,787E+1	4,787E+1	2,000E+3
79,133	47,520	43,690	4,787E+1	4,787E+1	2,000E+3
79,334	47,520	43,690	4,752E+1	4,752E+1	2,000E+3
79,533	47,520	43,690	4,752E+1	4,752E+1	2,000E+3
79,734	47,520	43,690	4,752E+1	4,752E+1	2,000E+3
79,934	48,330	43,430	4,752E+1	4,752E+1	2,000E+3
80,133	48,330	43,430	4,752E+1	4,752E+1	2,000E+3
80,334	48,330	43,430	4,833E+1	4,833E+1	2,000E+3
80,535	48,330	43,430	4,833E+1	4,833E+1	2,000E+3
80,735	48,330	43,430	4,833E+1	4,833E+1	2,000E+3
80,935	48,880	43,540	4,833E+1	4,361E+1	2,000E+3
81,135	48,880	43,540	4,833E+1	4,361E+1	2,000E+3
81,336	48,880	43,540	4,833E+1	4,361E+1	2,000E+3
81,536	48,880	43,540	4,802E+1	4,802E+1	2,000E+3
81,736	48,880	43,540	4,888E+1	4,888E+1	2,000E+3
81,936	48,880	43,540	4,888E+1	4,888E+1	2,000E+3
82,136	48,880	43,540	4,888E+1	4,888E+1	2,000E+3
82,337	48,880	43,540	4,888E+1	4,888E+1	2,000E+3
82,537	48,880	43,540	4,888E+1	4,888E+1	2,000E+3
82,737	49,010	44,600	4,888E+1	4,888E+1	2,000E+3
82,937	49,010	44,600	4,888E+1	4,888E+1	2,000E+3
83,137	49,010	44,600	4,901E+1	4,901E+1	2,000E+3
83,338	49,010	44,600	4,901E+1	4,901E+1	2,000E+3
83,538	49,010	44,600	4,901E+1	4,901E+1	2,000E+3
83,738	49,010	44,600	4,901E+1	4,901E+1	2,000E+3
83,938	65,260	60,310	4,901E+1	4,901E+1	2,000E+3
84,138	65,260	60,310	6,526E+1	6,526E+1	2,000E+3
84,338	65,260	60,310	6,526E+1	6,526E+1	2,000E+3
84,539	65,260	60,310	6,526E+1	6,526E+1	2,000E+3
84,738	65,260	60,310	6,526E+1	6,526E+1	2,000E+3
84,939	66,220	61,050	6,526E+1	6,526E+1	2,000E+3
85,139	66,220	61,050	6,526E+1	6,526E+1	2,000E+3
85,339	66,220	61,050	6,622E+1	6,622E+1	2,000E+3
85,540	66,220	61,050	6,622E+1	6,622E+1	2,000E+3
85,740	66,250	61,330	6,622E+1	6,622E+1	2,000E+3
85,940	66,250	61,330	6,625E+1	6,625E+1	2,000E+3
86,142	66,250	61,330	6,625E+1	6,625E+1	2,000E+3
86,343	66,250	61,330	6,625E+1	6,625E+1	2,000E+3
86,543	66,250	61,330	6,625E+1	6,625E+1	2,000E+3
86,743	66,800	61,220	6,625E+1	5,776E+1	2,000E+3
86,943	66,800	61,220	6,625E+1	5,776E+1	2,000E+3
87,144	66,800	61,220	6,278E+1	6,278E+1	2,000E+3
87,345	66,800	61,220	6,278E+1	6,278E+1	2,000E+3
87,545	66,800	61,220	6,680E+1	6,680E+1	2,000E+3
87,746	66,800	61,220	6,680E+1	6,680E+1	2,000E+3
87,947	66,800	61,220	6,680E+1	6,680E+1	2,000E+3
88,146	66,800	61,220	6,680E+1	6,680E+1	2,000E+3
88,349	66,800	61,220	6,680E+1	6,680E+1	2,000E+3
88,550	66,330	61,210	6,680E+1	6,680E+1	2,000E+3
88,750	66,330	61,210	6,680E+1	6,680E+1	2,000E+3
88,950	66,330	61,210	6,633E+1	6,633E+1	2,000E+3
89,149	66,330	61,210	6,633E+1	6,633E+1	2,000E+3
89,351	66,330	61,210	6,633E+1	6,633E+1	2,000E+3
89,550	65,790	61,260	6,633E+1	6,633E+1	2,000E+3
89,751	65,790	61,260	6,633E+1	6,633E+1	2,000E+3
89,952	65,790	61,260	6,579E+1	6,579E+1	2,000E+3
90,153	65,790	61,260	6,579E+1	6,579E+1	2,000E+3
90,354	65,790	61,260	6,579E+1	6,579E+1	2,000E+3
90,555	66,740	61,200	6,579E+1	6,579E+1	2,000E+3
90,755	66,740	61,200	6,579E+1	6,579E+1	2,000E+3
90,955	66,740	61,200	6,674E+1	6,674E+1	2,000E+3
91,156	66,740	61,200	6,674E+1	6,674E+1	2,000E+3
91,355	66,740	61,200	6,674E+1	6,674E+1	2,000E+3
91,555	66,330	61,150	6,674E+1	6,674E+1	2,000E+3
91,756	66,330	61,150	6,674E+1	6,674E+1	2,000E+3
91,957	66,330	61,150	6,633E+1	6,633E+1	2,000E+3
92,157	66,330	61,150	6,633E+1	6,633E+1	2,000E+3
92,358	66,330	61,150	6,633E+1	6,633E+1	2,000E+3
92,558	66,640	61,410	6,633E+1	6,128E+1	2,000E+3
92,761	66,640	61,410	6,633E+1	6,128E+1	2,000E+3
92,960	66,640	61,410	6,633E+1	6,128E+1	2,000E+3
93,159	66,640	61,410	6,636E+1	6,636E+1	2,000E+3
93,360	66,640	61,410	6,636E+1	6,636E+1	2,000E+3
93,560	66,640	61,410	6,664E+1	6,664E+1	2,000E+3
93,760	66,640	61,410	6,664E+1	6,664E+1	2,000E+3
93,959	66,640	61,410	6,664E+1	6,664E+1	2,000E+3
94,160	85,170	79,870	6,664E+1	6,664E+1	2,000E+3
94,362	85,170	79,870	6,664E+1	6,664E+1	2,000E+3
94,561	85,170	79,870	8,517E+1	8,517E+1	2,000E+3
94,762	85,170	79,870	8,517E+1	8,517E+1	2,000E+3
94,962	85,170	79,870	8,517E+1	8,517E+1	2,000E+3
95,162	85,170	79,870	8,517E+1	8,517E+1	2,000E+3
95,362	89,390	83,570	8,517E+1	8,517E+1	2,000E+3
95,562	89,390	83,570	8,939E+1	8,939E+1	2,000E+3
95,761	89,390	83,570	8,939E+1	8,939E+1	2,000E+3
95,962	89,390	83,570	8,939E+1	8,939E+1	2,000E+3
96,162	89,390	83,570	8,939E+1	8,939E+1	2,000E+3
96,363	90,320	84,640	8,939E+1	8,939E+1	2,000E+3
96,564	90,320	84,640	9,032E+1	9,032E+1	2,000E+3
96,764	90,320	84,640	9,032E+1	9,032E+1	2,000E+3
96,964	90,320	84,640	9,032E+1	9,032E+1	2,000E+3
97,165	90,320	84,640	9,032E+1	9,032E+1	2,000E+3
97,365	90,510	84,610	9,032E+1	9,032E+1	2,000E+3
97,566	90,510	84,610	9,051E+1	9,051E+1	2,000E+3
97,766	90,510	84,610	9,051E+1	9,051E+1	2,000E+3
97,967	90,510	84,610	9,051E+1	9,051E+1	2,000E+3
98,166	90,510	84,610	9,051E+1	9,051E+1	2,000E+3
98,366	90,290	84,670	9,051E+1	8,352E+1	2,000E+3
98,566	90,290	84,670	9,051E+1	8,352E+1	2,000E+3
98,766	90,290	84,670	9,051E+1	8,352E+1	2,000E+3
98,965	90,290	84,670	8,907E+1	8,907E+1	2,000E+3
99,166	90,290	84,670	8,907E+1	8,907E+1	2,000E+3
99,365	90,290	84,670	8,907E+1	8,907E+1	2,000E+3
99,566	90,290	84,670	9,029E+1	9,029E+1	2,000E+3
99,767	90,290	84,670	9,029E+1	9,029E+1	2,000E+3
99,967	90,290	84,670	9,029E+1	9,029E+1	2,000E+3
100,168	90,360	84,570	9,029E+1	9,029E+1	2,000E+3
100,368	90,360	84,570	9,029E+1	9,029E+1	2,000E+3
100,568	90,360	84,570	9,036E+1	9,036E+1	2,000E+3
100,768	90,360	84,570	9,036E+1	9,036E+1	2,000E+3
100,968	90,360	84,570	9,036E+1	9,036E+1	2,000E+3
101,168	90,130	84,540	9,036E+1	9,036E+1	2,000E+3
101,368	90,130	84,540	9,036E+1	9,036E+1	2,000E+3
101,569	90,130	84,540	9,036E+1	9,036E+1	2,000E+3
101,769	90,130	84,540	9,013E+1	9,013E+1	2,000E+3
101,969	90,130	84,540	9,013E+1	9,013E+1	2,000E+3
102,170	90,130	84,540	9,013E+1	9,013E+1	2,000E+3
102,372	90,410	84,480	9,013E+1	9,013E+1	2,000E+3
102,573	90,410	84,480	9,013E+1	9,013E+1	2,000E+3
102,774	90,410	84,480	9,013E+1	9,013E+1	2,000E+3
102,974	90,130	84,540	9,041E+1	9,041E+1	2,000E+3
103,175	90,130	84,540	9,041E+1	9,041E+1	2,000E+3
103,376	90,130	84,540	9,041E+1	9,041E+1	2,000E+3
103,576	90,130	84,540	9,013E+1	9,013E+1	2,000E+3
103,776	90,130	84,540	9,013E+1	9,013E+1	2,000E+3
103,975	90,320	84,480	9,013E+1	9,013E+1	2,000E+3
104,177	90,320	84,480	9,013E+1	9,013E+1	2,000E+3
104,378	90,320	84,480	9,032E+1	9,032E+1	2,000E+3
104,578	90,320	84,480	9,032E+1	9,032E+1	2,000E+3
104,779	90,320	84,480	9,032E+1	9,032E+1	2,000E+3
104,980	94,720	89,290	9,032E+1	9,032E+1	2,000E+3
105,179	94,720	89,290	9,032E+1	9,032E+1	2,000E+3
105,381	94,720	89,290	9,472E+1	9,472E+1	2,000E+3
105,581	94,720	89,290	9,472E+1	9,472E+1	2,000E+3
105,782	94,720	89,290	9,472E+1	9,472E+1	2,000E+3
105,982	94,720	89,290	9,472E+1	9,472E+1	2,000E+3
106,181	117,300	110,640	9,472E+1	9,472E+1	2,000E+3
106,383	117,300	110,640	1,173E+2	1,173E+2	2,000E+3
106,582	117,300	110,640	1,173E+2	1,173E+2	2,000E+3
106,783	117,300	110,640	1,173E+2	1,173E+2	2,000E+3
106,984	117,300	110,640	1,173E+2	1,173E+2	2,000E+3
107,184	118,600	112,440	1,173E+2	1,173E+2	2,000E+3
107,385	118,600	112,440	1,186E+2	1,186E+2	2,000E+3
107,585	118,600	112,440	1,186E+2	1,186E+2	2,000E+3
107,786	118,600	112,440	1,186E+2	1,186E+2	2,000E+3
107,986	118,600	112,440	1,186E+2	1,186E+2	2,000E+3
108,186	118,260	112,980	1,186E+2	1,186E+2	2,000E+3
108,386	118,260	112,980	1,183E+2	1,183E+2	2,000E+3
108,585	118,260	112,980	1,183E+2	1,183E+2	2,000E+3
108,786	118,260	112,980	1,183E+2	1,183E+2	2,000E+3
108,986	118,260	112,980	1,183E+2	1,183E+2	2,000E+3
109,186	118,260	112,980	1,183E+2	1,079E+2	2,000E+3
109,387	118,260	112,980	1,183E+2	1,079E+2	2,000E+3
109,588	118,260	112,980	1,183E+2	1,079E+2	2,000E+3
109,788	119,390	113,340	1,138E+2	1,138E+2	2,000E+3
109,987	119,390	113,340	1,138E+2	1,138E+2	2,000E+3
110,188	119,390	113,340	1,138E+2	1,138E+2	2,000E+3
110,388	119,390	113,340	1,194E+2	1,194E+2	2,000E+3
110,588	119,390	113,340	1,194E+2	1,194E+2	2,000E+3
110,788	119,390	113,340	1,194E+2	1,194E+2	2,000E+3
110,988	119,010	113,120	1,194E+2	1,194E+2	2,000E+3
111,189	119,010	113,120	1,194E+2	1,194E+2	2,000E+3
111,388	119,010	113,120	1,194E+2	1,194E+2	2,000E+3
111,589	119,010	113,120	1,190E+2	1,190E+2	2,000E+3
111,790	119,010	113,120	1,190E+2	1,190E+2	2,000E+3
111,991	119,010	113,120	1,190E+2	1,190E+2	2,000E+3
112,192	119,200	113,120	1,190E+2	1,190E+2	2,000E+3
112,393	119,200	113,120	1,190E+2	1,190E+2	2,000E+3
112,593	119,200	113,120	1,190E+2	1,190E+2	2,000E+3
112,793	119,510	113,190	1,192E+2	1,192E+2	2,000E+3
112,993	119,510	113,190	1,192E+2	1,192E+2	2,000E+3
113,193	119,510	113,190	1,192E+2	1,192E+2	2,000E+3
113,393	119,510	113,190	1,195E+2	1,195E+2	2,000E+3
113,594	119,510	113,190	1,195E+2	1,195E+2	2,000E+3
113,795	119,510	113,190	1,195E+2	1,195E+2	2,000E+3
113,995	119,100	113,200	1,195E+2	1,195E+2	2,000E+3
114,196	119,100	113,200	1,195E+2	1,195E+2	2,000E+3
114,396	119,100	113,200	1,191E+2	1,191E+2	2,000E+3
114,598	119,100	113,200	1,191E+2	1,191E+2	2,000E+3
114,798	119,100	113,200	1,191E+2	1,191E+2	2,000E+3
114,998	118,960	113,220	1,191E+2	1,191E+2	2,000E+3
115,198	118,960	113,220	1,191E+2	1,191E+2	2,000E+3
115,398	118,960	113,220	1,191E+2	1,191E+2	2,000E+3
115,598	118,960	113,220	1,190E+2	1,190E+2	2,000E+3
115,798	118,960	113,220	1,190E+2	1,190E+2	2,000E+3
115,998	118,960	113,220	1,190E+2	1,190E+2	2,000E+3
116,199	118,960	113,220	1,190E+2	1,190E+2	2,000E+3
116,399	119,410	113,190	1,190E+2	1,190E+2	2,000E+3
116,600	119,410	113,190	1,190E+2	1,190E+2	2,000E+3
116,800	119,410	113,190	1,190E+2	1,190E+2	2,000E+3
116,999	136,380	129,640	1,194E+2	1,194E+2	2,000E+3
117,200	136,380	129,640	1,194E+2	1,194E+2	2,000E+3
117,399	136,380	129,640	1,194E+2	1,194E+2	2,000E+3
117,600	136,380	129,640	1,364E+2	1,364E+2	2,000E+3
117,801	136,380	129,640	1,364E+2	1,364E+2	2,000E+3
118,002	151,030	143,540	1,364E+2	1,364E+2	2,000E+3
118,202	151,030	143,540	1,364E+2	1,364E+2	2,000E+3
118,402	151,030	143,540	1,364E+2	1,364E+2	2,000E+3
118,602	151,030	143,540	1,510E+2	1,510E+2	2,000E+3
118,803	151,030	143,540	1,510E+2	1,510E+2	2,000E+3
119,002	151,030	143,540	1,510E+2	1,510E+2	2,000E+3
119,203	153,350	145,580	1,510E+2	1,510E+2	2,000E+3
119,403	153,350	145,580	1,510E+2	1,510E+2	2,000E+3
119,604	153,350	145,580	1,510E+2	1,510E+2	2,000E+3
119,804	153,970	146,370	1,534E+2	1,534E+2	2,000E+3
120,004	153,970	146,370	1,534E+2	1,534E+2	2,000E+3
120,205	153,970	146,370	1,540E+2	1,540E+2	2,000E+3
120,405	153,970	146,370	1,540E+2	1,540E+2	2,000E+3
120,607	153,970	146,370	1,540E+2	1,540E+2	2,000E+3
120,807	153,910	146,230	1,540E+2	1,540E+2	2,000E+3
121,008	153,910	146,230	1,539E+2	1,539E+2	2,000E+3
121,208	153,910	146,230	1,539E+2	1,539E+2	2,000E+3
121,408	153,910	146,230	1,539E+2	1,539E+2	2,000E+3
121,608	153,910	146,230	1,539E+2	1,539E+2	2,000E+3
121,808	153,910	146,230	1,539E+2	1,539E+2	2,000E+3
122,008	153,920	146,240	1,539E+2	1,539E+2	2,000E+3
122,209	153,920	146,240	1,539E+2	1,539E+2	2,000E+3
122,409	153,920	146,240	1,539E+2	1,539E+2	2,000E+3
122,610	153,920	146,240	1,539E+2	1,539E+2	2,000E+3
122,811	153,920	146,240	1,539E+2	1,539E+2	2,000E+3
123,012	153,730	146,160	1,539E+2	1,539E+2	2,000E+3
123,213	153,730	146,160	1,539E+2	1,539E+2	2,000E+3
123,414	153,730	146,160	1,537E+2	1,537E+2	2,000E+3
123,614	153,730	146,160	1,537E+2	1,537E+2	2,000E+3
123,813	153,730	146,160	1,537E+2	1,537E+2	2,000E+3
124,014	153,850	146,130	1,537E+2	1,537E+2	2,000E+3
124,214	153,850	146,130	1,537E+2	1,537E+2	2,000E+3
124,414	153,850	146,130	1,539E+2	1,539E+2	2,000E+3
124,614	153,850	146,130	1,539E+2	1,539E+2	2,000E+3
124,814	153,850	146,130	1,539E+2	1,539E+2	2,000E+3
125,014	154,140	146,270	1,539E+2	1,539E+2	2,000E+3
125,214	154,140	146,270	1,539E+2	1,539E+2	2,000E+3
125,414	154,140	146,270	1,541E+2	1,541E+2	2,000E+3
125,614	154,140	146,270	1,541E+2	1,541E+2	2,000E+3
125,813	154,140	146,270	1,541E+2	1,541E+2	2,000E+3
126,014	153,780	146,220	1,541E+2	1,464E+2	2,000E+3
126,214	153,780	146,220	1,541E+2	1,464E+2	2,000E+3
126,414	153,780	146,220	1,541E+2	1,464E+2	2,000E+3
126,614	153,780	146,220	1,538E+2	1,538E+2	2,000E+3
126,814	153,780	146,220	1,538E+2	1,538E+2	2,000E+3
127,014	153,780	146,220	1,538E+2	1,538E+2	2,000E+3
127,215	153,780	146,220	1,538E+2	1,538E+2	2,000E+3
127,415	153,780	146,220	1,538E+2	1,538E+2	2,000E+3
127,615	153,780	146,220	1,538E+2	1,538E+2	2,000E+3
127,814	160,380	152,370	1,538E+2	1,538E+2	2,000E+3
128,015	160,380	152,370	1,538E+2	1,538E+2	2,000E+3
128,215	160,380	152,370	1,604E+2	1,604E+2	2,000E+3
128,416	160,380	152,370	1,604E+2	1,604E+2	2,000E+3
128,616	160,380	152,370	1,604E+2	1,604E+2	2,000E+3
128,816	175,780	167,660	1,604E+2	1,604E+2	2,000E+3
129,016	175,780	167,660	1,604E+2	1,604E+2	2,000E+3
129,216	175,780	167,660	1,758E+2	1,758E+2	2,000E+3
129,417	175,780	167,660	1,758E+2	1,758E+2	2,000E+3
129,617	177,690	169,450	1,758E+2	1,758E+2	2,000E+3
129,817	177,690	169,450	1,758E+2	1,758E+2	2,000E+3
130,018	177,690	169,450	1,777E+2	1,777E+2	2,000E+3
130,219	177,690	169,450	1,777E+2	1,777E+2	2,000E+3
130,420	177,690	169,450	1,777E+2	1,777E+2	2,000E+3
130,621	178,600	170,170	1,777E+2	1,777E+2	2,000E+3
130,821	178,600	170,170	1,777E+2	1,777E+2	2,000E+3
131,022	178,600	170,170	1,786E+2	1,786E+2	2,000E+3
131,222	178,600	170,170	1,786E+2	1,786E+2	2,000E+3
131,422	178,600	170,170	1,786E+2	1,786E+2	2,000E+3
131,623	178,600	170,170	1,786E+2	1,786E+2	2,000E+3
131,823	178,880	170,580	1,786E+2	1,662E+2	2,000E+3
132,022	178,880	170,580	1,786E+2	1,662E+2	2,000E+3
132,223	178,880	170,580	1,786E+2	1,662E+2	2,000E+3
132,424	178,880	170,580	1,744E+2	1,744E+2	2,000E+3
132,625	178,880	170,580	1,744E+2	1,744E+2	2,000E+3
132,825	178,880	170,580	1,744E+2	1,744E+2	2,000E+3
133,026	178,880	170,580	1,789E+2	1,789E+2	2,000E+3
133,227	178,880	170,580	1,789E+2	1,789E+2	2,000E+3
133,427	178,570	170,350	1,789E+2	1,789E+2	2,000E+3
133,627	178,570	170,350	1,789E+2	1,789E+2	2,000E+3
133,827	178,570	170,350	1,786E+2	1,786E+2	2,000E+3
134,026	178,570	170,350	1,786E+2	1,786E+2	2,000E+3
134,226	178,570	170,350	1,786E+2	1,786E+2	2,000E+3
134,428	178,570	170,350	1,786E+2	1,786E+2	2,000E+3
134,628	178,910	170,400	1,786E+2	1,786E+2	2,000E+3
134,829	178,910	170,400	1,786E+2	1,786E+2	2,000E+3
135,029	178,910	170,400	1,789E+2	1,789E+2	2,000E+3
135,229	178,910	170,400	1,789E+2	1,789E+2	2,000E+3
135,431	178,910	170,400	1,789E+2	1,789E+2	2,000E+3
135,631	178,830	170,470	1,789E+2	1,789E+2	2,000E+3
135,832	178,830	170,470	1,789E+2	1,789E+2	2,000E+3
136,032	178,830	170,470	1,788E+2	1,788E+2	2,000E+3
136,232	178,830	170,470	1,788E+2	1,788E+2	2,000E+3
136,432	178,830	170,470	1,788E+2	1,788E+2	2,000E+3
136,632	178,830	170,470	1,788E+2	1,788E+2	2,000E+3
136,832	178,630	170,260	1,788E+2	1,788E+2	2,000E+3
137,033	178,630	170,260	1,786E+2	1,786E+2	2,000E+3
137,234	178,630	170,260	1,786E+2	1,786E+2	2,000E+3
137,434	178,630	170,260	1,786E+2	1,786E+2	2,000E+3
137,633	178,630	170,260	1,786E+2	1,786E+2	2,000E+3
137,834	178,960	170,450	1,786E+2	1,786E+2	2,000E+3
138,034	178,960	170,450	1,786E+2	1,786E+2	2,000E+3
138,234	178,960	170,450	1,790E+2	1,790E+2	2,000E+3
138,434	178,960	170,450	1,790E+2	1,790E+2	2,000E+3
138,635	178,670	169,960	1,790E+2	1,705E+2	2,000E+3
138,835	178,670	169,960	1,790E+2	1,705E+2	2,000E+3
139,035	178,670	169,960	1,790E+2	1,705E+2	2,000E+3
139,235	178,670	169,960	1,787E+2	1,787E+2	2,000E+3
139,434	178,670	169,960	1,787E+2	1,787E+2	2,000E+3
139,636	178,670	169,960	1,787E+2	1,787E+2	2,000E+3
139,837	178,670	169,960	1,787E+2	1,787E+2	2,000E+3
140,038	178,670	169,960	1,787E+2	1,787E+2	2,000E+3
140,238	178,670	169,960	1,787E+2	1,787E+2	2,000E+3
140,438	179,190	170,250	1,787E+2	1,787E+2	2,000E+3
140,639	179,190	170,250	1,787E+2	1,787E+2	2,000E+3
140,840	179,190	170,250	1,792E+2	1,792E+2	2,000E+3
141,040	179,190	170,250	1,792E+2	1,792E+2	2,000E+3
141,240	179,190	170,250	1,792E+2	1,792E+2	2,000E+3
141,440	178,710	170,280	1,792E+2	1,792E+2	2,000E+3
141,640	178,710	170,280	1,792E+2	1,792E+2	2,000E+3
141,840	178,710	170,280	1,792E+2	1,792E+2	2,000E+3
142,040	178,710	170,280	1,787E+2	1,787E+2	2,000E+3
142,240	178,710	170,280	1,787E+2	1,787E+2	2,000E+3
142,441	178,710	170,280	1,787E+2	1,787E+2	2,000E+3
142,641	179,320	170,260	1,787E+2	1,787E+2	2,000E+3
142,842	179,320	170,260	1,787E+2	1,787E+2	2,000E+3
143,042	179,320	170,260	1,793E+2	1,793E+2	2,000E+3
143,242	179,320	170,260	1,793E+2	1,793E+2	2,000E+3
143,442	179,320	170,260	1,793E+2	1,793E+2	2,000E+3
143,642	178,520	170,240	1,793E+2	1,793E+2	2,000E+3
143,842	178,520	170,240	1,793E+2	1,793E+2	2,000E+3
144,043	178,520	170,240	1,793E+2	1,793E+2	2,000E+3
144,243	178,520	170,240	1,785E+2	1,785E+2	2,000E+3
144,445	178,520	170,240	1,785E+2	1,785E+2	2,000E+3
144,645	178,390	170,130	1,785E+2	1,785E+2	2,000E+3
144,845	178,390	170,130	1,785E+2	1,785E+2	2,000E+3
145,045	178,390	170,130	1,784E+2	1,784E+2	2,000E+3
145,245	178,390	170,130	1,784E+2	1,784E+2	2,000E+3
145,445	178,390	170,130	1,784E+2	1,784E+2	2,000E+3
145,645	178,390	170,130	1,784E+2	1,784E+2	2,000E+3
145,845	178,390	170,130	1,784E+2	1,784E+2	2,000E+3
146,045	178,170	170,200	1,784E+2	1,784E+2	2,000E+3
146,245	178,170	170,200	1,782E+2	1,782E+2	2,000E+3
146,445	178,170	170,200	1,782E+2	1,782E+2	2,000E+3
146,645	178,170	170,200	1,782E+2	1,782E+2	2,000E+3
146,845	178,400	169,870	1,782E+2	1,782E+2	2,000E+3
147,045	178,400	169,870	1,782E+2	1,782E+2	2,000E+3
147,246	178,400	169,870	1,784E+2	1,784E+2	2,000E+3
147,446	178,400	169,870	1,784E+2	1,784E+2	2,000E+3
147,646	178,400	169,870	1,784E+2	1,784E+2	2,000E+3
147,846	178,420	170,060	1,784E+2	1,784E+2	2,000E+3
148,046	178,420	170,060	1,784E+2	1,784E+2	2,000E+3
148,246	178,420	170,060	1,784E+2	1,784E+2	2,000E+3
148,446	178,420	170,060	1,784E+2	1,784E+2	2,000E+3
148,646	178,420	170,060	1,784E+2	1,784E+2	2,000E+3
148,846	175,670	167,220	1,784E+2	1,784E+2	2,000E+3
149,046	175,670	167,220	1,784E+2	1,784E+2	2,000E+3
149,246	175,670	167,220	1,757E+2	1,757E+2	2,000E+3
149,447	175,670	167,220	1,757E+2	1,757E+2	2,000E+3
149,648	175,670	167,220	1,757E+2	1,757E+2	2,000E+3
149,847	164,150	156,180	1,757E+2	1,668E+2	2,000E+3
150,048	164,150	156,180	1,757E+2	1,668E+2	2,000E+3
150,248	164,150	156,180	1,757E+2	1,668E+2	2,000E+3
150,448	164,150	156,180	1,750E+2	1,750E+2	2,000E+3
150,649	164,150	156,180	1,750E+2	1,750E+2	2,000E+3
150,849	164,150	156,180	1,641E+2	1,641E+2	2,000E+3
151,049	164,150	156,180	1,641E+2	1,641E+2	2,000E+3
151,250	164,150	156,180	1,641E+2	1,641E+2	2,000E+3
151,450	164,150	156,180	1,641E+2	1,641E+2	2,000E+3
151,649	164,150	156,180	1,641E+2	1,641E+2	2,000E+3
151,851	162,290	153,970	1,641E+2	1,641E+2	2,000E+3
152,051	162,290	153,970	1,641E+2	1,641E+2	2,000E+3
152,252	162,290	153,970	1,623E+2	1,623E+2	2,000E+3
152,452	162,290	153,970	1,623E+2	1,623E+2	2,000E+3
152,652	162,340	154,470	1,623E+2	1,623E+2	2,000E+3
152,852	162,340	154,470	1,623E+2	1,623E+2	2,000E+3
153,051	162,340	154,470	1,623E+2	1,623E+2	2,000E+3
153,253	162,340	154,470	1,623E+2	1,623E+2	2,000E+3
153,453	162,340	154,470	1,623E+2	1,623E+2	2,000E+3
153,653	162,040	154,400	1,623E+2	1,623E+2	2,000E+3
153,854	162,040	154,400	1,623E+2	1,623E+2	2,000E+3
154,054	162,040	154,400	1,620E+2	1,620E+2	2,000E+3
154,254	162,040	154,400	1,620E+2	1,620E+2	2,000E+3
154,454	162,040	154,400	1,620E+2	1,620E+2	2,000E+3
154,654	162,530	154,630	1,620E+2	1,620E+2	2,000E+3
154,854	162,530	154,630	1,620E+2	1,620E+2	2,000E+3
155,053	162,530	154,630	1,625E+2	1,625E+2	2,000E+3
155,254	162,530	154,630	1,625E+2	1,625E+2	2,000E+3
155,454	162,530	154,630	1,625E+2	1,625E+2	2,000E+3
155,655	162,210	154,450	1,625E+2	1,545E+2	2,000E+3
155,855	162,210	154,450	1,625E+2	1,545E+2	2,000E+3
156,055	162,210	154,450	1,625E+2	1,545E+2	2,000E+3
156,255	162,210	154,450	1,623E+2	1,623E+2	2,000E+3
156,455	162,210	154,450	1,622E+2	1,622E+2	2,000E+3
156,656	162,210	154,450	1,622E+2	1,622E+2	2,000E+3
156,856	162,210	154,450	1,622E+2	1,622E+2	2,000E+3
157,056	162,210	154,450	1,622E+2	1,622E+2	2,000E+3
157,256	162,210	154,450	1,622E+2	1,622E+2	2,000E+3
157,456	162,210	154,450	1,622E+2	1,622E+2	2,000E+3
157,656	162,530	154,670	1,622E+2	1,622E+2	2,000E+3
157,857	162,530	154,670	1,625E+2	1,625E+2	2,000E+3
158,057	162,530	154,670	1,625E+2	1,625E+2	2,000E+3
158,257	162,530	154,670	1,625E+2	1,625E+2	2,000E+3
158,457	162,530	154,670	1,625E+2	1,625E+2	2,000E+3
158,658	162,080	154,510	1,625E+2	1,625E+2	2,000E+3
158,858	162,080	154,510	1,625E+2	1,625E+2	2,000E+3
159,059	162,080	154,510	1,621E+2	1,621E+2	2,000E+3
159,259	162,080	154,510	1,621E+2	1,621E+2	2,000E+3
159,461	162,180	154,580	1,621E+2	1,621E+2	2,000E+3
159,660	162,180	154,580	1,622E+2	1,622E+2	2,000E+3
159,860	162,180	154,580	1,622E+2	1,622E+2	2,000E+3
160,061	162,180	154,580	1,622E+2	1,622E+2	2,000E+3
160,261	162,180	154,580	1,622E+2	1,622E+2	2,000E+3
160,461	139,890	132,310	1,622E+2	1,622E+2	2,000E+3
160,661	139,890	132,310	1,399E+2	1,399E+2	2,000E+3
160,861	139,890	132,310	1,399E+2	1,399E+2	2,000E+3
161,061	139,890	132,310	1,399E+2	1,399E+2	2,000E+3
161,261	139,890	132,310	1,399E+2	1,399E+2	2,000E+3
161,462	134,900	127,840	1,399E+2	1,449E+2	2,000E+3
161,662	134,900	127,840	1,399E+2	1,449E+2	2,000E+3
161,862	134,900	127,840	1,399E+2	1,449E+2	2,000E+3
162,062	134,900	127,840	1,524E+2	1,524E+2	2,000E+3
162,262	134,900	127,840	1,524E+2	1,524E+2	2,000E+3
162,462	134,900	127,840	1,524E+2	1,524E+2	2,000E+3
162,662	134,900	127,840	1,349E+2	1,349E+2	2,000E+3
162,863	134,900	127,840	1,349E+2	1,349E+2	2,000E+3
163,063	133,330	126,850	1,349E+2	1,349E+2	2,000E+3
163,263	133,330	126,850	1,349E+2	1,349E+2	2,000E+3
163,464	133,330	126,850	1,349E+2	1,349E+2	2,000E+3
163,664	133,330	126,850	1,333E+2	1,333E+2	2,000E+3
163,864	133,330	126,850	1,333E+2	1,333E+2	2,000E+3
164,064	133,330	126,850	1,333E+2	1,333E+2	2,000E+3
164,264	133,360	126,540	1,333E+2	1,333E+2	2,000E+3
164,464	133,360	126,540	1,333E+2	1,333E+2	2,000E+3
164,664	133,360	126,540	1,333E+2	1,333E+2	2,000E+3
164,864	133,360	126,540	1,334E+2	1,334E+2	2,000E+3
165,065	133,360	126,540	1,334E+2	1,334E+2	2,000E+3
165,266	133,930	126,980	1,334E+2	1,334E+2	2,000E+3
165,466	133,930	126,980	1,339E+2	1,339E+2	2,000E+3
165,667	133,930	126,980	1,339E+2	1,339E+2	2,000E+3
165,867	133,930	126,980	1,339E+2	1,339E+2	2,000E+3
166,067	133,930	126,980	1,339E+2	1,339E+2	2,000E+3
166,269	133,930	126,980	1,339E+2	1,339E+2	2,000E+3
166,469	133,930	126,980	1,339E+2	1,339E+2	2,000E+3
166,669	133,350	126,890	1,339E+2	1,339E+2	2,000E+3
166,870	133,350	126,890	1,334E+2	1,334E+2	2,000E+3
167,071	133,350	126,890	1,334E+2	1,334E+2	2,000E+3
167,271	133,350	126,890	1,334E+2	1,334E+2	2,000E+3
167,472	133,350	126,890	1,334E+2	1,334E+2	2,000E+3
167,673	133,770	126,720	1,334E+2	1,334E+2	2,000E+3
167,873	133,770	126,720	1,338E+2	1,338E+2	2,000E+3
168,073	133,770	126,720	1,338E+2	1,338E+2	2,000E+3
168,272	133,770	126,720	1,338E+2	1,338E+2	2,000E+3
168,473	133,580	126,870	1,338E+2	1,338E+2	2,000E+3
168,674	133,580	126,870	1,338E+2	1,338E+2	2,000E+3
168,874	133,580	126,870	1,336E+2	1,336E+2	2,000E+3
169,074	133,580	126,870	1,336E+2	1,336E+2	2,000E+3
169,275	133,580	126,870	1,336E+2	1,336E+2	2,000E+3
169,475	133,540	126,680	1,336E+2	1,336E+2	2,000E+3
169,676	133,540	126,680	1,336E+2	1,336E+2	2,000E+3
169,876	133,540	126,680	1,335E+2	1,335E+2	2,000E+3
170,075	133,540	126,680	1,335E+2	1,335E+2	2,000E+3
170,277	133,540	126,680	1,335E+2	1,335E+2	2,000E+3
170,477	133,540	126,680	1,335E+2	1,335E+2	2,000E+3
170,678	133,620	126,670	1,335E+2	1,269E+2	2,000E+3
170,878	133,620	126,670	1,335E+2	1,269E+2	2,000E+3
171,078	133,620	126,670	1,335E+2	1,269E+2	2,000E+3
171,280	133,620	126,670	1,335E+2	1,269E+2	2,000E+3
171,480	133,620	126,670	1,338E+2	1,338E+2	2,000E+3
171,681	133,620	126,670	1,338E+2	1,338E+2	2,000E+3
171,882	133,620	126,670	1,336E+2	1,336E+2	2,000E+3
172,082	133,620	126,670	1,336E+2	1,336E+2	2,000E+3
172,282	133,620	126,670	1,336E+2	1,336E+2	2,000E+3
172,482	107,270	100,800	1,336E+2	1,336E+2	2,000E+3
172,682	107,270	100,800	1,336E+2	1,336E+2	2,000E+3
172,882	107,270	100,800	1,336E+2	1,336E+2	2,000E+3
173,082	107,270	100,800	1,073E+2	1,073E+2	2,000E+3
173,282	107,270	100,800	1,073E+2	1,073E+2	2,000E+3
173,482	105,720	99,640	1,073E+2	1,073E+2	2,000E+3
173,683	105,720	99,640	1,073E+2	1,073E+2	2,000E+3
173,884	105,720	99,640	1,073E+2	1,073E+2	2,000E+3
174,084	105,720	99,640	1,057E+2	1,057E+2	2,000E+3
174,285	105,720	99,640	1,057E+2	1,057E+2	2,000E+3
174,485	105,720	99,640	1,057E+2	1,057E+2	2,000E+3
174,687	105,050	98,600	1,057E+2	1,057E+2	2,000E+3
174,887	105,050	98,600	1,057E+2	1,057E+2	2,000E+3
175,087	105,050	98,600	1,057E+2	1,057E+2	2,000E+3
175,287	105,030	98,870	1,051E+2	1,051E+2	2,000E+3
175,487	105,030	98,870	1,051E+2	1,051E+2	2,000E+3
175,687	105,030	98,870	1,051E+2	1,051E+2	2,000E+3
175,888	105,030	98,870	1,050E+2	1,050E+2	2,000E+3
176,088	105,030	98,870	1,050E+2	1,050E+2	2,000E+3
176,289	105,070	98,750	1,050E+2	1,050E+2	2,000E+3
176,489	105,070	98,750	1,050E+2	1,050E+2	2,000E+3
176,689	105,070	98,750	1,050E+2	1,050E+2	2,000E+3
176,890	105,070	98,750	1,051E+2	1,051E+2	2,000E+3
177,090	105,070	98,750	1,051E+2	1,051E+2	2,000E+3
177,290	105,070	98,750	1,051E+2	1,051E+2	2,000E+3
177,491	105,130	98,840	1,051E+2	1,051E+2	2,000E+3
177,692	105,130	98,840	1,051E+2	1,051E+2	2,000E+3
177,893	105,130	98,840	1,051E+2	1,051E+2	2,000E+3
178,093	105,130	98,840	1,051E+2	1,051E+2	2,000E+3
178,293	105,130	98,840	1,051E+2	1,051E+2	2,000E+3
178,493	104,930	98,540	1,051E+2	1,051E+2	2,000E+3
178,693	104,930	98,540	1,051E+2	1,051E+2	2,000E+3
178,893	104,930	98,540	1,051E+2	1,051E+2	2,000E+3
179,094	104,930	98,540	1,049E+2	1,049E+2	2,000E+3
179,294	104,930	98,540	1,049E+2	1,049E+2	2,000E+3
179,494	104,930	98,540	1,049E+2	1,049E+2	2,000E+3
179,693	104,950	98,790	1,049E+2	1,049E+2	2,000E+3
179,894	104,950	98,790	1,049E+2	1,049E+2	2,000E+3
180,094	104,950	98,790	1,049E+2	1,049E+2	2,000E+3
180,294	104,950	98,790	1,049E+2	1,049E+2	2,000E+3
180,494	104,950	98,790	1,049E+2	1,049E+2	2,000E+3
180,694	105,050	98,670	1,049E+2	1,049E+2	2,000E+3
180,894	105,050	98,670	1,049E+2	1,049E+2	2,000E+3
181,094	105,050	98,670	1,049E+2	1,049E+2	2,000E+3
181,295	105,050	98,670	1,049E+2	1,049E+2	2,000E+3
181,496	103,190	96,720	1,051E+2	1,051E+2	2,000E+3
181,697	103,190	96,720	1,051E+2	1,051E+2	2,000E+3
181,897	103,190	96,720	1,051E+2	1,051E+2	2,000E+3
182,098	103,190	96,720	1,032E+2	1,032E+2	2,000E+3
182,298	103,190	96,720	1,032E+2	1,032E+2	2,000E+3
182,498	81,030	75,330	1,032E+2	1,032E+2	2,000E+3
182,699	81,030	75,330	1,032E+2	1,032E+2	2,000E+3
182,898	81,030	75,330	8,103E+1	8,103E+1	2,000E+3
183,099	81,030	75,330	8,103E+1	8,103E+1	2,000E+3
183,300	81,030	75,330	8,103E+1	8,103E+1	2,000E+3
183,501	81,030	75,330	8,103E+1	8,103E+1	2,000E+3
183,702	78,640	73,360	8,103E+1	8,103E+1	2,000E+3
183,903	78,640	73,360	8,103E+1	8,103E+1	2,000E+3
184,104	78,640	73,360	7,864E+1	7,864E+1	2,000E+3
184,305	78,640	73,360	7,864E+1	7,864E+1	2,000E+3
184,505	78,640	73,360	7,864E+1	7,864E+1	2,000E+3
184,704	78,610	73,300	7,864E+1	7,864E+1	2,000E+3
184,906	78,610	73,300	7,864E+1	7,864E+1	2,000E+3
185,106	78,610	73,300	7,861E+1	7,861E+1	2,000E+3
185,306	78,610	73,300	7,861E+1	7,861E+1	2,000E+3
185,507	78,610	73,300	7,861E+1	7,861E+1	2,000E+3
185,707	78,700	73,180	7,861E+1	7,861E+1	2,000E+3
185,907	78,700	73,180	7,861E+1	7,861E+1	2,000E+3
186,107	78,700	73,180	7,870E+1	7,870E+1	2,000E+3
186,307	78,700	73,180	7,870E+1	7,870E+1	2,000E+3
186,506	78,700	73,180	7,870E+1	7,870E+1	2,000E+3
186,707	78,340	73,200	7,870E+1	7,870E+1	2,000E+3
186,907	78,340	73,200	7,870E+1	7,870E+1	2,000E+3
187,107	78,340	73,200	7,834E+1	7,834E+1	2,000E+3
187,307	78,340	73,200	7,834E+1	7,834E+1	2,000E+3
187,506	78,340	73,200	7,834E+1	7,834E+1	2,000E+3
187,707	78,820	73,220	7,834E+1	7,331E+1	2,000E+3
187,907	78,820	73,220	7,834E+1	7,331E+1	2,000E+3
188,107	78,820	73,220	7,834E+1	7,331E+1	2,000E+3
188,308	78,820	73,220	7,858E+1	7,858E+1	2,000E+3
188,508	78,820	73,220	7,882E+1	7,882E+1	2,000E+3
188,707	78,820	73,220	7,882E+1	7,882E+1	2,000E+3
188,909	78,820	73,220	7,882E+1	7,882E+1	2,000E+3
189,110	78,820	73,220	7,882E+1	7,882E+1	2,000E+3
189,310	78,820	73,220	7,882E+1	7,882E+1	2,000E+3
189,511	78,820	73,220	7,882E+1	7,882E+1	2,000E+3
189,711	78,250	73,140	7,882E+1	7,882E+1	2,000E+3
189,912	78,250	73,140	7,825E+1	7,825E+1	2,000E+3
190,112	78,250	73,140	7,825E+1	7,825E+1	2,000E+3
190,313	78,250	73,140	7,825E+1	7,825E+1	2,000E+3
190,513	78,250	73,140	7,825E+1	7,825E+1	2,000E+3
190,714	78,610	72,960	7,825E+1	7,825E+1	2,000E+3
190,914	78,610	72,960	7,861E+1	7,861E+1	2,000E+3
191,113	78,610	72,960	7,861E+1	7,861E+1	2,000E+3
191,314	78,610	72,960	7,861E+1	7,861E+1	2,000E+3
191,513	78,610	72,960	7,861E+1	7,861E+1	2,000E+3
191,715	78,310	73,000	7,861E+1	7,861E+1	2,000E+3
191,915	78,310	73,000	7,861E+1	7,861E+1	2,000E+3
192,115	78,310	73,000	7,831E+1	7,831E+1	2,000E+3
192,315	78,310	73,000	7,831E+1	7,831E+1	2,000E+3
192,517	78,470	73,130	7,831E+1	7,831E+1	2,000E+3
192,717	78,470	73,130	7,831E+1	7,831E+1	2,000E+3
192,917	78,470	73,130	7,847E+1	7,847E+1	2,000E+3
193,117	78,470	73,130	7,847E+1	7,847E+1	2,000E+3
193,317	78,470	73,130	7,847E+1	7,847E+1	2,000E+3
193,517	65,370	59,430	7,847E+1	7,041E+1	2,000E+3
193,716	65,370	59,430	7,847E+1	7,041E+1	2,000E+3
193,917	65,370	59,430	7,559E+1	7,559E+1	2,000E+3
194,117	65,370	59,430	7,559E+1	7,559E+1	2,000E+3
194,318	65,370	59,430	6,537E+1	6,537E+1	2,000E+3
194,518	65,370	59,430	6,537E+1	6,537E+1	2,000E+3
194,719	65,370	59,430	6,537E+1	6,537E+1	2,000E+3
194,919	65,370	59,430	6,537E+1	6,537E+1	2,000E+3
195,119	65,370	59,430	6,537E+1	6,537E+1	2,000E+3
195,320	57,700	52,380	6,537E+1	6,537E+1	2,000E+3
195,520	57,700	52,380	6,537E+1	6,537E+1	2,000E+3
195,720	57,700	52,380	5,770E+1	5,770E+1	2,000E+3
195,920	57,700	52,380	5,770E+1	5,770E+1	2,000E+3
196,121	56,360	52,150	5,770E+1	5,770E+1	2,000E+3
196,320	56,360	52,150	5,770E+1	5,770E+1	2,000E+3
196,521	56,360	52,150	5,636E+1	5,636E+1	2,000E+3
196,721	56,360	52,150	5,636E+1	5,636E+1	2,000E+3
196,921	56,360	52,150	5,636E+1	5,636E+1	2,000E+3
197,122	57,500	52,160	5,636E+1	5,636E+1	2,000E+3
197,322	57,500	52,160	5,636E+1	5,636E+1	2,000E+3
197,522	57,500	52,160	5,750E+1	5,750E+1	2,000E+3
197,722	57,500	52,160	5,750E+1	5,750E+1	2,000E+3
197,923	57,500	52,160	5,750E+1	5,750E+1	2,000E+3
198,123	56,570	52,150	5,750E+1	5,750E+1	2,000E+3
198,324	56,570	52,150	5,750E+1	5,750E+1	2,000E+3
198,525	56,570	52,150	5,657E+1	5,657E+1	2,000E+3
198,725	56,570	52,150	5,657E+1	5,657E+1	2,000E+3
198,925	56,570	52,150	5,657E+1	5,657E+1	2,000E+3
199,126	56,570	52,150	5,657E+1	5,657E+1	2,000E+3
199,326	56,530	52,110	5,657E+1	5,226E+1	2,000E+3
199,526	56,530	52,110	5,657E+1	5,226E+1	2,000E+3
199,727	56,530	52,110	5,696E+1	5,696E+1	2,000E+3
199,928	56,530	52,110	5,696E+1	5,696E+1	2,000E+3
200,128	56,530	52,110	5,653E+1	5,653E+1	2,000E+3
200,328	56,530	52,110	5,653E+1	5,653E+1	2,000E+3
200,528	56,530	52,110	5,653E+1	5,653E+1	2,000E+3
200,729	56,530	52,110	5,653E+1	5,653E+1	2,000E+3
200,930	56,530	52,110	5,653E+1	5,653E+1	2,000E+3
201,131	56,880	52,190	5,653E+1	5,653E+1	2,000E+3
201,332	56,880	52,190	5,653E+1	5,653E+1	2,000E+3
201,532	56,880	52,190	5,688E+1	5,688E+1	2,000E+3
201,733	56,880	52,190	5,688E+1	5,688E+1	2,000E+3
201,934	56,880	52,190	5,688E+1	5,688E+1	2,000E+3
202,134	56,440	52,130	5,688E+1	5,688E+1	2,000E+3
202,335	56,440	52,130	5,688E+1	5,688E+1	2,000E+3
202,536	56,440	52,130	5,644E+1	5,644E+1	2,000E+3
202,735	56,440	52,130	5,644E+1	5,644E+1	2,000E+3
202,936	56,440	52,130	5,644E+1	5,644E+1	2,000E+3
203,136	57,110	52,170	5,644E+1	5,644E+1	2,000E+3
203,337	57,110	52,170	5,644E+1	5,644E+1	2,000E+3
203,537	57,110	52,170	5,711E+1	5,711E+1	2,000E+3
203,737	57,110	52,170	5,711E+1	5,711E+1	2,000E+3
203,937	57,110	52,170	5,711E+1	5,711E+1	2,000E+3
204,137	51,890	47,260	5,711E+1	5,711E+1	2,000E+3
204,339	51,890	47,260	5,711E+1	5,711E+1	2,000E+3
204,539	51,890	47,260	5,189E+1	5,189E+1	2,000E+3
204,739	51,890	47,260	5,189E+1	5,189E+1	2,000E+3
204,940	51,890	47,260	5,189E+1	4,820E+1	2,000E+3
205,140	51,890	47,260	5,189E+1	4,820E+1	2,000E+3
205,340	51,890	47,260	5,189E+1	4,820E+1	2,000E+3
205,541	41,960	37,080	5,261E+1	5,261E+1	2,000E+3
205,741	41,960	37,080	5,261E+1	5,261E+1	2,000E+3
205,941	41,960	37,080	4,196E+1	4,196E+1	2,000E+3
206,141	41,960	37,080	4,196E+1	4,196E+1	2,000E+3
206,341	41,960	37,080	4,196E+1	4,196E+1	2,000E+3
206,541	41,960	37,080	4,196E+1	4,196E+1	2,000E+3
206,742	41,960	37,080	4,196E+1	4,196E+1	2,000E+3
206,942	40,740	36,540	4,196E+1	4,196E+1	2,000E+3
207,143	40,740	36,540	4,074E+1	4,074E+1	2,000E+3
207,344	40,740	36,540	4,074E+1	4,074E+1	2,000E+3
207,544	40,740	36,540	4,074E+1	4,074E+1	2,000E+3
207,743	40,740	36,540	4,074E+1	4,074E+1	2,000E+3
207,944	40,570	36,680	4,074E+1	4,074E+1	2,000E+3
208,145	40,570	36,680	4,057E+1	4,057E+1	2,000E+3
208,347	40,570	36,680	4,057E+1	4,057E+1	2,000E+3
208,548	40,570	36,680	4,057E+1	4,057E+1	2,000E+3
208,748	40,570	36,680	4,057E+1	4,057E+1	2,000E+3
208,948	40,760	36,500	4,057E+1	4,057E+1	2,000E+3
209,149	40,760	36,500	4,076E+1	4,076E+1	2,000E+3
209,350	40,760	36,500	4,076E+1	4,076E+1	2,000E+3
209,550	40,760	36,500	4,076E+1	4,076E+1	2,000E+3
209,750	41,120	36,630	4,076E+1	4,076E+1	2,000E+3
209,950	41,120	36,630	4,076E+1	4,076E+1	2,000E+3
210,150	41,120	36,630	4,112E+1	4,112E+1	2,000E+3
210,351	41,120	36,630	4,112E+1	4,112E+1	2,000E+3
210,551	41,120	36,630	4,112E+1	4,112E+1	2,000E+3
210,751	41,120	36,630	4,112E+1	4,112E+1	2,000E+3
210,951	40,710	36,560	4,112E+1	3,664E+1	2,000E+3
211,151	40,710	36,560	4,112E+1	3,664E+1	2,000E+3
211,353	40,710	36,560	4,081E+1	4,081E+1	2,000E+3
211,553	40,710	36,560	4,081E+1	4,081E+1	2,000E+3
211,753	40,710	36,560	4,071E+1	4,071E+1	2,000E+3
211,953	40,710	36,560	4,071E+1	4,071E+1	2,000E+3
212,153	40,710	36,560	4,071E+1	4,071E+1	2,000E+3
212,353	40,710	36,560	4,071E+1	4,071E+1	2,000E+3
212,553	40,710	36,560	4,071E+1	4,071E+1	2,000E+3
212,753	41,340	36,680	4,071E+1	4,071E+1	2,000E+3
212,953	41,340	36,680	4,071E+1	4,071E+1	2,000E+3
213,152	41,340	36,680	4,134E+1	4,134E+1	2,000E+3
213,353	41,340	36,680	4,134E+1	4,134E+1	2,000E+3
213,553	41,340	36,680	4,134E+1	4,134E+1	2,000E+3
213,753	41,170	36,430	4,134E+1	4,134E+1	2,000E+3
213,953	41,170	36,430	4,134E+1	4,134E+1	2,000E+3
214,153	41,170	36,430	4,117E+1	4,117E+1	2,000E+3
214,354	41,170	36,430	4,117E+1	4,117E+1	2,000E+3
214,554	40,390	36,530	4,117E+1	4,117E+1	2,000E+3
214,754	40,390	36,530	4,117E+1	4,117E+1	2,000E+3
214,954	40,390	36,530	4,039E+1	4,039E+1	2,000E+3
215,154	40,390	36,530	4,039E+1	4,039E+1	2,000E+3
215,354	40,390	36,530	4,039E+1	4,039E+1	2,000E+3
215,555	40,390	36,530	4,039E+1	4,039E+1	2,000E+3
215,755	37,950	33,190	4,039E+1	4,039E+1	2,000E+3
215,955	37,950	33,190	3,795E+1	3,795E+1	2,000E+3
216,155	37,950	33,190	3,795E+1	3,795E+1	2,000E+3
216,355	37,950	33,190	3,795E+1	3,795E+1	2,000E+3
216,555	37,950	33,190	3,795E+1	3,795E+1	2,000E+3
216,755	30,640	26,410	3,795E+1	3,389E+1	2,000E+3
216,956	30,640	26,410	3,795E+1	3,389E+1	2,000E+3
217,156	30,640	26,410	3,812E+1	3,812E+1	2,000E+3
217,357	30,640	26,410	3,812E+1	3,812E+1	2,000E+3
217,557	30,640	26,410	3,064E+1	3,064E+1	2,000E+3
217,757	30,640	26,410	3,064E+1	3,064E+1	2,000E+3
217,957	30,640	26,410	3,064E+1	3,064E+1	2,000E+3
218,157	30,640	26,410	3,064E+1	3,064E+1	2,000E+3
218,359	30,640	26,410	3,064E+1	3,064E+1	2,000E+3
218,560	30,850	26,330	3,064E+1	3,064E+1	2,000E+3
218,760	30,850	26,330	3,064E+1	3,064E+1	2,000E+3
218,960	30,850	26,330	3,085E+1	3,085E+1	2,000E+3
219,160	30,850	26,330	3,085E+1	3,085E+1	2,000E+3
219,360	30,850	26,330	3,085E+1	3,085E+1	2,000E+3
219,560	30,850	26,330	3,085E+1	3,085E+1	2,000E+3
219,761	29,770	26,220	3,085E+1	3,085E+1	2,000E+3
219,961	29,770	26,220	3,085E+1	3,085E+1	2,000E+3
220,160	29,770	26,220	2,977E+1	2,977E+1	2,000E+3
220,361	29,770	26,220	2,977E+1	2,977E+1	2,000E+3
220,561	30,600	26,310	2,977E+1	2,977E+1	2,000E+3
220,761	30,600	26,310	3,060E+1	3,060E+1	2,000E+3
220,961	30,600	26,310	3,060E+1	3,060E+1	2,000E+3
221,161	30,600	26,310	3,060E+1	3,060E+1	2,000E+3
221,361	30,600	26,310	3,060E+1	3,060E+1	2,000E+3
221,562	30,480	26,230	3,060E+1	3,060E+1	2,000E+3
221,762	30,480	26,230	3,048E+1	3,048E+1	2,000E+3
221,963	30,480	26,230	3,048E+1	3,048E+1	2,000E+3
222,165	30,480	26,230	3,048E+1	3,048E+1	2,000E+3
222,365	30,480	26,230	3,048E+1	3,048E+1	2,000E+3
222,565	31,180	26,230	3,048E+1	2,629E+1	2,000E+3
222,765	31,180	26,230	3,048E+1	2,629E+1	2,000E+3
222,965	31,180	26,230	3,029E+1	3,029E+1	2,000E+3
223,165	31,180	26,230	3,029E+1	3,029E+1	2,000E+3
223,366	31,180	26,230	3,118E+1	3,118E+1	2,000E+3
223,566	31,180	26,230	3,118E+1	3,118E+1	2,000E+3
223,766	31,180	26,230	3,118E+1	3,118E+1	2,000E+3
223,965	31,180	26,230	3,118E+1	3,118E+1	2,000E+3
224,166	31,180	26,230	3,118E+1	3,118E+1	2,000E+3
224,366	29,220	26,200	3,118E+1	3,118E+1	2,000E+3
224,566	29,220	26,200	3,118E+1	3,118E+1	2,000E+3
224,766	29,220	26,200	2,922E+1	2,922E+1	2,000E+3
224,966	29,220	26,200	2,922E+1	2,922E+1	2,000E+3
225,165	29,220	26,200	2,922E+1	2,922E+1	2,000E+3
225,366	30,480	26,250	2,922E+1	2,922E+1	2,000E+3
225,567	30,480	26,250	2,922E+1	2,922E+1	2,000E+3
225,767	30,480	26,250	3,048E+1	3,048E+1	2,000E+3
225,967	30,480	26,250	3,048E+1	3,048E+1	2,000E+3
226,168	30,480	26,250	3,048E+1	3,048E+1	2,000E+3
226,369	30,480	26,250	3,048E+1	3,048E+1	2,000E+3
226,570	30,810	26,240	3,048E+1	3,048E+1	2,000E+3
226,769	30,810	26,240	3,048E+1	3,048E+1	2,000E+3
226,969	30,810	26,240	3,081E+1	3,081E+1	2,000E+3
227,170	26,580	22,240	3,081E+1	3,081E+1	2,000E+3
227,371	26,580	22,240	3,081E+1	3,081E+1	2,000E+3
227,571	26,580	22,240	2,658E+1	2,658E+1	2,000E+3
227,771	26,580	22,240	2,658E+1	2,658E+1	2,000E+3
227,972	26,580	22,240	2,658E+1	2,658E+1	2,000E+3
228,171	26,580	22,240	2,658E+1	2,658E+1	2,000E+3
228,372	24,040	20,120	2,658E+1	2,423E+1	2,000E+3
228,572	24,040	20,120	2,658E+1	2,423E+1	2,000E+3
228,773	24,040	20,120	2,829E+1	2,829E+1	2,000E+3
228,973	24,040	20,120	2,829E+1	2,829E+1	2,000E+3
229,174	24,040	20,120	2,404E+1	2,404E+1	2,000E+3
229,376	24,040	20,120	2,404E+1	2,404E+1	2,000E+3
229,576	24,040	20,120	2,404E+1	2,404E+1	2,000E+3
229,776	24,040	20,120	2,404E+1	2,404E+1	2,000E+3
229,975	24,040	20,120	2,404E+1	2,404E+1	2,000E+3
230,176	24,040	20,120	2,404E+1	2,404E+1	2,000E+3
230,376	23,480	20,080	2,404E+1	2,404E+1	2,000E+3
230,577	23,480	20,080	2,348E+1	2,348E+1	2,000E+3
230,778	23,480	20,080	2,348E+1	2,348E+1	2,000E+3
230,978	23,480	20,080	2,348E+1	2,348E+1	2,000E+3
231,178	23,480	20,080	2,348E+1	2,348E+1	2,000E+3
231,378	24,430	20,170	2,348E+1	2,348E+1	2,000E+3
231,578	24,430	20,170	2,348E+1	2,348E+1	2,000E+3
231,778	24,430	20,170	2,443E+1	2,443E+1	2,000E+3
231,978	24,430	20,170	2,443E+1	2,443E+1	2,000E+3
232,178	23,790	20,020	2,443E+1	2,443E+1	2,000E+3
232,378	23,790	20,020	2,379E+1	2,379E+1	2,000E+3
232,577	23,790	20,020	2,379E+1	2,379E+1	2,000E+3
232,777	23,790	20,020	2,379E+1	2,379E+1	2,000E+3
232,978	23,790	20,020	2,379E+1	2,379E+1	2,000E+3
233,179	23,820	20,090	2,379E+1	2,379E+1	2,000E+3
233,379	23,820	20,090	2,382E+1	2,382E+1	2,000E+3
233,579	23,820	20,090	2,382E+1	2,382E+1	2,000E+3
233,778	23,820	20,090	2,382E+1	2,382E+1	2,000E+3
233,979	23,820	20,090	2,382E+1	2,382E+1	2,000E+3
234,179	24,310	20,060	2,382E+1	2,011E+1	2,000E+3
234,381	24,310	20,060	2,382E+1	2,011E+1	2,000E+3
234,581	24,310	20,060	2,386E+1	2,386E+1	2,000E+3
234,781	24,310	20,060	2,386E+1	2,386E+1	2,000E+3
234,981	24,310	20,060	2,431E+1	2,431E+1	2,000E+3
235,181	24,310	20,060	2,431E+1	2,431E+1	2,000E+3
235,384	24,310	20,060	2,431E+1	2,431E+1	2,000E+3
235,585	24,310	20,060	2,431E+1	2,431E+1	2,000E+3
235,785	24,310	20,060	2,431E+1	2,431E+1	2,000E+3
235,985	24,080	20,070	2,431E+1	2,431E+1	2,000E+3
236,186	24,080	20,070	2,431E+1	2,431E+1	2,000E+3
236,385	24,080	20,070	2,408E+1	2,408E+1	2,000E+3
236,586	24,080	20,070	2,408E+1	2,408E+1	2,000E+3
236,788	24,080	20,070	2,408E+1	2,408E+1	2,000E+3
236,987	23,360	19,990	2,408E+1	2,408E+1	2,000E+3
237,188	23,360	19,990	2,408E+1	2,408E+1	2,000E+3
237,389	23,360	19,990	2,336E+1	2,336E+1	2,000E+3
237,589	23,360	19,990	2,336E+1	2,336E+1	2,000E+3
237,789	23,360	19,990	2,336E+1	2,336E+1	2,000E+3
237,990	24,250	20,100	2,336E+1	2,336E+1	2,000E+3
238,190	24,250	20,100	2,336E+1	2,336E+1	2,000E+3
238,391	24,250	20,100	2,425E+1	2,425E+1	2,000E+3
238,592	24,250	20,100	2,425E+1	2,425E+1	2,000E+3
238,792	24,250	20,100	2,425E+1	2,425E+1	2,000E+3
238,993	24,010	20,010	2,425E+1	2,425E+1	2,000E+3
239,193	24,010	20,010	2,425E+1	2,425E+1	2,000E+3
239,393	24,010	20,010	2,401E+1	2,401E+1	2,000E+3
239,593	24,010	20,010	2,401E+1	2,401E+1	2,000E+3
239,792	24,010	20,010	2,401E+1	2,401E+1	2,000E+3
239,993	23,080	20,110	2,401E+1	2,008E+1	2,000E+3
240,192	23,080	20,110	2,401E+1	2,008E+1	2,000E+3
240,393	23,080	20,110	2,401E+1	2,008E+1	2,000E+3
240,594	23,080	20,110	2,392E+1	2,392E+1	2,000E+3
240,794	23,080	20,110	2,308E+1	2,308E+1	2,000E+3
240,994	23,080	20,110	2,308E+1	2,308E+1	2,000E+3
241,194	23,080	20,110	2,308E+1	2,308E+1	2,000E+3
241,394	23,080	20,110	2,308E+1	2,308E+1	2,000E+3
