t	PV [ºC]	SP [ºC]	MV[A]
0,000	64,579	68,000	3,200E-1
0,000	64,579	68,000	3,200E-1
0,000	64,579	68,000	3,200E-1
2,140	64,461	68,000	3,200E-1
2,140	64,461	68,000	3,200E-1
4,307	64,476	68,000	3,200E-1
4,307	64,476	68,000	3,200E-1
6,474	64,466	68,000	3,200E-1
6,474	64,466	68,000	3,200E-1
8,641	64,476	68,000	3,200E-1
8,641	64,476	68,000	3,200E-1
10,808	64,466	68,000	3,200E-1
10,808	64,466	68,000	3,200E-1
12,977	64,468	68,000	3,200E-1
12,977	64,468	68,000	3,200E-1
12,977	64,468	68,000	3,200E-1
15,142	64,446	68,000	3,200E-1
15,142	64,446	68,000	3,200E-1
17,311	64,431	68,000	3,200E-1
17,311	64,431	68,000	3,200E-1
19,476	64,409	68,000	3,200E-1
19,476	64,409	68,000	3,200E-1
21,645	64,421	68,000	3,200E-1
21,645	64,421	68,000	3,200E-1
23,812	64,456	68,000	3,200E-1
23,812	64,456	68,000	3,200E-1
25,979	64,432	68,000	3,200E-1
25,979	64,432	68,000	3,200E-1
25,979	64,432	68,000	3,200E-1
28,146	64,454	68,000	3,200E-1
28,146	64,454	68,000	3,200E-1
30,315	64,402	68,000	3,200E-1
30,315	64,402	68,000	3,200E-1
32,482	64,439	68,000	3,200E-1
32,482	64,439	68,000	3,200E-1
34,651	64,439	68,000	3,200E-1
34,651	64,439	68,000	3,200E-1
36,816	64,429	68,000	3,200E-1
36,816	64,429	68,000	3,200E-1
38,981	64,417	68,000	3,200E-1
38,981	64,417	68,000	3,200E-1
38,981	64,417	68,000	3,200E-1
41,149	64,363	68,000	3,200E-1
41,149	64,363	68,000	3,200E-1
43,316	64,340	68,000	3,200E-1
43,316	64,340	68,000	3,200E-1
45,485	64,377	68,000	3,200E-1
45,485	64,377	68,000	3,200E-1
47,654	64,356	68,000	3,200E-1
47,654	64,356	68,000	3,200E-1
49,819	64,351	68,000	3,200E-1
49,819	64,351	68,000	3,200E-1
51,986	64,362	68,000	3,200E-1
51,986	64,362	68,000	3,200E-1
51,986	64,362	68,000	3,200E-1
54,149	64,375	68,000	3,200E-1
54,149	64,375	68,000	3,200E-1
56,316	64,338	68,000	3,200E-1
56,316	64,338	68,000	3,200E-1
58,481	64,353	68,000	3,200E-1
58,481	64,353	68,000	3,200E-1
60,648	64,345	68,000	3,200E-1
60,648	64,345	68,000	3,200E-1
62,811	64,345	68,000	3,200E-1
62,811	64,345	68,000	3,200E-1
64,980	64,309	68,000	3,200E-1
64,980	64,309	68,000	3,200E-1
64,980	64,309	68,000	3,200E-1
67,145	64,269	68,000	3,200E-1
67,145	64,269	68,000	3,200E-1
69,314	64,282	68,000	3,200E-1
69,314	64,282	68,000	3,200E-1
71,482	64,311	68,000	3,200E-1
71,482	64,311	68,000	3,200E-1
73,649	64,286	68,000	3,200E-1
73,649	64,286	68,000	3,200E-1
75,816	64,259	68,000	3,200E-1
75,816	64,259	68,000	3,200E-1
77,983	64,259	68,000	3,200E-1
77,983	64,259	68,000	3,200E-1
77,983	64,259	68,000	3,200E-1
80,149	64,247	68,000	3,200E-1
80,149	64,247	68,000	3,200E-1
82,319	64,299	68,000	3,200E-1
82,319	64,299	68,000	3,200E-1
84,482	64,237	68,000	3,200E-1
84,482	64,237	68,000	3,200E-1
86,653	64,218	68,000	3,200E-1
86,653	64,218	68,000	3,200E-1
88,820	64,203	68,000	3,200E-1
88,820	64,203	68,000	3,200E-1
90,989	64,220	68,000	3,200E-1
90,989	64,220	68,000	3,200E-1
90,989	64,220	68,000	3,200E-1
93,156	64,228	68,000	3,200E-1
93,156	64,228	68,000	3,200E-1
95,325	64,272	68,000	3,200E-1
95,325	64,272	68,000	3,200E-1
97,492	64,208	68,000	3,200E-1
97,492	64,208	68,000	3,200E-1
99,659	64,240	68,000	3,200E-1
99,659	64,240	68,000	3,200E-1
101,822	64,210	68,000	3,200E-1
101,822	64,210	68,000	3,200E-1
103,987	64,237	68,000	3,200E-1
103,987	64,237	68,000	3,200E-1
103,987	64,237	68,000	3,200E-1
106,154	64,223	68,000	3,200E-1
106,154	64,223	68,000	3,200E-1
108,321	64,173	68,000	3,200E-1
108,321	64,173	68,000	3,200E-1
110,488	64,164	68,000	3,200E-1
110,488	64,164	68,000	3,200E-1
112,655	64,203	68,000	3,200E-1
112,655	64,203	68,000	3,200E-1
114,821	64,208	68,000	3,200E-1
114,821	64,208	68,000	3,200E-1
116,988	64,181	68,000	3,200E-1
116,988	64,181	68,000	3,200E-1
116,988	64,181	68,000	3,200E-1
119,153	64,218	68,000	3,200E-1
119,153	64,218	68,000	3,200E-1
121,320	64,225	68,000	3,200E-1
121,320	64,225	68,000	3,200E-1
123,485	64,247	68,000	3,200E-1
123,485	64,247	68,000	3,200E-1
125,652	64,230	68,000	3,200E-1
125,652	64,230	68,000	3,200E-1
127,817	64,223	68,000	3,200E-1
127,817	64,223	68,000	3,200E-1
129,984	64,205	68,000	3,200E-1
129,984	64,205	68,000	3,200E-1
129,984	64,205	68,000	3,200E-1
132,149	64,210	68,000	3,200E-1
132,149	64,210	68,000	3,200E-1
134,316	64,220	68,000	3,200E-1
134,316	64,220	68,000	3,200E-1
136,481	64,247	68,000	3,200E-1
136,481	64,247	68,000	3,200E-1
138,650	64,230	68,000	3,200E-1
138,650	64,230	68,000	3,200E-1
140,815	64,200	68,000	3,200E-1
140,815	64,200	68,000	3,200E-1
142,982	64,277	68,000	3,200E-1
142,982	64,277	68,000	3,200E-1
142,982	64,277	68,000	3,200E-1
145,147	64,299	68,000	3,200E-1
145,147	64,299	68,000	3,200E-1
147,315	64,233	68,000	3,200E-1
147,315	64,233	68,000	3,200E-1
149,482	64,223	68,000	3,200E-1
149,482	64,223	68,000	3,200E-1
151,651	64,178	68,000	3,200E-1
151,651	64,178	68,000	3,200E-1
153,816	64,178	68,000	3,200E-1
153,816	64,178	68,000	3,200E-1
155,983	64,141	68,000	3,200E-1
155,983	64,141	68,000	3,200E-1
155,983	64,141	68,000	3,200E-1
158,150	64,198	68,000	3,200E-1
158,150	64,198	68,000	3,200E-1
160,317	64,166	68,000	3,200E-1
160,317	64,166	68,000	3,200E-1
162,482	64,186	68,000	3,200E-1
162,482	64,186	68,000	3,200E-1
164,649	64,230	68,000	3,200E-1
164,649	64,230	68,000	3,200E-1
166,816	64,255	68,000	3,200E-1
166,816	64,255	68,000	3,200E-1
168,981	64,218	68,000	3,200E-1
168,981	64,218	68,000	3,200E-1
168,981	64,218	68,000	3,200E-1
171,148	64,171	68,000	3,200E-1
171,148	64,171	68,000	3,200E-1
173,317	64,196	68,000	3,200E-1
173,317	64,196	68,000	3,200E-1
175,486	64,215	68,000	3,200E-1
175,486	64,215	68,000	3,200E-1
177,655	64,232	68,000	3,200E-1
177,655	64,232	68,000	3,200E-1
179,824	64,220	68,000	3,200E-1
179,824	64,220	68,000	3,200E-1
181,991	64,218	68,000	3,200E-1
181,991	64,218	68,000	3,200E-1
181,991	64,218	68,000	3,200E-1
184,158	64,235	68,000	3,200E-1
184,158	64,235	68,000	3,200E-1
186,323	64,213	68,000	3,200E-1
186,323	64,213	68,000	3,200E-1
188,489	64,154	68,000	3,200E-1
188,489	64,154	68,000	3,200E-1
190,658	64,196	68,000	3,200E-1
190,658	64,196	68,000	3,200E-1
192,821	64,193	68,000	3,200E-1
192,821	64,193	68,000	3,200E-1
194,988	64,213	68,000	3,200E-1
194,988	64,213	68,000	3,200E-1
194,988	64,213	68,000	3,200E-1
197,155	64,191	68,000	3,200E-1
197,155	64,191	68,000	3,200E-1
199,320	64,230	68,000	3,200E-1
199,320	64,230	68,000	3,200E-1
201,485	64,247	68,000	3,200E-1
201,485	64,247	68,000	3,200E-1
203,650	64,205	68,000	3,200E-1
203,650	64,205	68,000	3,200E-1
205,815	64,203	68,000	3,200E-1
205,815	64,203	68,000	3,200E-1
207,984	64,193	68,000	3,200E-1
207,984	64,193	68,000	3,200E-1
207,984	64,193	68,000	3,200E-1
210,151	64,215	68,000	3,200E-1
210,151	64,215	68,000	3,200E-1
212,318	64,215	68,000	3,200E-1
212,318	64,215	68,000	3,200E-1
214,481	64,171	68,000	3,200E-1
214,481	64,171	68,000	3,200E-1
216,652	64,205	68,000	3,200E-1
216,652	64,205	68,000	3,200E-1
218,819	64,227	68,000	3,200E-1
218,819	64,227	68,000	3,200E-1
220,986	64,247	68,000	3,200E-1
220,986	64,247	68,000	3,200E-1
220,986	64,247	68,000	3,200E-1
223,151	64,181	68,000	3,200E-1
223,151	64,181	68,000	3,200E-1
225,321	64,200	68,000	3,200E-1
225,321	64,200	68,000	3,200E-1
227,486	64,200	68,000	3,200E-1
227,486	64,200	68,000	3,200E-1
229,653	64,195	68,000	3,200E-1
229,653	64,195	68,000	3,200E-1
231,818	64,279	68,000	3,200E-1
231,818	64,279	68,000	3,200E-1
233,983	64,259	68,000	3,200E-1
233,983	64,259	68,000	3,200E-1
233,983	64,259	68,000	3,200E-1
236,150	64,250	68,000	3,200E-1
236,150	64,250	68,000	3,200E-1
238,317	64,245	68,000	3,200E-1
238,317	64,245	68,000	3,200E-1
240,482	64,217	68,000	3,200E-1
240,482	64,217	68,000	3,200E-1
242,651	64,232	68,000	3,200E-1
242,651	64,232	68,000	3,200E-1
244,817	64,215	68,000	3,200E-1
244,817	64,215	68,000	3,200E-1
246,985	64,245	68,000	3,200E-1
246,985	64,245	68,000	3,200E-1
246,985	64,245	68,000	3,200E-1
249,150	64,257	68,000	3,200E-1
249,150	64,257	68,000	3,200E-1
251,319	64,267	68,000	3,200E-1
251,319	64,267	68,000	3,200E-1
253,485	64,210	68,000	3,200E-1
253,485	64,210	68,000	3,200E-1
255,653	64,203	68,000	3,200E-1
255,653	64,203	68,000	3,200E-1
257,819	64,153	68,000	3,200E-1
257,819	64,153	68,000	3,200E-1
260,062	64,232	68,000	3,200E-1
260,062	64,232	68,000	3,200E-1
260,062	64,232	68,000	3,200E-1
262,301	64,227	68,000	3,200E-1
262,301	64,227	68,000	3,200E-1
264,544	64,208	68,000	3,200E-1
264,544	64,208	68,000	3,200E-1
266,781	64,250	68,000	3,200E-1
266,781	64,250	68,000	3,200E-1
269,023	64,299	68,000	3,200E-1
269,023	64,299	68,000	3,200E-1
269,023	64,299	68,000	3,200E-1
271,266	64,269	68,000	3,200E-1
271,266	64,269	68,000	3,200E-1
273,505	64,259	68,000	3,200E-1
273,505	64,259	68,000	3,200E-1
275,746	64,226	68,000	3,200E-1
275,746	64,226	68,000	3,200E-1
277,987	64,226	68,000	3,200E-1
277,987	64,226	68,000	3,200E-1
277,987	64,226	68,000	3,200E-1
280,228	64,248	68,000	3,200E-1
280,228	64,248	68,000	3,200E-1
282,467	64,240	68,000	3,200E-1
282,467	64,240	68,000	3,200E-1
284,708	64,260	68,000	3,200E-1
284,708	64,260	68,000	3,200E-1
286,948	64,276	68,000	3,200E-1
286,948	64,276	68,000	3,200E-1
286,948	64,276	68,000	3,200E-1
289,189	64,306	68,000	3,200E-1
289,189	64,306	68,000	3,200E-1
291,430	64,296	68,000	3,200E-1
291,430	64,296	68,000	3,200E-1
293,669	64,284	68,000	3,200E-1
293,669	64,284	68,000	3,200E-1
295,910	64,272	68,000	3,200E-1
295,910	64,272	68,000	3,200E-1
295,910	64,272	68,000	3,200E-1
298,149	64,335	68,000	3,200E-1
298,149	64,335	68,000	3,200E-1
300,392	64,267	68,000	3,200E-1
300,392	64,267	68,000	3,200E-1
302,634	64,281	68,000	3,200E-1
302,634	64,281	68,000	3,200E-1
304,873	64,277	68,000	3,200E-1
304,873	64,277	68,000	3,200E-1
307,114	64,274	68,000	3,200E-1
307,114	64,274	68,000	3,200E-1
307,114	64,274	68,000	3,200E-1
309,357	64,304	68,000	3,200E-1
309,357	64,304	68,000	3,200E-1
311,598	64,314	68,000	3,200E-1
311,598	64,314	68,000	3,200E-1
313,840	64,270	68,000	3,200E-1
313,840	64,270	68,000	3,200E-1
316,079	64,274	68,000	3,200E-1
316,079	64,274	68,000	3,200E-1
316,079	64,274	68,000	3,200E-1
318,322	64,282	68,000	3,200E-1
318,322	64,282	68,000	3,200E-1
320,563	64,279	68,000	3,200E-1
320,563	64,279	68,000	3,200E-1
322,806	64,301	68,000	3,200E-1
322,806	64,301	68,000	3,200E-1
325,047	64,301	68,000	3,200E-1
325,047	64,301	68,000	3,200E-1
325,047	64,301	68,000	3,200E-1
327,288	64,289	68,000	3,200E-1
327,288	64,289	68,000	3,200E-1
329,528	64,295	68,000	3,200E-1
329,528	64,295	68,000	3,200E-1
331,769	64,320	68,000	3,200E-1
331,769	64,320	68,000	3,200E-1
334,010	64,356	68,000	3,200E-1
334,010	64,356	68,000	3,200E-1
334,010	64,356	68,000	3,200E-1
336,253	64,358	68,000	3,200E-1
336,253	64,358	68,000	3,200E-1
338,494	64,377	68,000	3,200E-1
338,494	64,377	68,000	3,200E-1
340,738	64,376	68,000	3,200E-1
340,738	64,376	68,000	3,200E-1
342,977	64,354	68,000	3,200E-1
342,977	64,354	68,000	3,200E-1
342,977	64,354	68,000	3,200E-1
345,220	64,338	68,000	3,200E-1
345,220	64,338	68,000	3,200E-1
347,461	64,346	68,000	3,200E-1
347,461	64,346	68,000	3,200E-1
349,700	64,429	68,000	3,200E-1
349,700	64,429	68,000	3,200E-1
351,939	64,358	68,000	3,200E-1
351,939	64,358	68,000	3,200E-1
351,939	64,358	68,000	3,200E-1
354,177	64,368	68,000	3,200E-1
354,177	64,368	68,000	3,200E-1
356,418	64,444	68,000	3,200E-1
356,418	64,444	68,000	3,200E-1
358,659	64,373	68,000	3,200E-1
358,659	64,373	68,000	3,200E-1
360,902	64,381	68,000	3,200E-1
360,902	64,381	68,000	3,200E-1
363,141	64,368	68,000	3,200E-1
363,141	64,368	68,000	3,200E-1
363,141	64,368	68,000	3,200E-1
365,384	64,372	68,000	3,200E-1
365,384	64,372	68,000	3,200E-1
367,624	64,377	68,000	3,200E-1
367,624	64,377	68,000	3,200E-1
369,865	64,422	68,000	3,200E-1
369,865	64,422	68,000	3,200E-1
372,106	64,415	68,000	3,200E-1
372,106	64,415	68,000	3,200E-1
372,106	64,415	68,000	3,200E-1
374,347	64,455	68,000	3,200E-1
374,347	64,455	68,000	3,200E-1
376,588	64,404	68,000	3,200E-1
376,588	64,404	68,000	3,200E-1
378,826	64,423	68,000	3,200E-1
378,826	64,423	68,000	3,200E-1
381,069	64,419	68,000	3,200E-1
381,069	64,419	68,000	3,200E-1
381,069	64,419	68,000	3,200E-1
383,310	64,442	68,000	3,200E-1
383,310	64,442	68,000	3,200E-1
385,547	64,461	68,000	3,200E-1
385,547	64,461	68,000	3,200E-1
387,788	64,424	68,000	3,200E-1
387,788	64,424	68,000	3,200E-1
390,028	64,454	68,000	3,200E-1
390,028	64,454	68,000	3,200E-1
390,028	64,454	68,000	3,200E-1
392,267	64,469	68,000	3,200E-1
392,267	64,469	68,000	3,200E-1
394,508	64,429	68,000	3,200E-1
394,508	64,429	68,000	3,200E-1
396,751	64,503	68,000	3,200E-1
396,751	64,503	68,000	3,200E-1
398,990	64,483	68,000	3,200E-1
398,990	64,483	68,000	3,200E-1
398,990	64,483	68,000	3,200E-1
401,231	64,496	68,000	3,200E-1
401,231	64,496	68,000	3,200E-1
403,472	64,474	68,000	3,200E-1
403,472	64,474	68,000	3,200E-1
405,713	64,518	68,000	3,200E-1
405,713	64,518	68,000	3,200E-1
407,957	64,537	68,000	3,200E-1
407,957	64,537	68,000	3,200E-1
407,957	64,537	68,000	3,200E-1
410,200	64,535	68,000	3,200E-1
410,200	64,535	68,000	3,200E-1
412,441	64,503	68,000	3,200E-1
412,441	64,503	68,000	3,200E-1
414,680	64,465	68,000	3,200E-1
414,680	64,465	68,000	3,200E-1
416,921	64,510	68,000	3,200E-1
416,921	64,510	68,000	3,200E-1
419,162	64,538	68,000	3,200E-1
419,162	64,538	68,000	3,200E-1
419,162	64,538	68,000	3,200E-1
421,403	64,518	68,000	3,200E-1
421,403	64,518	68,000	3,200E-1
423,643	64,574	68,000	3,200E-1
423,643	64,574	68,000	3,200E-1
425,886	64,582	68,000	3,200E-1
425,886	64,582	68,000	3,200E-1
428,127	64,599	68,000	3,200E-1
428,127	64,599	68,000	3,200E-1
428,127	64,599	68,000	3,200E-1
430,366	64,584	68,000	3,200E-1
430,366	64,584	68,000	3,200E-1
432,609	64,614	68,000	3,200E-1
432,609	64,614	68,000	3,200E-1
434,850	64,606	68,000	3,200E-1
434,850	64,606	68,000	3,200E-1
437,089	64,594	68,000	3,200E-1
437,089	64,594	68,000	3,200E-1
437,089	64,594	68,000	3,200E-1
439,329	64,628	68,000	3,200E-1
439,329	64,628	68,000	3,200E-1
441,570	64,611	68,000	3,200E-1
441,570	64,611	68,000	3,200E-1
443,811	64,589	68,000	3,200E-1
443,811	64,589	68,000	3,200E-1
446,050	64,648	68,000	3,200E-1
446,050	64,648	68,000	3,200E-1
446,050	64,648	68,000	3,200E-1
448,293	64,626	68,000	3,200E-1
448,293	64,626	68,000	3,200E-1
450,534	64,668	68,000	3,200E-1
450,534	64,668	68,000	3,200E-1
452,774	64,653	68,000	3,200E-1
452,774	64,653	68,000	3,200E-1
455,015	64,653	68,000	3,200E-1
455,015	64,653	68,000	3,200E-1
455,015	64,653	68,000	3,200E-1
457,256	64,707	68,000	3,200E-1
457,256	64,707	68,000	3,200E-1
459,497	64,730	68,000	3,200E-1
459,497	64,730	68,000	3,200E-1
461,734	64,719	68,000	3,200E-1
461,734	64,719	68,000	3,200E-1
463,977	64,764	68,000	3,200E-1
463,977	64,764	68,000	3,200E-1
463,977	64,764	68,000	3,200E-1
466,216	64,744	68,000	3,200E-1
466,216	64,744	68,000	3,200E-1
468,457	64,717	68,000	3,200E-1
468,457	64,717	68,000	3,200E-1
470,699	64,766	68,000	3,200E-1
470,699	64,766	68,000	3,200E-1
472,940	64,734	68,000	3,200E-1
472,940	64,734	68,000	3,200E-1
475,181	64,764	68,000	3,200E-1
475,181	64,764	68,000	3,200E-1
475,181	64,764	68,000	3,200E-1
477,420	64,739	68,000	3,200E-1
477,420	64,739	68,000	3,200E-1
479,663	64,762	68,000	3,200E-1
479,663	64,762	68,000	3,200E-1
481,905	64,784	68,000	3,200E-1
481,905	64,784	68,000	3,200E-1
484,144	64,771	68,000	3,200E-1
484,144	64,771	68,000	3,200E-1
484,144	64,771	68,000	3,200E-1
486,385	64,785	68,000	3,200E-1
486,385	64,785	68,000	3,200E-1
488,626	64,780	68,000	3,200E-1
488,626	64,780	68,000	3,200E-1
490,865	64,803	68,000	3,200E-1
490,865	64,803	68,000	3,200E-1
493,106	64,720	68,000	3,200E-1
493,106	64,720	68,000	3,200E-1
493,106	64,720	68,000	3,200E-1
495,350	64,720	68,000	3,200E-1
495,350	64,720	68,000	3,200E-1
497,589	64,734	68,000	3,200E-1
497,589	64,734	68,000	3,200E-1
499,830	64,754	68,000	3,200E-1
499,830	64,754	68,000	3,200E-1
502,071	64,801	68,000	3,200E-1
502,071	64,801	68,000	3,200E-1
502,071	64,801	68,000	3,200E-1
504,312	64,801	68,000	3,200E-1
504,312	64,801	68,000	3,200E-1
506,553	64,807	68,000	3,200E-1
506,553	64,807	68,000	3,200E-1
508,794	64,820	68,000	3,200E-1
508,794	64,820	68,000	3,200E-1
511,038	64,827	68,000	3,200E-1
511,038	64,827	68,000	3,200E-1
511,038	64,827	68,000	3,200E-1
513,277	64,825	68,000	3,200E-1
513,277	64,825	68,000	3,200E-1
515,518	64,876	68,000	3,200E-1
515,518	64,876	68,000	3,200E-1
517,759	64,901	68,000	3,200E-1
517,759	64,901	68,000	3,200E-1
520,000	64,842	68,000	3,200E-1
520,000	64,842	68,000	3,200E-1
520,000	64,842	68,000	3,200E-1
522,241	64,911	68,000	3,200E-1
522,241	64,911	68,000	3,200E-1
524,481	64,908	68,000	3,200E-1
524,481	64,908	68,000	3,200E-1
526,718	64,891	68,000	3,200E-1
526,718	64,891	68,000	3,200E-1
528,959	64,906	68,000	3,200E-1
528,959	64,906	68,000	3,200E-1
531,200	64,827	68,000	3,200E-1
531,200	64,827	68,000	3,200E-1
531,200	64,827	68,000	3,200E-1
533,439	64,894	68,000	3,200E-1
533,439	64,894	68,000	3,200E-1
535,678	64,931	68,000	3,200E-1
535,678	64,931	68,000	3,200E-1
537,920	64,928	68,000	3,200E-1
537,920	64,928	68,000	3,200E-1
540,159	64,906	68,000	3,200E-1
540,159	64,906	68,000	3,200E-1
540,159	64,906	68,000	3,200E-1
542,398	64,913	68,000	3,200E-1
542,398	64,913	68,000	3,200E-1
544,639	64,997	68,000	3,200E-1
544,639	64,997	68,000	3,200E-1
546,882	64,906	68,000	3,200E-1
546,882	64,906	68,000	3,200E-1
549,123	64,901	68,000	3,200E-1
549,123	64,901	68,000	3,200E-1
549,123	64,901	68,000	3,200E-1
551,364	65,000	68,000	3,200E-1
551,364	65,000	68,000	3,200E-1
553,604	64,970	68,000	3,200E-1
553,604	64,970	68,000	3,200E-1
555,845	64,973	68,000	3,200E-1
555,845	64,973	68,000	3,200E-1
558,086	64,958	68,000	3,200E-1
558,086	64,958	68,000	3,200E-1
558,086	64,958	68,000	3,200E-1
560,327	64,949	68,000	3,200E-1
560,327	64,949	68,000	3,200E-1
562,568	65,022	68,000	3,200E-1
562,568	65,022	68,000	3,200E-1
564,803	65,019	68,000	3,200E-1
564,803	65,019	68,000	3,200E-1
567,044	65,009	68,000	3,200E-1
567,044	65,009	68,000	3,200E-1
567,044	65,009	68,000	3,200E-1
569,283	65,064	68,000	3,200E-1
569,283	65,064	68,000	3,200E-1
571,525	65,091	68,000	3,200E-1
571,525	65,091	68,000	3,200E-1
573,770	65,073	68,000	3,200E-1
573,770	65,073	68,000	3,200E-1
576,007	65,123	68,000	3,200E-1
576,007	65,123	68,000	3,200E-1
576,007	65,123	68,000	3,200E-1
578,250	65,085	68,000	3,200E-1
578,250	65,085	68,000	3,200E-1
580,489	65,067	68,000	3,200E-1
580,489	65,067	68,000	3,200E-1
582,732	65,132	68,000	3,200E-1
582,732	65,132	68,000	3,200E-1
584,972	65,086	68,000	3,200E-1
584,972	65,086	68,000	3,200E-1
584,972	65,086	68,000	3,200E-1
587,213	65,115	68,000	3,200E-1
587,213	65,115	68,000	3,200E-1
589,454	65,081	68,000	3,200E-1
589,454	65,081	68,000	3,200E-1
591,695	65,078	68,000	3,200E-1
591,695	65,078	68,000	3,200E-1
593,936	65,088	68,000	3,200E-1
593,936	65,088	68,000	3,200E-1
596,179	65,105	68,000	3,200E-1
596,179	65,105	68,000	3,200E-1
596,179	65,105	68,000	3,200E-1
598,421	65,167	68,000	3,200E-1
598,421	65,167	68,000	3,200E-1
600,660	65,123	68,000	3,200E-1
600,660	65,123	68,000	3,200E-1
602,901	65,163	68,000	3,200E-1
602,901	65,163	68,000	3,200E-1
605,140	65,206	68,000	3,200E-1
605,140	65,206	68,000	3,200E-1
605,140	65,206	68,000	3,200E-1
607,381	65,172	68,000	3,200E-1
607,381	65,172	68,000	3,200E-1
609,620	65,169	68,000	3,200E-1
609,620	65,169	68,000	3,200E-1
611,862	65,168	68,000	3,200E-1
611,862	65,168	68,000	3,200E-1
614,103	65,177	68,000	3,200E-1
614,103	65,177	68,000	3,200E-1
614,103	65,177	68,000	3,200E-1
616,342	65,159	68,000	3,200E-1
616,342	65,159	68,000	3,200E-1
618,583	65,191	68,000	3,200E-1
618,583	65,191	68,000	3,200E-1
620,822	65,186	68,000	3,200E-1
620,822	65,186	68,000	3,200E-1
623,064	65,170	68,000	3,200E-1
623,064	65,170	68,000	3,200E-1
623,064	65,170	68,000	3,200E-1
625,304	65,213	68,000	3,200E-1
625,304	65,213	68,000	3,200E-1
627,546	65,213	68,000	3,200E-1
627,546	65,213	68,000	3,200E-1
629,787	65,255	68,000	3,200E-1
629,787	65,255	68,000	3,200E-1
632,026	65,243	68,000	3,200E-1
632,026	65,243	68,000	3,200E-1
632,026	65,243	68,000	3,200E-1
634,267	65,236	68,000	3,200E-1
634,267	65,236	68,000	3,200E-1
636,506	65,238	68,000	3,200E-1
636,506	65,238	68,000	3,200E-1
638,748	65,231	68,000	3,200E-1
638,748	65,231	68,000	3,200E-1
640,987	65,232	68,000	3,200E-1
640,987	65,232	68,000	3,200E-1
640,987	65,232	68,000	3,200E-1
643,230	65,245	68,000	3,200E-1
643,230	65,245	68,000	3,200E-1
645,471	65,258	68,000	3,200E-1
645,471	65,258	68,000	3,200E-1
647,710	65,250	68,000	3,200E-1
647,710	65,250	68,000	3,200E-1
649,949	65,305	68,000	3,200E-1
649,949	65,305	68,000	3,200E-1
652,189	65,314	68,000	3,200E-1
652,189	65,314	68,000	3,200E-1
652,189	65,314	68,000	3,200E-1
654,432	65,304	68,000	3,200E-1
654,432	65,304	68,000	3,200E-1
656,673	65,329	68,000	3,200E-1
656,673	65,329	68,000	3,200E-1
658,916	65,341	68,000	3,200E-1
658,916	65,341	68,000	3,200E-1
661,156	65,341	68,000	3,200E-1
661,156	65,341	68,000	3,200E-1
661,156	65,341	68,000	3,200E-1
663,397	65,364	68,000	3,200E-1
663,397	65,364	68,000	3,200E-1
665,636	65,351	68,000	3,200E-1
665,636	65,351	68,000	3,200E-1
667,877	65,339	68,000	3,200E-1
667,877	65,339	68,000	3,200E-1
670,116	65,410	68,000	3,200E-1
670,116	65,410	68,000	3,200E-1
670,116	65,410	68,000	3,200E-1
672,357	65,349	68,000	3,200E-1
672,357	65,349	68,000	3,200E-1
674,598	65,369	68,000	3,200E-1
674,598	65,369	68,000	3,200E-1
676,837	65,374	68,000	3,200E-1
676,837	65,374	68,000	3,200E-1
679,079	65,351	68,000	3,200E-1
679,079	65,351	68,000	3,200E-1
679,079	65,351	68,000	3,200E-1
681,314	65,388	68,000	3,200E-1
681,314	65,388	68,000	3,200E-1
683,555	65,388	68,000	3,200E-1
683,555	65,388	68,000	3,200E-1
685,798	65,425	68,000	3,200E-1
685,798	65,425	68,000	3,200E-1
688,033	65,398	68,000	3,200E-1
688,033	65,398	68,000	3,200E-1
688,033	65,398	68,000	3,200E-1
690,274	65,428	68,000	3,200E-1
690,274	65,428	68,000	3,200E-1
692,514	65,438	68,000	3,200E-1
692,514	65,438	68,000	3,200E-1
694,757	65,428	68,000	3,200E-1
694,757	65,428	68,000	3,200E-1
696,994	65,494	68,000	3,200E-1
696,994	65,494	68,000	3,200E-1
699,237	65,477	68,000	3,200E-1
699,237	65,477	68,000	3,200E-1
699,237	65,477	68,000	3,200E-1
701,478	65,442	68,000	3,200E-1
701,478	65,442	68,000	3,200E-1
703,720	65,440	68,000	3,200E-1
703,720	65,440	68,000	3,200E-1
705,963	65,457	68,000	3,200E-1
705,963	65,457	68,000	3,200E-1
708,202	65,438	68,000	3,200E-1
708,202	65,438	68,000	3,200E-1
708,202	65,438	68,000	3,200E-1
710,445	65,433	68,000	3,200E-1
710,445	65,433	68,000	3,200E-1
712,684	65,462	68,000	3,200E-1
712,684	65,462	68,000	3,200E-1
714,925	65,460	68,000	3,200E-1
714,925	65,460	68,000	3,200E-1
717,168	65,482	68,000	3,200E-1
717,168	65,482	68,000	3,200E-1
717,168	65,482	68,000	3,200E-1
719,408	65,500	68,000	3,200E-1
719,408	65,500	68,000	3,200E-1
721,651	65,558	68,000	3,200E-1
721,651	65,558	68,000	3,200E-1
723,892	65,528	68,000	3,200E-1
723,892	65,528	68,000	3,200E-1
726,133	65,528	68,000	3,200E-1
726,133	65,528	68,000	3,200E-1
726,133	65,528	68,000	3,200E-1
728,374	65,583	68,000	3,200E-1
728,374	65,583	68,000	3,200E-1
730,617	65,585	68,000	3,200E-1
730,617	65,585	68,000	3,200E-1
732,859	65,590	68,000	3,200E-1
732,859	65,590	68,000	3,200E-1
735,100	65,642	68,000	3,200E-1
735,100	65,642	68,000	3,200E-1
735,100	65,642	68,000	3,200E-1
737,339	65,638	68,000	3,200E-1
737,339	65,638	68,000	3,200E-1
739,578	65,607	68,000	3,200E-1
739,578	65,607	68,000	3,200E-1
741,819	65,622	68,000	3,200E-1
741,819	65,622	68,000	3,200E-1
744,058	65,592	68,000	3,200E-1
744,058	65,592	68,000	3,200E-1
744,058	65,592	68,000	3,200E-1
746,301	65,634	68,000	3,200E-1
746,301	65,634	68,000	3,200E-1
748,543	65,602	68,000	3,200E-1
748,543	65,602	68,000	3,200E-1
750,784	65,632	68,000	3,200E-1
750,784	65,632	68,000	3,200E-1
753,021	65,644	68,000	3,200E-1
753,021	65,644	68,000	3,200E-1
755,262	65,619	68,000	3,200E-1
755,262	65,619	68,000	3,200E-1
755,262	65,619	68,000	3,200E-1
757,504	65,649	68,000	3,200E-1
757,504	65,649	68,000	3,200E-1
759,749	65,583	68,000	3,200E-1
759,749	65,583	68,000	3,200E-1
761,988	65,591	68,000	3,200E-1
761,988	65,591	68,000	3,200E-1
764,229	65,602	68,000	3,200E-1
764,229	65,602	68,000	3,200E-1
764,229	65,602	68,000	3,200E-1
766,470	65,617	68,000	3,200E-1
766,470	65,617	68,000	3,200E-1
768,710	65,586	68,000	3,200E-1
768,710	65,586	68,000	3,200E-1
770,953	65,610	68,000	3,200E-1
770,953	65,610	68,000	3,200E-1
773,196	65,633	68,000	3,200E-1
773,196	65,633	68,000	3,200E-1
773,196	65,633	68,000	3,200E-1
775,437	65,667	68,000	3,200E-1
775,437	65,667	68,000	3,200E-1
777,676	65,662	68,000	3,200E-1
777,676	65,662	68,000	3,200E-1
779,917	65,672	68,000	3,200E-1
779,917	65,672	68,000	3,200E-1
782,159	65,713	68,000	3,200E-1
782,159	65,713	68,000	3,200E-1
782,159	65,713	68,000	3,200E-1
784,400	65,747	68,000	3,200E-1
784,400	65,747	68,000	3,200E-1
786,641	65,730	68,000	3,200E-1
786,641	65,730	68,000	3,200E-1
788,880	65,720	68,000	3,200E-1
788,880	65,720	68,000	3,200E-1
791,119	65,696	68,000	3,200E-1
791,119	65,696	68,000	3,200E-1
791,119	65,696	68,000	3,200E-1
793,360	65,743	68,000	3,200E-1
793,360	65,743	68,000	3,200E-1
795,603	65,741	68,000	3,200E-1
795,603	65,741	68,000	3,200E-1
797,843	65,724	68,000	3,200E-1
797,843	65,724	68,000	3,200E-1
800,082	65,739	68,000	3,200E-1
800,082	65,739	68,000	3,200E-1
800,082	65,739	68,000	3,200E-1
802,325	65,761	68,000	3,200E-1
802,325	65,761	68,000	3,200E-1
804,566	65,788	68,000	3,200E-1
804,566	65,788	68,000	3,200E-1
806,807	65,794	68,000	3,200E-1
806,807	65,794	68,000	3,200E-1
809,048	65,793	68,000	3,200E-1
809,048	65,793	68,000	3,200E-1
809,048	65,793	68,000	3,200E-1
811,290	65,805	68,000	3,200E-1
811,290	65,805	68,000	3,200E-1
813,529	65,812	68,000	3,200E-1
813,529	65,812	68,000	3,200E-1
815,768	65,807	68,000	3,200E-1
815,768	65,807	68,000	3,200E-1
818,007	65,834	68,000	3,200E-1
818,007	65,834	68,000	3,200E-1
818,007	65,834	68,000	3,200E-1
820,320	65,849	68,000	3,200E-1
820,320	65,849	68,000	3,200E-1
822,636	65,844	68,000	3,200E-1
822,636	65,844	68,000	3,200E-1
824,951	65,852	68,000	3,200E-1
824,951	65,852	68,000	3,200E-1
827,264	65,817	68,000	3,200E-1
827,264	65,817	68,000	3,200E-1
827,264	65,817	68,000	3,200E-1
829,579	65,799	68,000	3,200E-1
829,579	65,799	68,000	3,200E-1
831,893	65,821	68,000	3,200E-1
831,893	65,821	68,000	3,200E-1
834,208	65,823	68,000	3,200E-1
834,208	65,823	68,000	3,200E-1
834,208	65,823	68,000	3,200E-1
836,523	65,806	68,000	3,200E-1
836,523	65,806	68,000	3,200E-1
838,836	65,843	68,000	3,200E-1
838,836	65,843	68,000	3,200E-1
841,152	65,843	68,000	3,200E-1
841,152	65,843	68,000	3,200E-1
841,152	65,843	68,000	3,200E-1
843,465	65,844	68,000	3,200E-1
843,465	65,844	68,000	3,200E-1
845,780	65,886	68,000	3,200E-1
845,780	65,886	68,000	3,200E-1
848,170	65,869	68,000	3,200E-1
848,170	65,869	68,000	3,200E-1
848,170	65,869	68,000	3,200E-1
850,559	65,881	68,000	3,200E-1
850,559	65,881	68,000	3,200E-1
852,948	65,889	68,000	3,200E-1
852,948	65,889	68,000	3,200E-1
852,948	65,889	68,000	3,200E-1
855,338	65,896	68,000	3,200E-1
855,338	65,896	68,000	3,200E-1
857,725	65,945	68,000	3,200E-1
857,725	65,945	68,000	3,200E-1
860,115	65,918	68,000	3,200E-1
860,115	65,918	68,000	3,200E-1
860,115	65,918	68,000	3,200E-1
862,504	65,903	68,000	3,200E-1
862,504	65,903	68,000	3,200E-1
864,893	65,928	68,000	3,200E-1
864,893	65,928	68,000	3,200E-1
867,283	65,908	68,000	3,200E-1
867,283	65,908	68,000	3,200E-1
867,283	65,908	68,000	3,200E-1
869,672	65,984	68,000	2,546E-1
869,672	65,984	68,000	2,546E-1
872,061	65,997	68,000	3,200E-1
872,061	65,997	68,000	3,200E-1
872,061	65,997	68,000	3,200E-1
874,448	65,955	68,000	3,200E-1
874,448	65,955	68,000	3,200E-1
876,840	65,925	68,000	3,200E-1
876,840	65,925	68,000	3,200E-1
879,227	65,940	68,000	3,200E-1
879,227	65,940	68,000	3,200E-1
879,227	65,940	68,000	3,200E-1
881,617	65,999	68,000	3,200E-1
881,617	65,999	68,000	3,200E-1
884,006	66,024	68,000	3,200E-1
884,006	66,024	68,000	3,200E-1
884,006	66,024	68,000	3,200E-1
886,395	66,007	68,000	3,200E-1
886,395	66,007	68,000	3,200E-1
888,785	66,021	68,000	3,200E-1
888,785	66,021	68,000	3,200E-1
891,172	66,000	68,000	3,200E-1
891,172	66,000	68,000	3,200E-1
891,172	66,000	68,000	3,200E-1
893,562	65,994	68,000	3,200E-1
893,562	65,994	68,000	3,200E-1
895,951	66,014	68,000	3,200E-1
895,951	66,014	68,000	3,200E-1
895,951	66,014	68,000	3,200E-1
898,340	66,019	68,000	3,200E-1
898,340	66,019	68,000	3,200E-1
900,730	66,014	68,000	3,200E-1
900,730	66,014	68,000	3,200E-1
903,117	66,045	68,000	3,200E-1
903,117	66,045	68,000	3,200E-1
903,117	66,045	68,000	3,200E-1
905,506	66,052	68,000	3,200E-1
905,506	66,052	68,000	3,200E-1
907,898	66,077	68,000	3,200E-1
907,898	66,077	68,000	3,200E-1
910,283	66,081	68,000	3,200E-1
910,283	66,081	68,000	3,200E-1
910,283	66,081	68,000	3,200E-1
912,675	66,077	68,000	3,200E-1
912,675	66,077	68,000	3,200E-1
915,064	66,078	68,000	3,200E-1
915,064	66,078	68,000	3,200E-1
915,064	66,078	68,000	3,200E-1
917,451	66,083	68,000	3,200E-1
917,451	66,083	68,000	3,200E-1
919,841	66,098	68,000	3,200E-1
919,841	66,098	68,000	3,200E-1
922,230	66,144	68,000	3,200E-1
922,230	66,144	68,000	3,200E-1
922,230	66,144	68,000	3,200E-1
924,619	66,096	68,000	3,200E-1
924,619	66,096	68,000	3,200E-1
927,007	66,143	68,000	3,200E-1
927,007	66,143	68,000	3,200E-1
927,007	66,143	68,000	3,200E-1
929,396	66,166	68,000	3,200E-1
929,396	66,166	68,000	3,200E-1
931,785	66,186	68,000	3,200E-1
931,785	66,186	68,000	3,200E-1
934,175	66,159	68,000	3,200E-1
934,175	66,159	68,000	3,200E-1
934,175	66,159	68,000	3,200E-1
936,564	66,130	68,000	3,200E-1
936,564	66,130	68,000	3,200E-1
938,953	66,140	68,000	3,200E-1
938,953	66,140	68,000	3,200E-1
938,953	66,140	68,000	3,200E-1
941,342	66,154	68,000	3,200E-1
941,342	66,154	68,000	3,200E-1
943,730	66,132	68,000	3,200E-1
943,730	66,132	68,000	3,200E-1
946,119	66,144	68,000	3,200E-1
946,119	66,144	68,000	3,200E-1
946,119	66,144	68,000	3,200E-1
948,582	66,139	68,000	3,200E-1
948,582	66,139	68,000	3,200E-1
951,046	66,125	68,000	3,200E-1
951,046	66,125	68,000	3,200E-1
951,046	66,125	68,000	3,200E-1
953,509	66,165	68,000	3,200E-1
953,509	66,165	68,000	3,200E-1
955,970	66,139	68,000	3,200E-1
955,970	66,139	68,000	3,200E-1
955,970	66,139	68,000	3,200E-1
958,436	66,233	68,000	3,200E-1
958,436	66,233	68,000	3,875E-2
960,901	66,186	68,000	3,875E-2
960,901	66,186	68,000	3,200E-1
960,901	66,186	68,000	3,200E-1
963,364	66,176	68,000	3,200E-1
963,364	66,176	68,000	3,200E-1
965,824	66,216	68,000	3,200E-1
965,824	66,216	68,000	3,200E-1
968,285	66,250	68,000	3,200E-1
968,285	66,250	68,000	3,200E-1
968,285	66,250	68,000	3,200E-1
970,749	66,238	68,000	3,200E-1
970,749	66,238	68,000	3,200E-1
973,212	66,290	68,000	3,200E-1
973,212	66,290	68,000	3,200E-1
973,212	66,290	68,000	3,200E-1
975,673	66,238	68,000	3,200E-1
975,673	66,238	68,000	3,200E-1
978,135	66,304	68,000	2,481E-1
978,135	66,304	68,000	2,481E-1
978,135	66,304	68,000	3,200E-1
980,596	66,309	68,000	3,200E-1
980,596	66,309	68,000	3,200E-1
983,060	66,336	68,000	3,200E-1
983,060	66,336	68,000	3,200E-1
983,060	66,336	68,000	3,200E-1
985,523	66,324	68,000	3,200E-1
985,523	66,324	68,000	3,200E-1
987,984	66,292	68,000	3,200E-1
987,984	66,292	68,000	3,200E-1
987,984	66,292	68,000	3,200E-1
990,450	66,302	68,000	3,200E-1
990,450	66,302	68,000	3,200E-1
992,911	66,267	68,000	3,200E-1
992,911	66,267	68,000	3,200E-1
992,911	66,267	68,000	3,200E-1
995,377	66,261	68,000	3,200E-1
995,377	66,261	68,000	3,200E-1
997,838	66,335	68,000	1,741E-1
997,838	66,335	68,000	1,741E-1
1000,301	66,336	68,000	3,200E-1
1000,301	66,336	68,000	3,200E-1
1000,301	66,336	68,000	3,200E-1
1002,765	66,292	68,000	3,200E-1
1002,765	66,292	68,000	3,200E-1
1005,228	66,299	68,000	3,200E-1
1005,228	66,299	68,000	3,200E-1
1005,228	66,299	68,000	3,200E-1
1007,691	66,339	68,000	3,200E-1
1007,691	66,339	68,000	3,200E-1
1010,153	66,329	68,000	3,200E-1
1010,153	66,329	68,000	3,200E-1
1010,153	66,329	68,000	3,200E-1
1012,616	66,336	68,000	3,200E-1
1012,616	66,336	68,000	3,200E-1
1015,080	66,337	68,000	3,200E-1
1015,080	66,337	68,000	3,200E-1
1015,080	66,337	68,000	3,200E-1
1017,543	66,379	68,000	3,200E-1
1017,543	66,379	68,000	3,200E-1
1020,006	66,408	68,000	3,200E-1
1020,006	66,408	68,000	3,200E-1
1020,006	66,408	68,000	3,200E-1
1022,464	66,383	68,000	3,200E-1
1022,464	66,383	68,000	3,200E-1
1024,927	66,437	68,000	3,200E-1
1024,927	66,437	68,000	3,095E-1
1024,927	66,437	68,000	3,095E-1
1027,390	66,457	68,000	3,200E-1
1027,390	66,457	68,000	3,200E-1
1029,854	66,467	68,000	3,200E-1
1029,854	66,467	68,000	3,200E-1
1032,318	66,447	68,000	3,200E-1
1032,318	66,447	68,000	3,200E-1
1032,318	66,447	68,000	3,200E-1
1034,781	66,444	68,000	3,200E-1
1034,781	66,444	68,000	3,200E-1
1037,244	66,469	68,000	3,200E-1
1037,244	66,469	68,000	3,200E-1
1037,244	66,469	68,000	3,200E-1
1039,708	66,499	68,000	3,200E-1
1039,708	66,499	68,000	3,200E-1
1042,171	66,454	68,000	3,200E-1
1042,171	66,454	68,000	3,200E-1
1042,171	66,454	68,000	3,200E-1
1044,634	66,501	68,000	3,200E-1
1044,634	66,501	68,000	3,200E-1
1047,098	66,533	68,000	3,200E-1
1047,098	66,533	68,000	3,200E-1
1047,098	66,533	68,000	3,200E-1
1049,563	66,521	68,000	3,200E-1
1049,563	66,521	68,000	3,200E-1
1052,027	66,472	68,000	3,200E-1
1052,027	66,472	68,000	3,200E-1
1052,027	66,472	68,000	3,200E-1
1054,490	66,454	68,000	3,200E-1
1054,490	66,454	68,000	3,200E-1
1056,951	66,503	68,000	3,200E-1
1056,951	66,503	68,000	3,200E-1
1056,951	66,503	68,000	3,200E-1
1059,415	66,513	68,000	3,200E-1
1059,415	66,513	68,000	3,200E-1
1061,878	66,459	68,000	3,200E-1
1061,878	66,459	68,000	3,200E-1
1064,341	66,459	68,000	3,200E-1
1064,341	66,459	68,000	3,200E-1
1064,341	66,459	68,000	3,200E-1
1066,805	66,521	68,000	3,200E-1
1066,805	66,521	68,000	2,208E-1
1069,266	66,492	68,000	2,208E-1
1069,266	66,492	68,000	3,200E-1
1069,266	66,492	68,000	3,200E-1
1071,730	66,475	68,000	3,200E-1
1071,730	66,475	68,000	3,200E-1
1074,193	66,498	68,000	3,200E-1
1074,193	66,498	68,000	3,200E-1
1074,193	66,498	68,000	3,200E-1
1076,656	66,511	68,000	3,200E-1
1076,656	66,511	68,000	3,200E-1
1079,120	66,540	68,000	3,200E-1
1079,120	66,540	68,000	3,200E-1
1079,120	66,540	68,000	3,200E-1
1081,579	66,531	68,000	3,200E-1
1081,579	66,531	68,000	3,200E-1
1084,045	66,476	68,000	3,200E-1
1084,045	66,476	68,000	3,200E-1
1084,045	66,476	68,000	3,200E-1
1086,508	66,494	68,000	3,200E-1
1086,508	66,494	68,000	3,200E-1
1088,973	66,518	68,000	3,200E-1
1088,973	66,518	68,000	3,200E-1
1088,973	66,518	68,000	3,200E-1
1091,435	66,572	68,000	2,721E-1
1091,435	66,572	68,000	2,721E-1
1093,898	66,555	68,000	3,200E-1
1093,898	66,555	68,000	3,200E-1
1096,359	66,555	68,000	3,200E-1
1096,359	66,555	68,000	3,200E-1
1096,359	66,555	68,000	3,200E-1
1098,823	66,585	68,000	3,200E-1
1098,823	66,585	68,000	3,200E-1
1101,288	66,526	68,000	3,200E-1
1101,288	66,526	68,000	3,200E-1
1101,288	66,526	68,000	3,200E-1
1103,750	66,604	68,000	6,725E-2
1103,750	66,604	68,000	6,725E-2
1106,213	66,550	68,000	3,200E-1
1106,213	66,550	68,000	3,200E-1
1106,213	66,550	68,000	3,200E-1
1108,676	66,585	68,000	3,200E-1
1108,676	66,585	68,000	3,200E-1
1111,140	66,521	68,000	3,200E-1
1111,140	66,521	68,000	3,200E-1
1111,140	66,521	68,000	3,200E-1
1113,599	66,550	68,000	3,200E-1
1113,599	66,550	68,000	3,200E-1
1116,063	66,543	68,000	3,200E-1
1116,063	66,543	68,000	3,200E-1
1116,063	66,543	68,000	3,200E-1
1118,526	66,540	68,000	3,200E-1
1118,526	66,540	68,000	3,200E-1
1120,989	66,541	68,000	3,200E-1
1120,989	66,541	68,000	3,200E-1
1120,989	66,541	68,000	3,200E-1
1123,451	66,630	68,000	0,000E+0
1123,451	66,630	68,000	0,000E+0
1125,914	66,598	68,000	3,200E-1
1125,914	66,598	68,000	3,200E-1
1128,375	66,595	68,000	3,200E-1
1128,375	66,595	68,000	3,200E-1
1128,375	66,595	68,000	3,200E-1
1130,839	66,627	68,000	3,200E-1
1130,839	66,627	68,000	3,200E-1
1133,302	66,593	68,000	3,200E-1
1133,302	66,593	68,000	3,200E-1
1133,302	66,593	68,000	3,200E-1
1135,766	66,627	68,000	3,200E-1
1135,766	66,627	68,000	3,200E-1
1138,227	66,630	68,000	3,200E-1
1138,227	66,630	68,000	3,200E-1
1138,227	66,630	68,000	3,200E-1
1140,690	66,619	68,000	3,200E-1
1140,690	66,619	68,000	3,200E-1
1143,154	66,636	68,000	3,200E-1
1143,154	66,636	68,000	3,200E-1
1143,154	66,636	68,000	3,200E-1
1145,619	66,626	68,000	3,200E-1
1145,619	66,626	68,000	3,200E-1
1148,083	66,673	68,000	3,017E-1
1148,083	66,673	68,000	3,017E-1
1148,083	66,673	68,000	3,200E-1
1150,546	66,673	68,000	3,200E-1
1150,546	66,673	68,000	3,200E-1
1153,010	66,693	68,000	3,200E-1
1153,010	66,693	68,000	3,200E-1
1153,010	66,693	68,000	3,200E-1
1155,473	66,700	68,000	3,200E-1
1155,473	66,700	68,000	3,200E-1
1157,936	66,749	68,000	2,644E-1
1157,936	66,749	68,000	2,644E-1
1157,936	66,749	68,000	3,200E-1
1160,400	66,735	68,000	3,200E-1
1160,400	66,735	68,000	3,200E-1
1162,857	66,712	68,000	3,200E-1
1162,857	66,712	68,000	3,200E-1
1165,321	66,759	68,000	3,200E-1
1165,321	66,759	68,000	2,778E-1
1165,321	66,759	68,000	2,778E-1
1167,784	66,769	68,000	3,200E-1
1167,784	66,769	68,000	3,200E-1
1170,247	66,735	68,000	3,200E-1
1170,247	66,735	68,000	3,200E-1
1170,247	66,735	68,000	3,200E-1
1172,709	66,767	68,000	3,200E-1
1172,709	66,767	68,000	3,200E-1
1175,171	66,777	68,000	3,200E-1
1175,171	66,777	68,000	3,200E-1
1175,171	66,777	68,000	3,200E-1
1177,634	66,757	68,000	3,200E-1
1177,634	66,757	68,000	3,200E-1
1180,093	66,777	68,000	3,200E-1
1180,093	66,777	68,000	3,200E-1
1180,093	66,777	68,000	3,200E-1
1182,557	66,779	68,000	3,200E-1
1182,557	66,779	68,000	3,200E-1
1185,018	66,744	68,000	3,200E-1
1185,018	66,744	68,000	3,200E-1
1185,018	66,744	68,000	3,200E-1
1187,481	66,747	68,000	3,200E-1
1187,481	66,747	68,000	3,200E-1
1189,945	66,749	68,000	3,200E-1
1189,945	66,749	68,000	3,200E-1
1189,945	66,749	68,000	3,200E-1
1192,406	66,774	68,000	3,200E-1
1192,406	66,774	68,000	3,200E-1
1194,872	66,794	68,000	3,200E-1
1194,872	66,794	68,000	3,200E-1
1197,335	66,865	68,000	3,200E-1
1197,335	66,865	68,000	5,251E-2
1197,335	66,865	68,000	5,251E-2
1199,798	66,833	68,000	3,200E-1
1199,798	66,833	68,000	3,200E-1
1202,260	66,823	68,000	3,200E-1
1202,260	66,823	68,000	3,200E-1
1202,260	66,823	68,000	3,200E-1
1204,723	66,843	68,000	3,200E-1
1204,723	66,843	68,000	3,200E-1
1207,186	66,845	68,000	3,200E-1
1207,186	66,845	68,000	3,200E-1
1207,186	66,845	68,000	3,200E-1
1209,648	66,816	68,000	3,200E-1
1209,648	66,816	68,000	3,200E-1
1212,111	66,794	68,000	3,200E-1
1212,111	66,794	68,000	3,200E-1
1212,111	66,794	68,000	3,200E-1
1214,573	66,799	68,000	3,200E-1
1214,573	66,799	68,000	3,200E-1
1217,036	66,797	68,000	3,200E-1
1217,036	66,797	68,000	3,200E-1
1217,036	66,797	68,000	3,200E-1
1219,497	66,809	68,000	3,200E-1
1219,497	66,809	68,000	3,200E-1
1221,961	66,848	68,000	3,188E-1
1221,961	66,848	68,000	3,188E-1
1221,961	66,848	68,000	3,200E-1
1224,424	66,821	68,000	3,200E-1
1224,424	66,821	68,000	3,200E-1
1226,888	66,818	68,000	3,200E-1
1226,888	66,818	68,000	3,200E-1
1229,351	66,848	68,000	3,200E-1
1229,351	66,848	68,000	3,200E-1
1229,351	66,848	68,000	3,200E-1
1231,815	66,868	68,000	3,200E-1
1231,815	66,868	68,000	3,200E-1
1234,278	66,873	68,000	3,200E-1
1234,278	66,873	68,000	3,200E-1
1234,278	66,873	68,000	3,200E-1
1236,739	66,868	68,000	3,200E-1
1236,739	66,868	68,000	3,200E-1
1239,203	66,904	68,000	3,200E-1
1239,203	66,904	68,000	3,200E-1
1239,203	66,904	68,000	3,200E-1
1241,666	66,914	68,000	3,200E-1
1241,666	66,914	68,000	3,200E-1
1244,130	66,897	68,000	3,200E-1
1244,130	66,897	68,000	3,200E-1
1244,130	66,897	68,000	3,200E-1
1246,595	66,909	68,000	3,200E-1
1246,595	66,909	68,000	3,200E-1
1249,054	66,885	68,000	3,200E-1
1249,054	66,885	68,000	3,200E-1
1249,054	66,885	68,000	3,200E-1
1251,516	66,904	68,000	3,200E-1
1251,516	66,904	68,000	3,200E-1
1253,973	66,946	68,000	2,674E-1
1253,973	66,946	68,000	2,674E-1
1253,973	66,946	68,000	3,200E-1
1256,436	66,897	68,000	3,200E-1
1256,436	66,897	68,000	3,200E-1
1258,894	66,899	68,000	3,200E-1
1258,894	66,899	68,000	3,200E-1
1261,355	66,909	68,000	3,200E-1
1261,355	66,909	68,000	3,200E-1
1261,355	66,909	68,000	3,200E-1
1263,819	66,936	68,000	3,200E-1
1263,819	66,936	68,000	3,200E-1
1266,282	66,963	68,000	3,200E-1
1266,282	66,963	68,000	3,200E-1
1266,282	66,963	68,000	3,200E-1
1268,745	67,010	68,000	3,200E-1
1268,745	67,010	68,000	2,087E-1
1271,209	66,976	68,000	2,087E-1
1271,209	66,976	68,000	3,200E-1
1271,209	66,976	68,000	3,200E-1
1273,670	66,924	68,000	3,200E-1
1273,670	66,924	68,000	3,200E-1
1276,134	66,951	68,000	3,200E-1
1276,134	66,951	68,000	3,200E-1
1276,134	66,951	68,000	3,200E-1
1278,597	66,924	68,000	3,200E-1
1278,597	66,924	68,000	3,200E-1
1281,059	67,025	68,000	3,200E-1
1281,059	67,025	68,000	0,000E+0
1281,059	67,025	68,000	0,000E+0
1283,522	67,010	68,000	3,200E-1
1283,522	67,010	68,000	3,200E-1
1285,983	67,001	68,000	3,200E-1
1285,983	67,001	68,000	3,200E-1
1285,983	67,001	68,000	3,200E-1
1288,447	67,030	68,000	3,200E-1
1288,447	67,030	68,000	3,200E-1
1290,908	67,030	68,000	3,200E-1
1290,908	67,030	68,000	3,200E-1
1293,372	67,010	68,000	3,200E-1
1293,372	67,010	68,000	3,200E-1
1293,372	67,010	68,000	3,200E-1
1295,835	67,018	68,000	3,200E-1
1295,835	67,018	68,000	3,200E-1
1298,298	67,035	68,000	3,200E-1
1298,298	67,035	68,000	3,200E-1
1298,298	67,035	68,000	3,200E-1
1300,762	67,037	68,000	3,200E-1
1300,762	67,037	68,000	3,200E-1
1303,223	67,010	68,000	3,200E-1
1303,223	67,010	68,000	3,200E-1
1303,223	67,010	68,000	3,200E-1
1305,687	67,037	68,000	3,200E-1
1305,687	67,037	68,000	3,200E-1
1308,146	67,025	68,000	3,200E-1
1308,146	67,025	68,000	3,200E-1
1308,146	67,025	68,000	3,200E-1
1310,609	67,012	68,000	3,200E-1
1310,609	67,012	68,000	3,200E-1
1313,073	67,045	68,000	3,200E-1
1313,073	67,045	68,000	3,136E-1
1313,073	67,045	68,000	3,136E-1
1315,536	67,057	68,000	3,200E-1
1315,536	67,057	68,000	3,200E-1
1317,997	67,057	68,000	3,200E-1
1317,997	67,057	68,000	3,200E-1
1317,997	67,057	68,000	3,200E-1
1320,461	67,072	68,000	3,200E-1
1320,461	67,072	68,000	3,200E-1
1322,924	67,047	68,000	3,200E-1
1322,924	67,047	68,000	3,200E-1
1325,390	67,064	68,000	3,200E-1
1325,390	67,064	68,000	3,200E-1
1325,390	67,064	68,000	3,200E-1
1327,853	67,086	68,000	3,200E-1
1327,853	67,086	68,000	3,200E-1
1330,314	67,028	68,000	3,200E-1
1330,314	67,028	68,000	3,200E-1
1330,314	67,028	68,000	3,200E-1
1332,704	67,045	68,000	3,200E-1
1332,704	67,045	68,000	3,200E-1
1335,093	67,082	68,000	3,200E-1
1335,093	67,082	68,000	2,705E-1
1335,093	67,082	68,000	2,705E-1
1337,480	67,135	68,000	7,586E-2
1337,480	67,135	68,000	7,586E-2
1339,868	67,162	68,000	8,609E-2
1339,868	67,162	68,000	8,609E-2
1342,261	67,145	68,000	3,172E-1
1342,261	67,145	68,000	3,172E-1
1342,261	67,145	68,000	3,200E-1
1344,646	67,121	68,000	3,200E-1
1344,646	67,121	68,000	3,200E-1
1347,036	67,084	68,000	3,200E-1
1347,036	67,084	68,000	3,200E-1
1349,423	67,123	68,000	3,200E-1
1349,423	67,123	68,000	2,430E-1
1349,423	67,123	68,000	2,430E-1
1351,812	67,094	68,000	3,200E-1
1351,812	67,094	68,000	3,200E-1
1354,201	67,079	68,000	3,200E-1
1354,201	67,079	68,000	3,200E-1
1354,201	67,079	68,000	3,200E-1
1356,589	67,111	68,000	3,200E-1
1356,589	67,111	68,000	3,035E-1
1358,980	67,077	68,000	3,035E-1
1358,980	67,077	68,000	3,200E-1
1361,365	67,101	68,000	3,200E-1
1361,365	67,101	68,000	3,200E-1
1361,365	67,101	68,000	3,200E-1
1363,749	67,077	68,000	3,200E-1
1363,749	67,077	68,000	3,200E-1
1366,138	67,179	68,000	0,000E+0
1366,138	67,179	68,000	0,000E+0
1366,138	67,179	68,000	2,264E-1
1368,529	67,145	68,000	2,264E-1
1368,529	67,145	68,000	3,200E-1
1370,917	67,099	68,000	3,200E-1
1370,917	67,099	68,000	3,200E-1
1373,304	67,128	68,000	3,200E-1
1373,304	67,128	68,000	3,200E-1
1373,304	67,128	68,000	3,200E-1
1375,693	67,089	68,000	3,200E-1
1375,693	67,089	68,000	3,200E-1
1378,081	67,086	68,000	3,200E-1
1378,081	67,086	68,000	3,200E-1
1378,081	67,086	68,000	3,200E-1
1380,470	67,098	68,000	3,200E-1
1380,470	67,098	68,000	3,200E-1
1382,857	67,067	68,000	3,200E-1
1382,857	67,067	68,000	3,200E-1
1385,247	67,089	68,000	3,200E-1
1385,247	67,089	68,000	3,200E-1
1385,247	67,089	68,000	3,200E-1
1387,636	67,089	68,000	3,200E-1
1387,636	67,089	68,000	3,200E-1
1390,023	67,101	68,000	3,200E-1
1390,023	67,101	68,000	3,200E-1
1392,411	67,091	68,000	3,200E-1
1392,411	67,091	68,000	3,200E-1
1392,411	67,091	68,000	3,200E-1
1394,800	67,097	68,000	3,200E-1
1394,800	67,097	68,000	3,200E-1
1397,187	67,125	68,000	3,200E-1
1397,187	67,125	68,000	3,200E-1
1397,187	67,125	68,000	3,200E-1
1399,577	67,138	68,000	3,200E-1
1399,577	67,138	68,000	3,200E-1
1401,966	67,111	68,000	3,200E-1
1401,966	67,111	68,000	3,200E-1
1404,353	67,142	68,000	3,200E-1
1404,353	67,142	68,000	3,200E-1
1404,353	67,142	68,000	3,033E-1
1406,743	67,149	68,000	3,033E-1
1406,743	67,149	68,000	3,200E-1
1409,130	67,152	68,000	3,200E-1
1409,130	67,152	68,000	3,200E-1
1409,130	67,152	68,000	3,200E-1
1411,517	67,147	68,000	3,200E-1
1411,517	67,147	68,000	3,200E-1
1413,905	67,152	68,000	3,200E-1
1413,905	67,152	68,000	3,200E-1
1416,294	67,121	68,000	3,200E-1
1416,294	67,121	68,000	3,200E-1
1416,294	67,121	68,000	3,200E-1
1418,681	67,123	68,000	3,200E-1
1418,681	67,123	68,000	3,200E-1
1421,071	67,153	68,000	3,200E-1
1421,071	67,153	68,000	3,083E-1
1421,071	67,153	68,000	3,083E-1
1423,462	67,187	68,000	2,545E-1
1423,462	67,187	68,000	2,545E-1
1425,851	67,189	68,000	3,200E-1
1425,851	67,189	68,000	3,200E-1
1428,243	67,228	68,000	3,200E-1
1428,243	67,228	68,000	3,200E-1
1428,243	67,228	68,000	2,140E-1
1430,628	67,172	68,000	2,140E-1
1430,628	67,172	68,000	3,200E-1
1433,019	67,169	68,000	3,200E-1
1433,019	67,169	68,000	3,200E-1
1435,409	67,154	68,000	3,200E-1
1435,409	67,154	68,000	3,200E-1
1435,409	67,154	68,000	3,200E-1
1437,798	67,167	68,000	3,200E-1
1437,798	67,167	68,000	3,200E-1
1440,187	67,189	68,000	3,200E-1
1440,187	67,189	68,000	3,200E-1
1440,187	67,189	68,000	3,200E-1
1442,579	67,221	68,000	3,200E-1
1442,579	67,221	68,000	2,732E-1
1444,966	67,221	68,000	2,732E-1
1444,966	67,221	68,000	3,200E-1
1447,355	67,243	68,000	3,200E-1
1447,355	67,243	68,000	3,200E-1
1447,355	67,243	68,000	3,200E-1
1449,743	67,240	68,000	3,200E-1
1449,743	67,240	68,000	3,200E-1
1452,134	67,235	68,000	3,200E-1
1452,134	67,235	68,000	3,200E-1
1452,134	67,235	68,000	3,200E-1
1454,521	67,208	68,000	3,200E-1
1454,521	67,208	68,000	3,200E-1
1456,910	67,201	68,000	3,200E-1
1456,910	67,201	68,000	3,200E-1
1459,298	67,169	68,000	3,200E-1
1459,298	67,169	68,000	3,200E-1
1459,298	67,169	68,000	3,200E-1
1461,687	67,164	68,000	3,200E-1
1461,687	67,164	68,000	3,200E-1
1464,076	67,145	68,000	3,200E-1
1464,076	67,145	68,000	3,200E-1
1466,466	67,176	68,000	3,200E-1
1466,466	67,176	68,000	3,200E-1
1466,466	67,176	68,000	2,938E-1
1468,853	67,187	68,000	2,938E-1
1468,853	67,187	68,000	3,200E-1
1471,242	67,182	68,000	3,200E-1
1471,242	67,182	68,000	3,200E-1
1471,242	67,182	68,000	3,200E-1
1473,632	67,224	68,000	1,906E-1
1473,632	67,224	68,000	1,906E-1
1476,021	67,228	68,000	3,200E-1
1476,021	67,228	68,000	3,200E-1
1478,408	67,273	68,000	3,200E-1
1478,408	67,273	68,000	3,200E-1
1478,408	67,273	68,000	1,527E-1
1480,798	67,226	68,000	1,527E-1
1480,798	67,226	68,000	3,200E-1
1483,183	67,167	68,000	3,200E-1
1483,183	67,167	68,000	3,200E-1
1483,183	67,167	68,000	3,200E-1
1485,572	67,185	68,000	3,200E-1
1485,572	67,185	68,000	3,200E-1
1487,959	67,177	68,000	3,200E-1
1487,959	67,177	68,000	3,200E-1
1490,351	67,197	68,000	3,200E-1
1490,351	67,197	68,000	3,200E-1
1490,351	67,197	68,000	3,200E-1
1492,740	67,172	68,000	3,200E-1
1492,740	67,172	68,000	3,200E-1
1495,127	67,201	68,000	3,200E-1
1495,127	67,201	68,000	3,032E-1
1495,127	67,201	68,000	3,032E-1
1497,517	67,204	68,000	3,200E-1
1497,517	67,204	68,000	3,200E-1
1499,906	67,189	68,000	3,200E-1
1499,906	67,189	68,000	3,200E-1
1502,289	67,186	68,000	3,200E-1
1502,289	67,186	68,000	3,200E-1
1502,289	67,186	68,000	3,200E-1
1504,679	67,221	68,000	3,200E-1
1504,679	67,221	68,000	2,486E-1
1507,066	67,250	68,000	2,486E-1
1507,066	67,250	68,000	2,183E-1
1509,455	67,223	68,000	2,183E-1
1509,455	67,223	68,000	3,200E-1
1509,455	67,223	68,000	3,200E-1
1511,845	67,199	68,000	3,200E-1
1511,845	67,199	68,000	3,200E-1
1514,232	67,247	68,000	3,200E-1
1514,232	67,247	68,000	3,200E-1
1514,232	67,247	68,000	1,352E-1
1516,623	67,211	68,000	1,352E-1
1516,623	67,211	68,000	3,200E-1
1519,009	67,243	68,000	3,200E-1
1519,009	67,243	68,000	2,671E-1
1521,396	67,270	68,000	2,671E-1
1521,396	67,270	68,000	2,478E-1
1521,396	67,270	68,000	2,478E-1
1523,787	67,253	68,000	3,200E-1
1523,787	67,253	68,000	3,200E-1
1526,178	67,231	68,000	3,200E-1
1526,178	67,231	68,000	3,200E-1
1526,178	67,231	68,000	3,200E-1
1528,566	67,236	68,000	3,200E-1
1528,566	67,236	68,000	3,200E-1
1530,955	67,218	68,000	3,200E-1
1530,955	67,218	68,000	3,200E-1
1533,344	67,243	68,000	3,200E-1
1533,344	67,243	68,000	3,200E-1
1533,344	67,243	68,000	3,200E-1
1535,734	67,238	68,000	3,200E-1
1535,734	67,238	68,000	3,200E-1
1538,121	67,233	68,000	3,200E-1
1538,121	67,233	68,000	3,200E-1
1538,121	67,233	68,000	3,200E-1
1540,510	67,250	68,000	3,200E-1
1540,510	67,250	68,000	3,200E-1
1542,899	67,235	68,000	3,200E-1
1542,899	67,235	68,000	3,200E-1
1545,287	67,243	68,000	3,200E-1
1545,287	67,243	68,000	3,200E-1
1545,287	67,243	68,000	3,200E-1
1547,676	67,238	68,000	3,200E-1
1547,676	67,238	68,000	3,200E-1
1550,065	67,248	68,000	3,200E-1
1550,065	67,248	68,000	3,200E-1
1552,453	67,268	68,000	3,200E-1
1552,453	67,268	68,000	3,200E-1
1552,453	67,268	68,000	3,200E-1
1554,842	67,259	68,000	3,200E-1
1554,842	67,259	68,000	3,200E-1
1557,229	67,223	68,000	3,200E-1
1557,229	67,223	68,000	3,200E-1
1557,229	67,223	68,000	3,200E-1
1559,617	67,201	68,000	3,200E-1
1559,617	67,201	68,000	3,200E-1
1562,004	67,237	68,000	2,361E-1
1562,004	67,237	68,000	2,361E-1
1564,391	67,230	68,000	3,200E-1
1564,391	67,230	68,000	3,200E-1
1564,391	67,230	68,000	3,200E-1
1566,779	67,245	68,000	3,200E-1
1566,779	67,245	68,000	3,200E-1
1569,168	67,232	68,000	3,200E-1
1569,168	67,232	68,000	3,200E-1
1569,168	67,232	68,000	3,200E-1
1571,553	67,235	68,000	3,200E-1
1571,553	67,235	68,000	3,200E-1
1573,942	67,282	68,000	1,337E-1
1573,942	67,282	68,000	1,337E-1
1576,332	67,245	68,000	3,200E-1
1576,332	67,245	68,000	3,200E-1
1576,332	67,245	68,000	3,200E-1
1578,719	67,246	68,000	3,200E-1
1578,719	67,246	68,000	3,200E-1
1581,109	67,223	68,000	3,200E-1
1581,109	67,223	68,000	3,200E-1
1583,500	67,270	68,000	3,200E-1
1583,500	67,270	68,000	1,370E-1
1583,500	67,270	68,000	1,370E-1
1585,889	67,243	68,000	3,200E-1
1585,889	67,243	68,000	3,200E-1
1588,276	67,233	68,000	3,200E-1
1588,276	67,233	68,000	3,200E-1
1588,276	67,233	68,000	3,200E-1
1590,666	67,199	68,000	3,200E-1
1590,666	67,199	68,000	3,200E-1
1593,055	67,204	68,000	3,200E-1
1593,055	67,204	68,000	3,200E-1
1595,442	67,203	68,000	3,200E-1
1595,442	67,203	68,000	3,200E-1
1595,442	67,203	68,000	3,200E-1
1597,830	67,228	68,000	3,200E-1
1597,830	67,228	68,000	3,200E-1
1600,219	67,238	68,000	3,200E-1
1600,219	67,238	68,000	3,200E-1
1600,219	67,238	68,000	3,200E-1
1602,608	67,206	68,000	3,200E-1
1602,608	67,206	68,000	3,200E-1
1604,994	67,229	68,000	3,200E-1
1604,994	67,229	68,000	3,200E-1
1607,383	67,204	68,000	3,200E-1
1607,383	67,204	68,000	3,200E-1
1607,383	67,204	68,000	3,200E-1
1609,772	67,209	68,000	3,200E-1
1609,772	67,209	68,000	3,200E-1
1612,162	67,209	68,000	3,200E-1
1612,162	67,209	68,000	3,200E-1
1612,162	67,209	68,000	3,200E-1
1614,549	67,194	68,000	3,200E-1
1614,549	67,194	68,000	3,200E-1
1616,938	67,221	68,000	3,200E-1
1616,938	67,221	68,000	3,140E-1
1619,327	67,233	68,000	3,140E-1
1619,327	67,233	68,000	3,200E-1
1619,327	67,233	68,000	3,200E-1
1621,715	67,223	68,000	3,200E-1
1621,715	67,223	68,000	3,200E-1
1624,104	67,194	68,000	3,200E-1
1624,104	67,194	68,000	3,200E-1
1626,495	67,206	68,000	3,200E-1
1626,495	67,206	68,000	3,200E-1
1626,495	67,206	68,000	3,200E-1
1628,887	67,219	68,000	3,200E-1
1628,887	67,219	68,000	3,200E-1
1631,274	67,221	68,000	3,200E-1
1631,274	67,221	68,000	3,200E-1
1631,274	67,221	68,000	3,200E-1
1633,663	67,209	68,000	3,200E-1
1633,663	67,209	68,000	3,200E-1
1636,053	67,179	68,000	3,200E-1
1636,053	67,179	68,000	3,200E-1
1638,438	67,172	68,000	3,200E-1
1638,438	67,172	68,000	3,200E-1
1638,438	67,172	68,000	3,200E-1
1640,827	67,201	68,000	3,200E-1
1640,827	67,201	68,000	3,032E-1
1643,217	67,133	68,000	3,032E-1
1643,217	67,133	68,000	3,200E-1
1643,217	67,133	68,000	3,200E-1
1645,604	67,185	68,000	1,196E-1
1645,604	67,185	68,000	1,196E-1
1647,995	67,170	68,000	3,200E-1
1647,995	67,170	68,000	3,200E-1
1650,384	67,166	68,000	3,200E-1
1650,384	67,166	68,000	3,200E-1
1650,384	67,166	68,000	3,200E-1
1652,772	67,180	68,000	3,200E-1
1652,772	67,180	68,000	3,200E-1
1655,159	67,162	68,000	3,200E-1
1655,159	67,162	68,000	3,200E-1
1655,159	67,162	68,000	3,200E-1
1657,622	67,170	68,000	3,200E-1
1657,622	67,170	68,000	3,200E-1
1660,086	67,148	68,000	3,200E-1
1660,086	67,148	68,000	3,200E-1
1660,086	67,148	68,000	3,200E-1
1662,549	67,152	68,000	3,200E-1
1662,549	67,152	68,000	3,200E-1
1665,011	67,254	68,000	3,200E-1
1665,011	67,254	68,000	0,000E+0
1667,474	67,223	68,000	0,000E+0
1667,474	67,223	68,000	3,200E-1
1667,474	67,223	68,000	3,200E-1
1669,938	67,203	68,000	3,200E-1
1669,938	67,203	68,000	3,200E-1
1672,401	67,170	68,000	3,200E-1
1672,401	67,170	68,000	3,200E-1
1672,401	67,170	68,000	3,200E-1
1674,863	67,179	68,000	3,200E-1
1674,863	67,179	68,000	3,200E-1
1677,324	67,162	68,000	3,200E-1
1677,324	67,162	68,000	3,200E-1
1677,324	67,162	68,000	3,200E-1
1679,713	67,145	68,000	3,200E-1
1679,713	67,145	68,000	3,200E-1
1682,101	67,162	68,000	3,200E-1
1682,101	67,162	68,000	3,200E-1
1684,490	67,174	68,000	3,200E-1
1684,490	67,174	68,000	3,200E-1
1684,490	67,174	68,000	3,200E-1
1686,879	67,162	68,000	3,200E-1
1686,879	67,162	68,000	3,200E-1
1689,269	67,172	68,000	3,200E-1
1689,269	67,172	68,000	3,200E-1
1689,269	67,172	68,000	3,200E-1
1691,658	67,207	68,000	2,524E-1
1691,658	67,207	68,000	2,524E-1
1694,049	67,187	68,000	3,200E-1
1694,049	67,187	68,000	3,200E-1
1696,439	67,199	68,000	3,200E-1
1696,439	67,199	68,000	3,200E-1
1696,439	67,199	68,000	3,200E-1
1698,828	67,187	68,000	3,200E-1
1698,828	67,187	68,000	3,200E-1
1701,218	67,175	68,000	3,200E-1
1701,218	67,175	68,000	3,200E-1
1701,218	67,175	68,000	3,200E-1
1703,607	67,216	68,000	2,010E-1
1703,607	67,216	68,000	2,010E-1
1705,999	67,204	68,000	3,200E-1
1705,999	67,204	68,000	3,200E-1
1708,385	67,219	68,000	3,200E-1
1708,385	67,219	68,000	3,200E-1
1708,385	67,219	68,000	3,200E-1
1710,773	67,201	68,000	3,200E-1
1710,773	67,201	68,000	3,200E-1
1713,162	67,241	68,000	3,200E-1
1713,162	67,241	68,000	2,023E-1
1713,162	67,241	68,000	2,023E-1
1715,551	67,155	68,000	3,200E-1
1715,551	67,155	68,000	3,200E-1
1717,941	67,135	68,000	3,200E-1
1717,941	67,135	68,000	3,200E-1
1720,332	67,160	68,000	3,200E-1
1720,332	67,160	68,000	3,200E-1
1720,332	67,160	68,000	3,200E-1
1722,721	67,166	68,000	3,200E-1
1722,721	67,166	68,000	3,200E-1
1725,183	67,177	68,000	3,200E-1
1725,183	67,177	68,000	3,200E-1
1725,183	67,177	68,000	3,200E-1
1727,646	67,219	68,000	1,920E-1
1727,646	67,219	68,000	1,920E-1
1730,109	67,192	68,000	3,200E-1
1730,109	67,192	68,000	3,200E-1
1730,109	67,192	68,000	3,200E-1
1732,569	67,202	68,000	3,200E-1
1732,569	67,202	68,000	3,200E-1
1735,032	67,199	68,000	3,200E-1
1735,032	67,199	68,000	3,200E-1
1737,494	67,186	68,000	3,200E-1
1737,494	67,186	68,000	3,200E-1
1737,494	67,186	68,000	3,200E-1
1739,957	67,186	68,000	3,200E-1
1739,957	67,186	68,000	3,200E-1
1742,418	67,142	68,000	3,200E-1
1742,418	67,142	68,000	3,200E-1
1742,418	67,142	68,000	3,200E-1
1744,880	67,171	68,000	3,200E-1
1744,880	67,171	68,000	3,114E-1
1747,341	67,202	68,000	3,114E-1
1747,341	67,202	68,000	2,780E-1
1747,341	67,202	68,000	2,780E-1
1749,805	67,236	68,000	2,107E-1
1749,805	67,236	68,000	2,107E-1
1752,268	67,153	68,000	3,200E-1
1752,268	67,153	68,000	3,200E-1
1752,268	67,153	68,000	3,200E-1
1754,729	67,116	68,000	3,200E-1
1754,729	67,116	68,000	3,200E-1
1757,191	67,167	68,000	3,200E-1
1757,191	67,167	68,000	1,327E-1
1757,191	67,167	68,000	1,327E-1
1759,654	67,175	68,000	2,949E-1
1759,654	67,175	68,000	2,949E-1
1762,120	67,147	68,000	3,200E-1
1762,120	67,147	68,000	3,200E-1
1762,120	67,147	68,000	3,200E-1
1764,587	67,142	68,000	3,200E-1
1764,587	67,142	68,000	3,200E-1
1767,049	67,193	68,000	3,200E-1
1767,049	67,193	68,000	1,257E-1
1769,512	67,230	68,000	1,257E-1
1769,512	67,230	68,000	3,541E-2
1769,512	67,230	68,000	3,541E-2
1771,979	67,211	68,000	3,200E-1
1771,979	67,211	68,000	3,200E-1
1774,443	67,235	68,000	3,200E-1
1774,443	67,235	68,000	3,200E-1
1774,443	67,235	68,000	3,200E-1
1776,906	67,159	68,000	3,200E-1
1776,906	67,159	68,000	3,200E-1
1779,368	67,125	68,000	3,200E-1
1779,368	67,125	68,000	3,200E-1
1779,368	67,125	68,000	3,200E-1
1781,831	67,179	68,000	1,050E-1
1781,831	67,179	68,000	1,050E-1
1784,292	67,171	68,000	3,200E-1
1784,292	67,171	68,000	3,200E-1
1784,292	67,171	68,000	3,200E-1
1786,756	67,225	68,000	3,200E-1
1786,756	67,225	68,000	9,211E-2
1789,215	67,171	68,000	9,211E-2
1789,215	67,171	68,000	3,200E-1
1789,215	67,171	68,000	3,200E-1
1791,678	67,164	68,000	3,200E-1
1791,678	67,164	68,000	3,200E-1
1794,142	67,223	68,000	3,200E-1
1794,142	67,223	68,000	3,200E-1
1794,142	67,223	68,000	5,200E-2
1796,605	67,192	68,000	5,200E-2
1796,605	67,192	68,000	3,200E-1
1799,069	67,175	68,000	3,200E-1
1799,069	67,175	68,000	3,200E-1
1801,530	67,116	68,000	3,200E-1
1801,530	67,116	68,000	3,200E-1
1801,530	67,116	68,000	3,200E-1
1803,994	67,138	68,000	3,200E-1
1803,994	67,138	68,000	3,200E-1
1806,455	67,157	68,000	3,200E-1
1806,455	67,157	68,000	3,200E-1
1806,455	67,157	68,000	3,200E-1
1808,921	67,240	68,000	3,200E-1
1808,921	67,240	68,000	0,000E+0
1811,382	67,233	68,000	0,000E+0
1811,382	67,233	68,000	2,688E-1
1811,382	67,233	68,000	2,688E-1
1813,845	67,179	68,000	3,200E-1
1813,845	67,179	68,000	3,200E-1
1816,307	67,201	68,000	3,200E-1
1816,307	67,201	68,000	3,200E-1
1816,307	67,201	68,000	3,200E-1
1818,772	67,218	68,000	3,200E-1
1818,772	67,218	68,000	3,200E-1
1821,236	67,191	68,000	3,200E-1
1821,236	67,191	68,000	3,200E-1
1821,236	67,191	68,000	3,200E-1
1823,621	67,223	68,000	2,726E-1
1823,621	67,223	68,000	2,726E-1
1826,011	67,201	68,000	3,200E-1
1826,011	67,201	68,000	3,200E-1
1828,400	67,223	68,000	3,200E-1
1828,400	67,223	68,000	3,200E-1
1828,400	67,223	68,000	3,200E-1
1830,789	67,265	68,000	3,200E-1
1830,789	67,265	68,000	1,793E-1
1833,179	67,242	68,000	1,793E-1
1833,179	67,242	68,000	3,200E-1
1835,566	67,228	68,000	3,200E-1
1835,566	67,228	68,000	3,200E-1
1835,566	67,228	68,000	3,200E-1
1837,951	67,205	68,000	3,200E-1
1837,951	67,205	68,000	3,200E-1
1840,343	67,159	68,000	3,200E-1
1840,343	67,159	68,000	3,200E-1
1840,343	67,159	68,000	3,200E-1
1842,732	67,176	68,000	3,200E-1
1842,732	67,176	68,000	3,200E-1
1845,119	67,152	68,000	3,200E-1
1845,119	67,152	68,000	3,200E-1
1847,509	67,127	68,000	3,200E-1
1847,509	67,127	68,000	3,200E-1
1847,509	67,127	68,000	3,200E-1
1849,896	67,189	68,000	3,674E-2
1849,896	67,189	68,000	3,674E-2
1852,285	67,252	68,000	2,605E-1
1852,285	67,252	68,000	2,605E-1
1852,285	67,252	68,000	0,000E+0
1854,670	67,216	68,000	0,000E+0
1854,670	67,216	68,000	3,200E-1
1857,058	67,174	68,000	3,200E-1
1857,058	67,174	68,000	3,200E-1
1859,447	67,192	68,000	3,200E-1
1859,447	67,192	68,000	3,200E-1
1859,447	67,192	68,000	3,200E-1
1861,835	67,180	68,000	3,200E-1
1861,835	67,180	68,000	3,200E-1
1864,222	67,207	68,000	3,200E-1
1864,222	67,207	68,000	3,200E-1
1864,222	67,207	68,000	3,179E-1
1866,611	67,203	68,000	3,179E-1
1866,611	67,203	68,000	3,200E-1
1868,998	67,201	68,000	3,200E-1
1868,998	67,201	68,000	3,200E-1
1871,386	67,168	68,000	3,200E-1
1871,386	67,168	68,000	3,200E-1
1871,386	67,168	68,000	3,200E-1
1873,775	67,226	68,000	5,924E-2
1873,775	67,226	68,000	5,924E-2
1876,165	67,177	68,000	2,727E-1
1876,165	67,177	68,000	2,727E-1
1878,554	67,252	68,000	3,200E-1
1878,554	67,252	68,000	3,200E-1
1878,554	67,252	68,000	0,000E+0
1880,943	67,257	68,000	0,000E+0
1880,943	67,257	68,000	1,639E-1
1883,332	67,235	68,000	1,639E-1
1883,332	67,235	68,000	3,200E-1
1883,332	67,235	68,000	3,200E-1
1885,720	67,247	68,000	3,200E-1
1885,720	67,247	68,000	3,200E-1
1888,109	67,218	68,000	3,200E-1
1888,109	67,218	68,000	3,200E-1
1890,501	67,186	68,000	3,200E-1
1890,501	67,186	68,000	3,200E-1
1890,501	67,186	68,000	3,200E-1
1892,886	67,242	68,000	3,200E-1
1892,886	67,242	68,000	7,118E-2
1895,277	67,231	68,000	7,118E-2
1895,277	67,231	68,000	3,200E-1
1895,277	67,231	68,000	3,200E-1
1897,666	67,209	68,000	3,200E-1
1897,666	67,209	68,000	3,200E-1
1900,054	67,226	68,000	3,200E-1
1900,054	67,226	68,000	3,200E-1
1902,444	67,222	68,000	3,200E-1
1902,444	67,222	68,000	3,200E-1
1902,444	67,222	68,000	3,200E-1
1904,833	67,291	68,000	3,200E-1
1904,833	67,291	68,000	0,000E+0
1907,222	67,260	68,000	0,000E+0
1907,222	67,260	68,000	3,200E-1
1907,222	67,260	68,000	3,200E-1
1909,609	67,294	68,000	2,367E-1
1909,609	67,294	68,000	2,367E-1
1911,997	67,247	68,000	3,200E-1
1911,997	67,247	68,000	3,200E-1
1914,388	67,260	68,000	3,200E-1
1914,388	67,260	68,000	3,200E-1
1914,388	67,260	68,000	3,200E-1
1916,773	67,252	68,000	3,200E-1
1916,773	67,252	68,000	3,200E-1
1919,162	67,250	68,000	3,200E-1
1919,162	67,250	68,000	3,200E-1
1921,552	67,214	68,000	3,200E-1
1921,552	67,214	68,000	3,200E-1
1921,552	67,214	68,000	3,200E-1
1923,941	67,229	68,000	3,200E-1
1923,941	67,229	68,000	3,200E-1
1926,331	67,214	68,000	3,200E-1
1926,331	67,214	68,000	3,200E-1
1926,331	67,214	68,000	3,200E-1
1928,720	67,211	68,000	3,200E-1
1928,720	67,211	68,000	3,200E-1
1931,109	67,186	68,000	3,200E-1
1931,109	67,186	68,000	3,200E-1
1933,497	67,220	68,000	3,200E-1
1933,497	67,220	68,000	2,571E-1
1933,497	67,220	68,000	2,571E-1
1935,884	67,191	68,000	3,200E-1
1935,884	67,191	68,000	3,200E-1
1938,273	67,196	68,000	3,200E-1
1938,273	67,196	68,000	3,200E-1
1938,273	67,196	68,000	3,200E-1
1940,662	67,240	68,000	3,200E-1
1940,662	67,240	68,000	1,698E-1
1943,052	67,230	68,000	1,698E-1
1943,052	67,230	68,000	3,200E-1
1945,443	67,233	68,000	3,200E-1
1945,443	67,233	68,000	3,200E-1
1945,443	67,233	68,000	3,200E-1
1947,833	67,238	68,000	3,200E-1
1947,833	67,238	68,000	3,200E-1
1950,220	67,225	68,000	3,200E-1
1950,220	67,225	68,000	3,200E-1
1952,610	67,230	68,000	3,200E-1
1952,610	67,230	68,000	3,200E-1
1952,610	67,230	68,000	3,200E-1
1954,999	67,233	68,000	3,200E-1
1954,999	67,233	68,000	3,200E-1
1957,386	67,240	68,000	3,200E-1
1957,386	67,240	68,000	3,200E-1
1957,386	67,240	68,000	3,200E-1
1959,776	67,223	68,000	3,200E-1
1959,776	67,223	68,000	3,200E-1
1962,165	67,230	68,000	3,200E-1
1962,165	67,230	68,000	3,200E-1
1964,550	67,269	68,000	3,200E-1
1964,550	67,269	68,000	3,200E-1
1964,550	67,269	68,000	2,027E-1
1966,940	67,240	68,000	2,027E-1
1966,940	67,240	68,000	3,200E-1
1969,329	67,228	68,000	3,200E-1
1969,329	67,228	68,000	3,200E-1
1969,329	67,228	68,000	3,200E-1
1971,716	67,238	68,000	3,200E-1
1971,716	67,238	68,000	3,200E-1
1974,104	67,208	68,000	3,200E-1
1974,104	67,208	68,000	3,200E-1
1976,493	67,213	68,000	3,200E-1
1976,493	67,213	68,000	3,200E-1
1976,493	67,213	68,000	3,200E-1
1978,882	67,218	68,000	3,200E-1
1978,882	67,218	68,000	3,200E-1
1981,270	67,209	68,000	3,200E-1
1981,270	67,209	68,000	3,200E-1
1981,270	67,209	68,000	3,200E-1
1983,659	67,197	68,000	3,200E-1
1983,659	67,197	68,000	3,200E-1
1986,050	67,212	68,000	3,200E-1
1986,050	67,212	68,000	3,200E-1
1988,442	67,195	68,000	3,200E-1
1988,442	67,195	68,000	3,200E-1
1988,442	67,195	68,000	3,200E-1
1990,829	67,235	68,000	3,200E-1
1990,829	67,235	68,000	2,038E-1
1993,218	67,279	68,000	2,038E-1
1993,218	67,279	68,000	4,291E-2
1995,607	67,268	68,000	4,291E-2
1995,607	67,268	68,000	3,200E-1
1995,607	67,268	68,000	3,200E-1
1997,994	67,234	68,000	3,200E-1
1997,994	67,234	68,000	3,200E-1
2000,384	67,248	68,000	3,200E-1
2000,384	67,248	68,000	3,200E-1
2000,384	67,248	68,000	3,200E-1
2002,773	67,216	68,000	3,200E-1
2002,773	67,216	68,000	3,200E-1
2005,162	67,225	68,000	3,200E-1
2005,162	67,225	68,000	3,200E-1
2007,550	67,226	68,000	3,200E-1
2007,550	67,226	68,000	3,200E-1
2007,550	67,226	68,000	3,200E-1
2009,939	67,234	68,000	3,200E-1
2009,939	67,234	68,000	3,200E-1
2012,325	67,204	68,000	3,200E-1
2012,325	67,204	68,000	3,200E-1
2012,325	67,204	68,000	3,200E-1
2014,712	67,170	68,000	3,200E-1
2014,712	67,170	68,000	3,200E-1
2017,103	67,160	68,000	3,200E-1
2017,103	67,160	68,000	3,200E-1
2019,493	67,158	68,000	3,200E-1
2019,493	67,158	68,000	3,200E-1
2019,493	67,158	68,000	3,200E-1
2021,882	67,168	68,000	3,200E-1
2021,882	67,168	68,000	3,200E-1
2024,267	67,148	68,000	3,200E-1
2024,267	67,148	68,000	3,200E-1
2024,267	67,148	68,000	3,200E-1
2026,656	67,123	68,000	3,200E-1
2026,656	67,123	68,000	3,200E-1
2029,043	67,138	68,000	3,200E-1
2029,043	67,138	68,000	3,200E-1
2031,431	67,165	68,000	3,200E-1
2031,431	67,165	68,000	3,200E-1
2031,431	67,165	68,000	3,200E-1
2033,820	67,212	68,000	1,530E-1
2033,820	67,212	68,000	1,530E-1
2036,135	67,202	68,000	3,200E-1
2036,135	67,202	68,000	3,200E-1
2038,452	67,251	68,000	3,200E-1
2038,452	67,251	68,000	3,200E-1
2038,452	67,251	68,000	1,260E-1
2040,768	67,220	68,000	1,260E-1
2040,768	67,220	68,000	3,200E-1
2043,083	67,206	68,000	3,200E-1
2043,083	67,206	68,000	3,200E-1
2045,396	67,176	68,000	3,200E-1
2045,396	67,176	68,000	3,200E-1
2045,396	67,176	68,000	3,200E-1
2047,709	67,199	68,000	3,200E-1
2047,709	67,199	68,000	3,200E-1
2050,024	67,229	68,000	2,872E-1
2050,024	67,229	68,000	2,872E-1
2052,338	67,229	68,000	3,200E-1
2052,338	67,229	68,000	3,200E-1
2052,338	67,229	68,000	3,200E-1
2054,653	67,175	68,000	3,200E-1
2054,653	67,175	68,000	3,200E-1
2056,970	67,172	68,000	3,200E-1
2056,970	67,172	68,000	3,200E-1
2059,282	67,160	68,000	3,200E-1
2059,282	67,160	68,000	3,200E-1
2061,525	67,150	68,000	3,200E-1
2061,525	67,150	68,000	3,200E-1
2061,525	67,150	68,000	3,200E-1
2063,766	67,111	68,000	3,200E-1
2063,766	67,111	68,000	3,200E-1
2065,931	67,133	68,000	3,200E-1
2065,931	67,133	68,000	3,200E-1
2068,096	67,187	68,000	1,028E-1
2068,096	67,187	68,000	1,028E-1
2070,265	67,177	68,000	3,200E-1
2070,265	67,177	68,000	3,200E-1
2072,430	67,212	68,000	3,200E-1
2072,430	67,212	68,000	3,200E-1
2074,597	67,217	68,000	2,512E-1
2074,597	67,217	68,000	2,512E-1
2074,597	67,217	68,000	3,200E-1
2076,766	67,234	68,000	3,200E-1
2076,766	67,234	68,000	3,200E-1
2078,933	67,207	68,000	3,200E-1
2078,933	67,207	68,000	3,200E-1
2081,098	67,197	68,000	3,200E-1
2081,098	67,197	68,000	3,200E-1
2083,265	67,217	68,000	3,200E-1
2083,265	67,217	68,000	3,200E-1
2085,426	67,195	68,000	3,200E-1
2085,426	67,195	68,000	3,200E-1
2087,593	67,175	68,000	3,200E-1
2087,593	67,175	68,000	3,200E-1
2087,593	67,175	68,000	3,200E-1
2089,758	67,138	68,000	3,200E-1
2089,758	67,138	68,000	3,200E-1
2091,923	67,143	68,000	3,200E-1
2091,923	67,143	68,000	3,200E-1
2094,090	67,148	68,000	3,200E-1
2094,090	67,148	68,000	3,200E-1
2096,256	67,141	68,000	3,200E-1
2096,256	67,141	68,000	3,200E-1
2098,425	67,148	68,000	3,200E-1
2098,425	67,148	68,000	3,200E-1
2100,590	67,128	68,000	3,200E-1
2100,590	67,128	68,000	3,200E-1
2100,590	67,128	68,000	3,200E-1
2102,755	67,175	68,000	3,200E-1
2102,755	67,175	68,000	1,631E-1
2104,922	67,207	68,000	1,631E-1
2104,922	67,207	68,000	1,202E-1
2107,089	67,217	68,000	1,202E-1
2107,089	67,217	68,000	2,545E-1
2109,258	67,190	68,000	2,545E-1
2109,258	67,190	68,000	3,200E-1
2111,425	67,175	68,000	3,200E-1
2111,425	67,175	68,000	3,200E-1
2113,592	67,170	68,000	3,200E-1
2113,592	67,170	68,000	3,200E-1
2113,592	67,170	68,000	3,200E-1
2115,759	67,148	68,000	3,200E-1
2115,759	67,148	68,000	3,200E-1
2117,924	67,181	68,000	2,762E-1
2117,924	67,181	68,000	2,762E-1
2120,093	67,131	68,000	3,200E-1
2120,093	67,131	68,000	3,200E-1
2122,258	67,183	68,000	3,200E-1
2122,258	67,183	68,000	3,200E-1
2124,425	67,143	68,000	1,202E-1
2124,425	67,143	68,000	1,202E-1
2126,590	67,116	68,000	3,200E-1
2126,590	67,116	68,000	3,200E-1
2126,590	67,116	68,000	3,200E-1
2128,759	67,099	68,000	3,200E-1
2128,759	67,099	68,000	3,200E-1
2130,927	67,119	68,000	3,200E-1
2130,927	67,119	68,000	3,200E-1
2133,095	67,128	68,000	3,200E-1
2133,095	67,128	68,000	3,200E-1
2135,260	67,148	68,000	3,200E-1
2135,260	67,148	68,000	3,200E-1
2137,427	67,143	68,000	3,200E-1
2137,427	67,143	68,000	3,200E-1
2139,594	67,163	68,000	3,200E-1
2139,594	67,163	68,000	3,200E-1
2139,594	67,163	68,000	3,200E-1
2141,761	67,177	68,000	3,200E-1
2141,761	67,177	68,000	3,200E-1
2143,928	67,155	68,000	3,200E-1
2143,928	67,155	68,000	3,200E-1
2146,098	67,146	68,000	3,200E-1
2146,098	67,146	68,000	3,200E-1
2148,263	67,163	68,000	3,200E-1
2148,263	67,163	68,000	3,200E-1
2150,430	67,150	68,000	3,200E-1
2150,430	67,150	68,000	3,200E-1
2152,595	67,143	68,000	3,200E-1
2152,595	67,143	68,000	3,200E-1
2152,595	67,143	68,000	3,200E-1
2154,764	67,153	68,000	3,200E-1
2154,764	67,153	68,000	3,200E-1
2156,933	67,111	68,000	3,200E-1
2156,933	67,111	68,000	3,200E-1
2159,100	67,099	68,000	3,200E-1
2159,100	67,099	68,000	3,200E-1
2161,269	67,138	68,000	3,200E-1
2161,269	67,138	68,000	2,390E-1
2163,510	67,141	68,000	2,390E-1
2163,510	67,141	68,000	3,200E-1
2163,510	67,141	68,000	3,200E-1
2165,749	67,104	68,000	3,200E-1
2165,749	67,104	68,000	3,200E-1
2167,993	67,089	68,000	3,200E-1
2167,993	67,089	68,000	3,200E-1
2170,232	67,094	68,000	3,200E-1
2170,232	67,094	68,000	3,200E-1
2172,473	67,065	68,000	3,200E-1
2172,473	67,065	68,000	3,200E-1
2172,473	67,065	68,000	3,200E-1
2174,714	67,128	68,000	3,200E-1
2174,714	67,128	68,000	4,551E-2
2176,955	67,097	68,000	4,551E-2
2176,955	67,097	68,000	3,200E-1
2179,194	67,120	68,000	3,200E-1
2179,194	67,120	68,000	3,200E-1
2181,433	67,150	68,000	3,200E-1
2181,433	67,150	68,000	3,091E-1
2183,675	67,153	68,000	3,091E-1
2183,675	67,153	68,000	3,200E-1
2183,675	67,153	68,000	3,200E-1
2185,914	67,148	68,000	3,200E-1
2185,914	67,148	68,000	3,200E-1
2188,157	67,138	68,000	3,200E-1
2188,157	67,138	68,000	3,200E-1
2190,398	67,111	68,000	3,200E-1
2190,398	67,111	68,000	3,200E-1
2192,637	67,106	68,000	3,200E-1
2192,637	67,106	68,000	3,200E-1
2192,637	67,106	68,000	3,200E-1
2194,878	67,060	68,000	3,200E-1
2194,878	67,060	68,000	3,200E-1
2197,120	67,089	68,000	3,200E-1
2197,120	67,089	68,000	3,200E-1
2199,363	67,058	68,000	3,200E-1
2199,363	67,058	68,000	3,200E-1
2201,602	67,114	68,000	3,200E-1
2201,602	67,114	68,000	1,066E-1
2201,602	67,114	68,000	1,066E-1
2203,843	67,113	68,000	3,200E-1
2203,843	67,113	68,000	3,200E-1
2206,084	67,119	68,000	3,200E-1
2206,084	67,119	68,000	3,200E-1
2208,325	67,111	68,000	3,200E-1
2208,325	67,111	68,000	3,200E-1
2210,566	67,072	68,000	3,200E-1
2210,566	67,072	68,000	3,200E-1
2210,566	67,072	68,000	3,200E-1
2212,809	67,107	68,000	3,200E-1
2212,809	67,107	68,000	2,801E-1
2215,051	67,058	68,000	2,801E-1
2215,051	67,058	68,000	3,200E-1
2217,288	67,072	68,000	3,200E-1
2217,288	67,072	68,000	3,200E-1
2219,529	67,055	68,000	3,200E-1
2219,529	67,055	68,000	3,200E-1
2219,529	67,055	68,000	3,200E-1
2221,770	67,052	68,000	3,200E-1
2221,770	67,052	68,000	3,200E-1
2224,011	67,087	68,000	2,856E-1
2224,011	67,087	68,000	2,856E-1
2226,256	67,045	68,000	3,200E-1
2226,256	67,045	68,000	3,200E-1
2228,494	66,991	68,000	3,200E-1
2228,494	66,991	68,000	3,200E-1
2228,494	66,991	68,000	3,200E-1
2230,733	66,993	68,000	3,200E-1
2230,733	66,993	68,000	3,200E-1
2232,976	66,942	68,000	3,200E-1
2232,976	66,942	68,000	3,200E-1
2235,219	66,969	68,000	3,200E-1
2235,219	66,969	68,000	3,200E-1
2237,460	67,011	68,000	3,200E-1
2237,460	67,011	68,000	2,494E-1
2237,460	67,011	68,000	2,494E-1
2239,701	66,939	68,000	3,200E-1
2239,701	66,939	68,000	3,200E-1
2241,942	67,052	68,000	0,000E+0
2241,942	67,052	68,000	0,000E+0
2244,182	67,060	68,000	2,614E-1
2244,182	67,060	68,000	2,614E-1
2246,423	67,045	68,000	3,200E-1
2246,423	67,045	68,000	3,200E-1
2248,660	67,019	68,000	3,200E-1
2248,660	67,019	68,000	3,200E-1
2248,660	67,019	68,000	3,200E-1
2250,901	67,030	68,000	3,200E-1
2250,901	67,030	68,000	3,200E-1
2253,142	67,011	68,000	3,200E-1
2253,142	67,011	68,000	3,200E-1
2255,388	66,988	68,000	3,200E-1
2255,388	66,988	68,000	3,200E-1
2257,624	66,944	68,000	3,200E-1
2257,624	66,944	68,000	3,200E-1
2257,624	66,944	68,000	3,200E-1
2259,864	67,035	68,000	0,000E+0
2259,864	67,035	68,000	0,000E+0
2262,105	67,070	68,000	0,000E+0
2262,105	67,070	68,000	0,000E+0
2264,346	67,062	68,000	2,566E-1
2264,346	67,062	68,000	2,566E-1
2266,587	67,043	68,000	3,200E-1
2266,587	67,043	68,000	3,200E-1
2266,587	67,043	68,000	3,200E-1
2268,828	67,035	68,000	3,200E-1
2268,828	67,035	68,000	3,200E-1
2271,069	67,023	68,000	3,200E-1
2271,069	67,023	68,000	3,200E-1
2273,308	67,020	68,000	3,200E-1
2273,308	67,020	68,000	3,200E-1
2275,551	66,981	68,000	3,200E-1
2275,551	66,981	68,000	3,200E-1
2275,551	66,981	68,000	3,200E-1
2277,793	66,997	68,000	3,200E-1
2277,793	66,997	68,000	3,200E-1
2280,032	66,958	68,000	3,200E-1
2280,032	66,958	68,000	3,200E-1
2282,273	67,003	68,000	3,200E-1
2282,273	67,003	68,000	3,200E-1
2284,514	67,002	68,000	2,270E-1
2284,514	67,002	68,000	2,270E-1
